,Unnamed: 0,seed,dataset,level,acc,disparity
0,0,0,Lawschool,0.0,0.7917586968525676,0.0012900279323461
0,0,0,Lawschool,0.008,0.7920347874102706,0.0071558182167607
0,0,0,Lawschool,0.016,0.7925869685256764,0.0205624332324944
0,0,0,Lawschool,0.024,0.7927595251242407,0.0232733635921497
0,0,0,Lawschool,0.032,0.7922418553285477,0.0335606966837808
0,0,0,Lawschool,0.04,0.7927250138045279,0.0418443688569947
0,0,0,Lawschool,0.048,0.7934152401987852,0.0470886288250599
0,0,0,Lawschool,0.056,0.7931736609607951,0.0542121713352628
0,0,0,Lawschool,0.064,0.7940364439536168,0.0600602087758538
0,0,0,Lawschool,0.072,0.7939674213141911,0.0722860246600378
0,0,1,Lawschool,0.0,0.785753727222529,0.0099650686777442
0,0,1,Lawschool,0.008,0.7864439536167863,0.0136970202470787
0,0,1,Lawschool,0.016,0.7866165102153506,0.021205163531715
0,0,1,Lawschool,0.024,0.7867890668139149,0.0264152393653271
0,0,1,Lawschool,0.032,0.787272225289895,0.0333081832459759
0,0,1,Lawschool,0.04,0.7877208724461623,0.0410304604537625
0,0,1,Lawschool,0.048,0.7884456101601325,0.0507620340941476
0,0,1,Lawschool,0.056,0.7878934290447267,0.0505310560016356
0,0,1,Lawschool,0.064,0.7883765875207068,0.0590270033332094
0,0,1,Lawschool,0.072,0.7882385422418553,0.0697736801915666
0,0,2,Lawschool,0.0,0.7860643290999448,0.0138456990261198
0,0,2,Lawschool,0.008,0.7869961347321922,0.0001614962115289
0,0,2,Lawschool,0.016,0.7869616234124793,0.0020590509434045
0,0,2,Lawschool,0.024,0.7873757592490337,0.0098337746417837
0,0,2,Lawschool,0.032,0.7884110988404197,0.0216885091540041
0,0,2,Lawschool,0.04,0.7886526780784097,0.0307472340812113
0,0,2,Lawschool,0.048,0.7889632799558255,0.0341344006363911
0,0,2,Lawschool,0.056,0.7885491441192711,0.0435763571461176
0,0,2,Lawschool,0.064,0.7887907233572612,0.0508431776528073
0,0,2,Lawschool,0.072,0.788342076200994,0.0638156845816286
0,0,3,Lawschool,0.0,0.7864784649364992,0.0118182177924681
0,0,3,Lawschool,0.008,0.7872032026504694,0.0243277745802719
0,0,3,Lawschool,0.016,0.7866165102153506,0.021603314229515
0,0,3,Lawschool,0.024,0.7872377139701823,0.0292515866399379
0,0,3,Lawschool,0.032,0.7876173384870238,0.0369284143302856
0,0,3,Lawschool,0.04,0.7875138045278851,0.0487973903170563
0,0,3,Lawschool,0.048,0.7874447818884595,0.0527125123163622
0,0,3,Lawschool,0.056,0.7877553837658752,0.0615771959259255
0,0,3,Lawschool,0.064,0.7878589177250138,0.0648421539188131
0,0,3,Lawschool,0.072,0.787548315847598,0.077779347582665
0,0,4,Lawschool,0.0,0.7869961347321922,0.0005076343302885
0,0,4,Lawschool,0.008,0.7878934290447267,0.0078138315759199
0,0,4,Lawschool,0.016,0.7881004969630039,0.0131669135163376
0,0,4,Lawschool,0.024,0.7882730535615682,0.0204613622512115
0,0,4,Lawschool,0.032,0.7894809497515185,0.0313205734761759
0,0,4,Lawschool,0.04,0.7887217007178354,0.035544263586201
0,0,4,Lawschool,0.048,0.7890668139149641,0.0433445804159463
0,0,4,Lawschool,0.056,0.7894119271120927,0.0469094403535082
0,0,4,Lawschool,0.064,0.7897225289895086,0.0516272561381142
0,0,4,Lawschool,0.072,0.7896535063500828,0.0646866180984815
0,0,5,Lawschool,0.0,0.7850980121479846,0.0109076991818108
0,0,5,Lawschool,0.008,0.7848219215902816,0.0178341549407539
0,0,5,Lawschool,0.016,0.7854431253451132,0.027964025070624
0,0,5,Lawschool,0.024,0.7859607951408062,0.0382201028901536
0,0,5,Lawschool,0.032,0.7861678630590834,0.0391526578328608
0,0,5,Lawschool,0.04,0.7872032026504694,0.0508942458181036
0,0,5,Lawschool,0.048,0.787030646051905,0.053532447999453
0,0,5,Lawschool,0.056,0.7873067366096079,0.0579381682427367
0,0,5,Lawschool,0.064,0.7866855328547764,0.068312982373896
0,0,5,Lawschool,0.072,0.7869271120927664,0.0755845132494878
0,0,6,Lawschool,0.0,0.7845458310325787,0.0096361113246087
0,0,6,Lawschool,0.008,0.7847874102705688,0.0027265697027007
0,0,6,Lawschool,0.016,0.7853050800662618,0.0117564528609882
0,0,6,Lawschool,0.024,0.7858227498619548,0.0170667896413275
0,0,6,Lawschool,0.032,0.7861678630590834,0.0287547249261551
0,0,6,Lawschool,0.04,0.7869616234124793,0.0396015684126081
0,0,6,Lawschool,0.048,0.7866855328547764,0.0471912225621591
0,0,6,Lawschool,0.056,0.7867545554942021,0.053529687246345
0,0,6,Lawschool,0.064,0.7865129762562121,0.0667846145197279
0,0,6,Lawschool,0.072,0.7866165102153506,0.071091726736413
0,0,7,Lawschool,0.0,0.7886526780784097,0.003051648437082
0,0,7,Lawschool,0.008,0.7889977912755384,0.0125359329553479
0,0,7,Lawschool,0.016,0.7889287686361126,0.0166242888481529
0,0,7,Lawschool,0.024,0.7906198233020431,0.0269560326240829
0,0,7,Lawschool,0.032,0.7905508006626173,0.0394122907527497
0,0,7,Lawschool,0.04,0.7904817780231916,0.0435847825827417
0,0,7,Lawschool,0.048,0.7910339591385974,0.049977292947525
0,0,7,Lawschool,0.056,0.7914480949751519,0.0600070225769762
0,0,7,Lawschool,0.064,0.791689674213142,0.064955644452843
0,0,7,Lawschool,0.072,0.7917241855328547,0.0728379411536794
0,0,8,Lawschool,0.0,0.7887562120375483,0.0001165562314395
0,0,8,Lawschool,0.008,0.7892393705135284,0.0066509986644646
0,0,8,Lawschool,0.016,0.7896535063500828,0.0090006719747517
0,0,8,Lawschool,0.024,0.79010215350635,0.014945427471054
0,0,8,Lawschool,0.032,0.790378244064053,0.0267629002793503
0,0,8,Lawschool,0.04,0.7906888459414688,0.0322832653353329
0,0,8,Lawschool,0.048,0.7902747101049145,0.044461207719433
0,0,8,Lawschool,0.056,0.7902747101049145,0.0522895630427976
0,0,8,Lawschool,0.064,0.7907233572611817,0.0564018154228215
0,0,8,Lawschool,0.072,0.790378244064053,0.0694440948645964
0,0,9,Lawschool,0.0,0.7877553837658752,0.0005809733075877
0,0,9,Lawschool,0.008,0.7891358365543898,0.0111627478164209
0,0,9,Lawschool,0.016,0.788583655438984,0.0125517941757102
0,0,9,Lawschool,0.024,0.7899641082274986,0.0238000482921681
0,0,9,Lawschool,0.032,0.7908268912203202,0.0376174958875388
0,0,9,Lawschool,0.04,0.7909304251794589,0.042718595349016
0,0,9,Lawschool,0.048,0.7907578685808946,0.04975376588276
0,0,9,Lawschool,0.056,0.7907233572611817,0.0554611249421834
0,0,9,Lawschool,0.064,0.790378244064053,0.05872854650692
0,0,9,Lawschool,0.072,0.7920347874102706,0.0681557597581099
0,0,10,Lawschool,0.0,0.7881695196024296,0.0014900585518083
0,0,10,Lawschool,0.008,0.7880314743235781,0.0094861847085541
0,0,10,Lawschool,0.016,0.7878589177250138,0.0168390520477683
0,0,10,Lawschool,0.024,0.7892738818332413,0.0284522779588747
0,0,10,Lawschool,0.032,0.7898260629486472,0.0403656977552565
0,0,10,Lawschool,0.04,0.7898260629486472,0.0486623074665142
0,0,10,Lawschool,0.048,0.7900676421866372,0.0536179687620695
0,0,10,Lawschool,0.056,0.7907923799006074,0.0611639489255202
0,0,10,Lawschool,0.064,0.7906198233020431,0.0703678026850407
0,0,10,Lawschool,0.072,0.7901366648260629,0.0759634398801155
0,0,11,Lawschool,0.0,0.787030646051905,0.0048749566000194
0,0,11,Lawschool,0.008,0.7873067366096079,0.0033728748125835
0,0,11,Lawschool,0.016,0.7876173384870238,0.0069891993435594
0,0,11,Lawschool,0.024,0.7881350082827168,0.0186867892204906
0,0,11,Lawschool,0.032,0.7881350082827168,0.0218294077266096
0,0,11,Lawschool,0.04,0.7888942573163997,0.0301335706973653
0,0,11,Lawschool,0.048,0.7902401987852016,0.0489511465199431
0,0,11,Lawschool,0.056,0.790378244064053,0.0528456620040331
0,0,11,Lawschool,0.064,0.7898260629486472,0.0540747318445097
0,0,11,Lawschool,0.072,0.7904472667034788,0.0700682678619626
0,0,12,Lawschool,0.0,0.785236057426836,0.0058311942080488
0,0,12,Lawschool,0.008,0.7856501932633904,0.0105357277937425
0,0,12,Lawschool,0.016,0.7862023743787963,0.0261104540239535
0,0,12,Lawschool,0.024,0.7864439536167863,0.0399969863437173
0,0,12,Lawschool,0.032,0.7864439536167863,0.0399969863437173
0,0,12,Lawschool,0.04,0.7863404196576477,0.0393713916110348
0,0,12,Lawschool,0.048,0.7863404196576477,0.0512067799252608
0,0,12,Lawschool,0.056,0.7866165102153506,0.059608615657195
0,0,12,Lawschool,0.064,0.7856501932633904,0.0693741733542031
0,0,12,Lawschool,0.072,0.7852015461071231,0.0778849839658187
0,0,13,Lawschool,0.0,0.7885146327995582,0.0165408692174598
0,0,13,Lawschool,0.008,0.7886871893981225,0.0157919499097734
0,0,13,Lawschool,0.016,0.7894464384318056,0.0296590573262705
0,0,13,Lawschool,0.024,0.78986057426836,0.0317118147316735
0,0,13,Lawschool,0.032,0.7904817780231916,0.0428139033439701
0,0,13,Lawschool,0.04,0.7907923799006074,0.0450238140535968
0,0,13,Lawschool,0.048,0.7905162893429045,0.0504041056613691
0,0,13,Lawschool,0.056,0.78986057426836,0.0610392166040602
0,0,13,Lawschool,0.064,0.7895844837106571,0.0668071306380579
0,0,13,Lawschool,0.072,0.7901711761457758,0.0780794406746887
0,0,14,Lawschool,0.0,0.7884801214798454,0.0028629265380136
0,0,14,Lawschool,0.008,0.7894464384318056,0.0105080834295185
0,0,14,Lawschool,0.016,0.7892738818332413,0.0179945623082337
0,0,14,Lawschool,0.024,0.7890668139149641,0.0205457873250619
0,0,14,Lawschool,0.032,0.7895154610712314,0.0232256705180474
0,0,14,Lawschool,0.04,0.7899641082274986,0.0371909737510382
0,0,14,Lawschool,0.048,0.7894464384318056,0.0513235095581873
0,0,14,Lawschool,0.056,0.7897225289895086,0.0496598475851395
0,0,14,Lawschool,0.064,0.7906888459414688,0.0638524351996829
0,0,14,Lawschool,0.072,0.7898950855880729,0.070151176936553
0,0,15,Lawschool,0.0,0.7884801214798454,0.0024413554875619
0,0,15,Lawschool,0.008,0.788583655438984,0.0015593737886459
0,0,15,Lawschool,0.016,0.7881695196024296,0.0145172632084211
0,0,15,Lawschool,0.024,0.7886181667586969,0.0177422427929385
0,0,15,Lawschool,0.032,0.7883765875207068,0.0305630789137146
0,0,15,Lawschool,0.04,0.7887217007178354,0.0346156439988143
0,0,15,Lawschool,0.048,0.7887907233572612,0.0405080179803107
0,0,15,Lawschool,0.056,0.7885491441192711,0.0535080813620267
0,0,15,Lawschool,0.064,0.7892393705135284,0.0615101196252594
0,0,15,Lawschool,0.072,0.7893429044726671,0.0725337555946924
0,0,16,Lawschool,0.0,0.7870651573716179,0.0023263071818251
0,0,16,Lawschool,0.008,0.7875138045278851,0.0039663060489839
0,0,16,Lawschool,0.016,0.7876863611264495,0.0085462202868045
0,0,16,Lawschool,0.024,0.7876173384870238,0.0121348621653491
0,0,16,Lawschool,0.032,0.7878244064053009,0.0230902645089152
0,0,16,Lawschool,0.04,0.7873067366096079,0.0325006121343331
0,0,16,Lawschool,0.048,0.7874447818884595,0.0382480198173848
0,0,16,Lawschool,0.056,0.7879279403644396,0.0508222180857418
0,0,16,Lawschool,0.064,0.7884110988404197,0.0565019555159606
0,0,16,Lawschool,0.072,0.788342076200994,0.0690214607248722
0,0,17,Lawschool,0.0,0.7889977912755384,0.0038232073221372
0,0,17,Lawschool,0.008,0.7892393705135284,0.0010740300166412
0,0,17,Lawschool,0.016,0.7899986195472115,0.0149960270255925
0,0,17,Lawschool,0.024,0.7901366648260629,0.0205703872127984
0,0,17,Lawschool,0.032,0.7906888459414688,0.0347120100908866
0,0,17,Lawschool,0.04,0.7911029817780232,0.0391408228193912
0,0,17,Lawschool,0.048,0.791172004417449,0.0442590519811795
0,0,17,Lawschool,0.056,0.7914826062948647,0.0519072228518619
0,0,17,Lawschool,0.064,0.7923453892876864,0.0604041389182894
0,0,17,Lawschool,0.072,0.7918277194919934,0.0690554077723555
0,0,18,Lawschool,0.0,0.7856501932633904,0.0032210199321327
0,0,18,Lawschool,0.008,0.7861678630590834,0.0157273592250476
0,0,18,Lawschool,0.016,0.7865129762562121,0.0186186196083053
0,0,18,Lawschool,0.024,0.7864784649364992,0.0331472321135008
0,0,18,Lawschool,0.032,0.7860643290999448,0.0339836504401446
0,0,18,Lawschool,0.04,0.786271397018222,0.0430690979050478
0,0,18,Lawschool,0.048,0.7865129762562121,0.0477733572895277
0,0,18,Lawschool,0.056,0.7866165102153506,0.0535219521765293
0,0,18,Lawschool,0.064,0.7872377139701823,0.0653098382724244
0,0,18,Lawschool,0.072,0.7869961347321922,0.0749558381979813
0,0,19,Lawschool,0.0,0.7896189950303699,0.0005225450252807
0,0,19,Lawschool,0.008,0.7894464384318056,0.0016398858686026
0,0,19,Lawschool,0.016,0.7902747101049145,0.012703297648021
0,0,19,Lawschool,0.024,0.7904817780231916,0.0215288111793639
0,0,19,Lawschool,0.032,0.7907233572611817,0.028519203310368
0,0,19,Lawschool,0.04,0.7903092214246272,0.0350042297782824
0,0,19,Lawschool,0.048,0.7905162893429045,0.0429933886016564
0,0,19,Lawschool,0.056,0.7899641082274986,0.0543151974827385
0,0,19,Lawschool,0.064,0.7905853119823302,0.0574686460800886
0,0,19,Lawschool,0.072,0.7906198233020431,0.0700593153422279
0,0,20,Lawschool,0.0,0.7866855328547764,0.0023305725465784
0,0,20,Lawschool,0.008,0.7865129762562121,0.0028972060404006
0,0,20,Lawschool,0.016,0.7867200441744893,0.0100472022079636
0,0,20,Lawschool,0.024,0.7870651573716179,0.0167703432431669
0,0,20,Lawschool,0.032,0.787030646051905,0.029061428387483
0,0,20,Lawschool,0.04,0.7872377139701823,0.0393491085195217
0,0,20,Lawschool,0.048,0.7871686913307565,0.0439104630002641
0,0,20,Lawschool,0.056,0.7871686913307565,0.0533901227642074
0,0,20,Lawschool,0.064,0.7874792932081722,0.0574777021033646
0,0,20,Lawschool,0.072,0.787789895085588,0.0677616676589271
0,0,21,Lawschool,0.0,0.7877208724461623,0.0122028942619611
0,0,21,Lawschool,0.008,0.7879624516841524,0.0236907101455711
0,0,21,Lawschool,0.016,0.7888252346769741,0.0289039213957552
0,0,21,Lawschool,0.024,0.7894119271120927,0.0337203057732755
0,0,21,Lawschool,0.032,0.789101325234677,0.038871410275548
0,0,21,Lawschool,0.04,0.7895154610712314,0.050713866628299
0,0,21,Lawschool,0.048,0.7895499723909443,0.0576332997373504
0,0,21,Lawschool,0.056,0.7897570403092214,0.0606838227624609
0,0,21,Lawschool,0.064,0.7895844837106571,0.0737043019217335
0,0,21,Lawschool,0.072,0.7889632799558255,0.0809659784582684
0,0,22,Lawschool,0.0,0.7879969630038652,0.0031775776265905
0,0,22,Lawschool,0.008,0.7879969630038652,0.0018033006415482
0,0,22,Lawschool,0.016,0.7889977912755384,0.0139937678313647
0,0,22,Lawschool,0.024,0.7892048591938156,0.0216186681930929
0,0,22,Lawschool,0.032,0.7893774157923799,0.03068025913181
0,0,22,Lawschool,0.04,0.7897225289895086,0.0320281914826423
0,0,22,Lawschool,0.048,0.7906888459414688,0.0449443386163323
0,0,22,Lawschool,0.056,0.7902056874654887,0.0492270165904873
0,0,22,Lawschool,0.064,0.7905853119823302,0.0556996306284729
0,0,22,Lawschool,0.072,0.7903437327443401,0.0605624979420171
0,0,23,Lawschool,0.0,0.7877553837658752,0.0086688530912339
0,0,23,Lawschool,0.008,0.7877553837658752,0.0152075516136501
0,0,23,Lawschool,0.016,0.7879624516841524,0.0218900965396174
0,0,23,Lawschool,0.024,0.7881695196024296,0.0276850910504749
0,0,23,Lawschool,0.032,0.7888252346769741,0.0378215863236781
0,0,23,Lawschool,0.04,0.7890668139149641,0.0485334672110863
0,0,23,Lawschool,0.048,0.7889977912755384,0.0532997626977978
0,0,23,Lawschool,0.056,0.7895154610712314,0.0605781185399998
0,0,23,Lawschool,0.064,0.7894809497515185,0.0638447700066927
0,0,23,Lawschool,0.072,0.7896189950303699,0.0737030147535967
0,0,24,Lawschool,0.0,0.7850980121479846,0.0065129056869696
0,0,24,Lawschool,0.008,0.785753727222529,0.0036585874508975
0,0,24,Lawschool,0.016,0.7861333517393705,0.0114617722429747
0,0,24,Lawschool,0.024,0.7864094422970734,0.0206390202608491
0,0,24,Lawschool,0.032,0.7866510215350635,0.0301660940273827
0,0,24,Lawschool,0.04,0.7868580894533407,0.0347199730908693
0,0,24,Lawschool,0.048,0.7871341800110436,0.0461712920705635
0,0,24,Lawschool,0.056,0.7872032026504694,0.0495295852238115
0,0,24,Lawschool,0.064,0.7870996686913307,0.0541477093141231
0,0,24,Lawschool,0.072,0.7876518498067366,0.0646271543727407
0,0,25,Lawschool,0.0,0.7854776366648261,0.0244171514732644
0,0,25,Lawschool,0.008,0.7854776366648261,0.0244171514732644
0,0,25,Lawschool,0.016,0.7856156819436775,0.0268531023625601
0,0,25,Lawschool,0.024,0.7856501932633904,0.0366332840668995
0,0,25,Lawschool,0.032,0.7864439536167863,0.0455510103602483
0,0,25,Lawschool,0.04,0.7861678630590834,0.0519029432969193
0,0,25,Lawschool,0.048,0.7865129762562121,0.0618937069972425
0,0,25,Lawschool,0.056,0.7868580894533407,0.0672317691792471
0,0,25,Lawschool,0.064,0.7865819988956377,0.0742057895999612
0,0,25,Lawschool,0.072,0.7867890668139149,0.084947037802471
0,0,26,Lawschool,0.0,0.7845458310325787,0.004645829265984
0,0,26,Lawschool,0.008,0.7855466593042518,0.0194069144953664
0,0,26,Lawschool,0.016,0.7855811706239647,0.019831142635833
0,0,26,Lawschool,0.024,0.7859262838210933,0.0299566081584824
0,0,26,Lawschool,0.032,0.7859953064605191,0.0387810199252515
0,0,26,Lawschool,0.04,0.7859953064605191,0.047706203260785
0,0,26,Lawschool,0.048,0.7862368856985091,0.0595003577749028
0,0,26,Lawschool,0.056,0.7862023743787963,0.0642738460092967
0,0,26,Lawschool,0.064,0.7861333517393705,0.0758636453538017
0,0,26,Lawschool,0.072,0.7867200441744893,0.0771680941980945
0,0,27,Lawschool,0.0,0.7843042517945886,0.0024402720999354
0,0,27,Lawschool,0.008,0.7850289895085588,0.0075442363755609
0,0,27,Lawschool,0.016,0.7854431253451132,0.0128086948127036
0,0,27,Lawschool,0.024,0.7862023743787963,0.0195410692760713
0,0,27,Lawschool,0.032,0.787030646051905,0.0273513318151517
0,0,27,Lawschool,0.04,0.7873757592490337,0.0351386219848405
0,0,27,Lawschool,0.048,0.7872377139701823,0.0395973199711003
0,0,27,Lawschool,0.056,0.7877208724461623,0.0558838477307308
0,0,27,Lawschool,0.064,0.7876173384870238,0.0566205379243097
0,0,27,Lawschool,0.072,0.7874792932081722,0.0705699364595902
0,0,28,Lawschool,0.0,0.7876863611264495,0.0036928249809122
0,0,28,Lawschool,0.008,0.7878244064053009,0.0089877619884104
0,0,28,Lawschool,0.016,0.7892048591938156,0.0226057416395722
0,0,28,Lawschool,0.024,0.7895844837106571,0.0322033299496145
0,0,28,Lawschool,0.032,0.7893774157923799,0.0336030502359287
0,0,28,Lawschool,0.04,0.7897570403092214,0.0440097788931334
0,0,28,Lawschool,0.048,0.7894464384318056,0.0530703334060344
0,0,28,Lawschool,0.056,0.7893774157923799,0.0616785613637477
0,0,28,Lawschool,0.064,0.7900331308669244,0.0645134657424722
0,0,28,Lawschool,0.072,0.7897225289895086,0.0749549329621012
0,0,29,Lawschool,0.0,0.7859953064605191,0.0080758835889701
0,0,29,Lawschool,0.008,0.7861678630590834,0.0146568633771613
0,0,29,Lawschool,0.016,0.7867200441744893,0.0220669485016379
0,0,29,Lawschool,0.024,0.7876518498067366,0.0315339735082199
0,0,29,Lawschool,0.032,0.7877208724461623,0.0396643353966013
0,0,29,Lawschool,0.04,0.7881004969630039,0.04595162252635
0,0,29,Lawschool,0.048,0.7881695196024296,0.0497805398161778
0,0,29,Lawschool,0.056,0.7894809497515185,0.0628599162408339
0,0,29,Lawschool,0.064,0.7899295969077857,0.0678143871421458
0,0,29,Lawschool,0.072,0.7900331308669244,0.0767306667803053
0,0,30,Lawschool,0.0,0.787030646051905,0.0008584675217506
0,0,30,Lawschool,0.008,0.7874102705687466,0.0097360574822823
0,0,30,Lawschool,0.016,0.788065985643291,0.0181452943107373
0,0,30,Lawschool,0.024,0.7881695196024296,0.0216251204876936
0,0,30,Lawschool,0.032,0.7882730535615682,0.0226775871045719
0,0,30,Lawschool,0.04,0.7884801214798454,0.0380476708178434
0,0,30,Lawschool,0.048,0.7892048591938156,0.0506933569741307
0,0,30,Lawschool,0.056,0.7883075648812811,0.0549003007822752
0,0,30,Lawschool,0.064,0.7884110988404197,0.0595446308731241
0,0,30,Lawschool,0.072,0.7889632799558255,0.0695988216468039
0,0,31,Lawschool,0.0,0.7874792932081722,0.0040854796087749
0,0,31,Lawschool,0.008,0.7878934290447267,0.0100140096218793
0,0,31,Lawschool,0.016,0.7875138045278851,0.010686917778519
0,0,31,Lawschool,0.024,0.7883765875207068,0.0205662233438954
0,0,31,Lawschool,0.032,0.7884801214798454,0.020817601016512
0,0,31,Lawschool,0.04,0.7883765875207068,0.0364899082897861
0,0,31,Lawschool,0.048,0.7882385422418553,0.0377981849231421
0,0,31,Lawschool,0.056,0.7884110988404197,0.0510340372714233
0,0,31,Lawschool,0.064,0.7885491441192711,0.057518571520269
0,0,31,Lawschool,0.072,0.7894119271120927,0.0618485499613775
0,0,32,Lawschool,0.0,0.7855466593042518,0.0053360398163974
0,0,32,Lawschool,0.008,0.7861678630590834,0.0167460553668679
0,0,32,Lawschool,0.016,0.7868580894533407,0.0237056195511945
0,0,32,Lawschool,0.024,0.7868235781336278,0.0303872022176464
0,0,32,Lawschool,0.032,0.7873412479293208,0.0339682753267492
0,0,32,Lawschool,0.04,0.7868235781336278,0.0448868237165933
0,0,32,Lawschool,0.048,0.7882730535615682,0.0493608975516817
0,0,32,Lawschool,0.056,0.7879624516841524,0.0605383491692923
0,0,32,Lawschool,0.064,0.7876863611264495,0.0640185850742555
0,0,32,Lawschool,0.072,0.7881004969630039,0.0720146818969227
0,0,33,Lawschool,0.0,0.7935532854776367,0.0124657023941436
0,0,33,Lawschool,0.008,0.7933462175593595,0.0166538859335092
0,0,33,Lawschool,0.016,0.7944850911098841,0.0239809663890465
0,0,33,Lawschool,0.024,0.794243511871894,0.0259225783494258
0,0,33,Lawschool,0.032,0.7948992269464384,0.0346842428234569
0,0,33,Lawschool,0.04,0.7951062948647156,0.0402359887178824
0,0,33,Lawschool,0.048,0.795244340143567,0.04462371974988
0,0,33,Lawschool,0.056,0.7959345665378245,0.0582914199571117
0,0,33,Lawschool,0.064,0.79576200993926,0.0634454713277434
0,0,33,Lawschool,0.072,0.796038100496963,0.0704081273528513
0,0,34,Lawschool,0.0,0.7864784649364992,0.0155136836300199
0,0,34,Lawschool,0.008,0.7868235781336278,0.0219991602717549
0,0,34,Lawschool,0.016,0.7870996686913307,0.0309641427061477
0,0,34,Lawschool,0.024,0.7869616234124793,0.0361321414703762
0,0,34,Lawschool,0.032,0.7873757592490337,0.0416242134703122
0,0,34,Lawschool,0.04,0.7880314743235781,0.0549117971299342
0,0,34,Lawschool,0.048,0.7881004969630039,0.0604327843640357
0,0,34,Lawschool,0.056,0.788583655438984,0.0644373241291886
0,0,34,Lawschool,0.064,0.7888942573163997,0.0728844193080057
0,0,34,Lawschool,0.072,0.7887217007178354,0.0771357354297171
0,0,35,Lawschool,0.0,0.7931046383213695,0.0025058687389172
0,0,35,Lawschool,0.008,0.7933807288790723,0.0121058097002529
0,0,35,Lawschool,0.016,0.7934152401987852,0.0208075247905575
0,0,35,Lawschool,0.024,0.7937603533959139,0.0326786460254528
0,0,35,Lawschool,0.032,0.7933117062396466,0.0417945114813218
0,0,35,Lawschool,0.04,0.7943125345113197,0.04474181397518
0,0,35,Lawschool,0.048,0.7944160684704583,0.0503349821069594
0,0,35,Lawschool,0.056,0.7944505797901712,0.0600048482081973
0,0,35,Lawschool,0.064,0.7943470458310325,0.0617825449109881
0,0,35,Lawschool,0.072,0.7948302043070127,0.0786470029141787
0,0,36,Lawschool,0.0,0.7863404196576477,0.0119716656255934
0,0,36,Lawschool,0.008,0.787030646051905,4.229699139629561e-05
0,0,36,Lawschool,0.016,0.7869961347321922,0.0061544113638125
0,0,36,Lawschool,0.024,0.7871341800110436,0.0180704573507911
0,0,36,Lawschool,0.032,0.787272225289895,0.025354180283462
0,0,36,Lawschool,0.04,0.7879969630038652,0.0415970817803217
0,0,36,Lawschool,0.048,0.7878244064053009,0.0469183329207415
0,0,36,Lawschool,0.056,0.7880314743235781,0.0497253809003971
0,0,36,Lawschool,0.064,0.7894119271120927,0.0624129336645362
0,0,36,Lawschool,0.072,0.7886181667586969,0.0699027352625636
0,0,37,Lawschool,0.0,0.7885491441192711,0.0027947209071925
0,0,37,Lawschool,0.008,0.7881350082827168,0.0079587624390146
0,0,37,Lawschool,0.016,0.7884801214798454,0.0142119319267892
0,0,37,Lawschool,0.024,0.7879624516841524,0.0295047428501481
0,0,37,Lawschool,0.032,0.789101325234677,0.0362277774059314
0,0,37,Lawschool,0.04,0.7888942573163997,0.0421398210675287
0,0,37,Lawschool,0.048,0.78986057426836,0.0510925469325388
0,0,37,Lawschool,0.056,0.7896880176697957,0.0593665064511324
0,0,37,Lawschool,0.064,0.7901366648260629,0.0686017832947718
0,0,37,Lawschool,0.072,0.7903437327443401,0.0750442929321251
0,0,38,Lawschool,0.0,0.7860988404196576,0.0120884666135335
0,0,38,Lawschool,0.008,0.7855466593042518,0.0145834280216375
0,0,38,Lawschool,0.016,0.7864784649364992,0.0245037460373324
0,0,38,Lawschool,0.024,0.7865474875759249,0.0298080562910439
0,0,38,Lawschool,0.032,0.7874447818884595,0.0434331637741621
0,0,38,Lawschool,0.04,0.7874102705687466,0.0466290109449436
0,0,38,Lawschool,0.048,0.7878934290447267,0.0540507844782778
0,0,38,Lawschool,0.056,0.7884456101601325,0.0610648648912578
0,0,38,Lawschool,0.064,0.7881004969630039,0.0644902110046923
0,0,38,Lawschool,0.072,0.7885491441192711,0.0782759009445882
0,0,39,Lawschool,0.0,0.7875828271673109,0.0060455066618295
0,0,39,Lawschool,0.008,0.787548315847598,0.0015749089676398
0,0,39,Lawschool,0.016,0.7874102705687466,0.0089551591311213
0,0,39,Lawschool,0.024,0.7876518498067366,0.0177323229668482
0,0,39,Lawschool,0.032,0.7881350082827168,0.0256593045681566
0,0,39,Lawschool,0.04,0.787789895085588,0.0326356728669139
0,0,39,Lawschool,0.048,0.7876173384870238,0.0313328568812188
0,0,39,Lawschool,0.056,0.7881350082827168,0.047621908246901
0,0,39,Lawschool,0.064,0.7886526780784097,0.0513746338055435
0,0,39,Lawschool,0.072,0.7886181667586969,0.0592695363745892
0,0,40,Lawschool,0.0,0.7885146327995582,0.0069457974376042
0,0,40,Lawschool,0.008,0.7884456101601325,0.0057112631226596
0,0,40,Lawschool,0.016,0.7886181667586969,0.0175636389206355
0,0,40,Lawschool,0.024,0.7884801214798454,0.0195268980230773
0,0,40,Lawschool,0.032,0.7891703478741027,0.0294967378399844
0,0,40,Lawschool,0.04,0.7893083931529542,0.034593719931683
0,0,40,Lawschool,0.048,0.7890668139149641,0.0393132226567372
0,0,40,Lawschool,0.056,0.7890668139149641,0.0463527991226284
0,0,40,Lawschool,0.064,0.7896880176697957,0.0564988997894719
0,0,40,Lawschool,0.072,0.7895154610712314,0.0615950086376304
0,0,41,Lawschool,0.0,0.7871686913307565,0.0053948200511452
0,0,41,Lawschool,0.008,0.7875138045278851,0.0032764880213136
0,0,41,Lawschool,0.016,0.7876863611264495,0.0088436230574462
0,0,41,Lawschool,0.024,0.7886871893981225,0.0139590935405455
0,0,41,Lawschool,0.032,0.7889632799558255,0.031068732048497
0,0,41,Lawschool,0.04,0.7890323025952513,0.040275358859931
0,0,41,Lawschool,0.048,0.788859745996687,0.0433332085730715
0,0,41,Lawschool,0.056,0.7888942573163997,0.0519325040502527
0,0,41,Lawschool,0.064,0.7901366648260629,0.0624141645348054
0,0,41,Lawschool,0.072,0.7895844837106571,0.0702602563871988
0,0,42,Lawschool,0.0,0.7868926007730536,0.003210018376602
0,0,42,Lawschool,0.008,0.7868926007730536,0.0130678742691052
0,0,42,Lawschool,0.016,0.7866165102153506,0.0198666635107004
0,0,42,Lawschool,0.024,0.7879279403644396,0.0260297857733226
0,0,42,Lawschool,0.032,0.7875828271673109,0.0329238385913734
0,0,42,Lawschool,0.04,0.7884801214798454,0.0444158508921153
0,0,42,Lawschool,0.048,0.7884456101601325,0.0432277781768744
0,0,42,Lawschool,0.056,0.7881695196024296,0.0526386065094434
0,0,42,Lawschool,0.064,0.7878934290447267,0.0647319777483917
0,0,42,Lawschool,0.072,0.7880314743235781,0.0722838144790442
0,0,43,Lawschool,0.0,0.7885146327995582,0.005758033239381
0,0,43,Lawschool,0.008,0.7894464384318056,0.0134587468863463
0,0,43,Lawschool,0.016,0.7894119271120927,0.0193186326317819
0,0,43,Lawschool,0.024,0.790895913859746,0.0279973497021248
0,0,43,Lawschool,0.032,0.790895913859746,0.0334105529494252
0,0,43,Lawschool,0.04,0.7907233572611817,0.0431770291918178
0,0,43,Lawschool,0.048,0.7909649364991718,0.0483233685143406
0,0,43,Lawschool,0.056,0.7913790723357261,0.0625742616127471
0,0,43,Lawschool,0.064,0.7911029817780232,0.0618552919932809
0,0,43,Lawschool,0.072,0.7913790723357261,0.073931446712935
0,0,44,Lawschool,0.0,0.788859745996687,0.0115515615258471
0,0,44,Lawschool,0.008,0.7887562120375483,0.0194595772204977
0,0,44,Lawschool,0.016,0.7889977912755384,0.0187776491093645
0,0,44,Lawschool,0.024,0.7891703478741027,0.0297877029097497
0,0,44,Lawschool,0.032,0.7894809497515185,0.0364699420258547
0,0,44,Lawschool,0.04,0.7895844837106571,0.043109806473247
0,0,44,Lawschool,0.048,0.7897915516289343,0.0512378277798868
0,0,44,Lawschool,0.056,0.790378244064053,0.0627345145923783
0,0,44,Lawschool,0.064,0.7908268912203202,0.0709543557250156
0,0,44,Lawschool,0.072,0.7913790723357261,0.0745306715863753
0,0,45,Lawschool,0.0,0.7873067366096079,0.0008221040606804
0,0,45,Lawschool,0.008,0.787789895085588,0.0150298910136076
0,0,45,Lawschool,0.016,0.7882385422418553,0.0227201172556386
0,0,45,Lawschool,0.024,0.7882385422418553,0.0265559924688768
0,0,45,Lawschool,0.032,0.7886181667586969,0.0362602463237932
0,0,45,Lawschool,0.04,0.7887562120375483,0.0433857626287004
0,0,45,Lawschool,0.048,0.7890323025952513,0.0481166143513671
0,0,45,Lawschool,0.056,0.7896880176697957,0.0558294335992256
0,0,45,Lawschool,0.064,0.7900676421866372,0.0646844305539297
0,0,45,Lawschool,0.072,0.7895844837106571,0.0693371344883234
0,0,46,Lawschool,0.0,0.7874102705687466,0.008158023579025
0,0,46,Lawschool,0.008,0.7880314743235781,0.0115497148261538
0,0,46,Lawschool,0.016,0.7889632799558255,0.0238293122650931
0,0,46,Lawschool,0.024,0.7885146327995582,0.0229058653182983
0,0,46,Lawschool,0.032,0.7881004969630039,0.0404027315911684
0,0,46,Lawschool,0.04,0.7880314743235781,0.0361624243689
0,0,46,Lawschool,0.048,0.7882385422418553,0.0435923871892738
0,0,46,Lawschool,0.056,0.7886871893981225,0.0522805396503702
0,0,46,Lawschool,0.064,0.789101325234677,0.062884344129598
0,0,46,Lawschool,0.072,0.7884456101601325,0.066893962906007
0,0,47,Lawschool,0.0,0.7851325234676974,0.0052902138403836
0,0,47,Lawschool,0.008,0.7856501932633904,0.0167367455708728
0,0,47,Lawschool,0.016,0.7857882385422419,0.0295372226079177
0,0,47,Lawschool,0.024,0.7857882385422419,0.0369652397133801
0,0,47,Lawschool,0.032,0.7859262838210933,0.0404399913262679
0,0,47,Lawschool,0.04,0.7857882385422419,0.0473839928569294
0,0,47,Lawschool,0.048,0.7865819988956377,0.0559203950625164
0,0,47,Lawschool,0.056,0.7869271120927664,0.0670944714346312
0,0,47,Lawschool,0.064,0.7867545554942021,0.0753929526528308
0,0,47,Lawschool,0.072,0.7862368856985091,0.0821138561958551
0,0,48,Lawschool,0.0,0.7848564329099945,0.0052255757662533
0,0,48,Lawschool,0.008,0.7863059083379348,0.0104803679331621
0,0,48,Lawschool,0.016,0.7866165102153506,0.0114935095088742
0,0,48,Lawschool,0.024,0.788342076200994,0.0230014821035034
0,0,48,Lawschool,0.032,0.7879279403644396,0.0281998730731203
0,0,48,Lawschool,0.04,0.7878244064053009,0.0360459761663825
0,0,48,Lawschool,0.048,0.7884456101601325,0.0453385329497148
0,0,48,Lawschool,0.056,0.7884456101601325,0.0463943865813521
0,0,48,Lawschool,0.064,0.7888252346769741,0.0578827687086544
0,0,48,Lawschool,0.072,0.7895844837106571,0.0618847383971224
0,0,49,Lawschool,0.0,0.788065985643291,0.021262211295853
0,0,49,Lawschool,0.008,0.7875828271673109,0.020042699100731
0,0,49,Lawschool,0.016,0.7877553837658752,0.0355179373472056
0,0,49,Lawschool,0.024,0.7882385422418553,0.0347068896900688
0,0,49,Lawschool,0.032,0.787789895085588,0.0475828348830872
0,0,49,Lawschool,0.04,0.788065985643291,0.0465942664008265
0,0,49,Lawschool,0.048,0.787789895085588,0.056233813845252
0,0,49,Lawschool,0.056,0.7881350082827168,0.0669326048215871
0,0,49,Lawschool,0.064,0.7886526780784097,0.0712732389561657
0,0,49,Lawschool,0.072,0.7881695196024296,0.079368521862214
