,Unnamed: 0,seed,dataset,level,acc,disparity
0,0,0,COMPAS,0.0,0.6581439393939394,0.308385318653963
1,0,0,COMPAS,0.03,0.6429924242424242,0.0612414242743046
2,0,0,COMPAS,0.06,0.6448863636363636,0.0821936076577711
3,0,0,COMPAS,0.09,0.6486742424242424,0.1056647947012017
4,0,0,COMPAS,0.12,0.646780303030303,0.1477321558226028
5,0,0,COMPAS,0.15,0.646780303030303,0.1772044986441833
6,0,0,COMPAS,0.18,0.6458333333333334,0.179508646109621
7,0,0,COMPAS,0.21,0.6458333333333334,0.179508646109621
8,0,0,COMPAS,0.24,0.6458333333333334,0.179508646109621
9,0,0,COMPAS,0.2699999999999999,0.6581439393939394,0.3012580200631232
0,0,1,COMPAS,0.0,0.6647727272727273,0.2567697955290699
1,0,1,COMPAS,0.03,0.6638257575757576,5.914906673865072e-05
2,0,1,COMPAS,0.06,0.6685606060606061,0.0323656299560448
3,0,1,COMPAS,0.09,0.6742424242424242,0.0629235165598902
4,0,1,COMPAS,0.12,0.6770833333333334,0.0840582174689374
5,0,1,COMPAS,0.15,0.678030303030303,0.0863465469883882
6,0,1,COMPAS,0.18,0.678030303030303,0.0863465469883882
7,0,1,COMPAS,0.21,0.6714015151515151,0.1555398646225735
8,0,1,COMPAS,0.24,0.6714015151515151,0.1555398646225735
9,0,1,COMPAS,0.2699999999999999,0.6676136363636364,0.2252692206740775
0,0,2,COMPAS,0.0,0.6818181818181818,0.2568603981025845
1,0,2,COMPAS,0.03,0.6666666666666666,0.0235403644101609
2,0,2,COMPAS,0.06,0.6666666666666666,0.0235403644101609
3,0,2,COMPAS,0.09,0.6714015151515151,0.0746331515715742
4,0,2,COMPAS,0.12,0.6714015151515151,0.1058429755729928
5,0,2,COMPAS,0.15,0.6761363636363636,0.1321097663696414
6,0,2,COMPAS,0.18,0.6761363636363636,0.1743582923261072
7,0,2,COMPAS,0.21,0.6770833333333334,0.1883450813494702
8,0,2,COMPAS,0.24,0.6837121212121212,0.2062330983730105
9,0,2,COMPAS,0.2699999999999999,0.6837121212121212,0.2062330983730105
0,0,3,COMPAS,0.0,0.6742424242424242,0.2279554744607591
1,0,3,COMPAS,0.03,0.6770833333333334,0.0231282525861455
2,0,3,COMPAS,0.06,0.6808712121212122,0.0026563957692495
3,0,3,COMPAS,0.09,0.6893939393939394,0.0639782992323053
4,0,3,COMPAS,0.12,0.6875,0.1005309044858993
5,0,3,COMPAS,0.15,0.6856060606060606,0.1361393465041606
6,0,3,COMPAS,0.18,0.6837121212121212,0.1392790639295923
7,0,3,COMPAS,0.21,0.6827651515151515,0.1909045608329617
8,0,3,COMPAS,0.24,0.6761363636363636,0.2231822047710216
9,0,3,COMPAS,0.2699999999999999,0.6742424242424242,0.2279554744607591
0,0,4,COMPAS,0.0,0.6808712121212122,0.179785547081477
1,0,4,COMPAS,0.03,0.6704545454545454,0.0604696820962017
2,0,4,COMPAS,0.06,0.6695075757575758,0.0332175488937551
3,0,4,COMPAS,0.09,0.6704545454545454,0.0042286490976364
4,0,4,COMPAS,0.12,0.6695075757575758,0.0017896247073925
5,0,4,COMPAS,0.15,0.6704545454545454,0.0396284829721362
6,0,4,COMPAS,0.18,0.6704545454545454,0.0746205542550781
7,0,4,COMPAS,0.21,0.6770833333333334,0.1129426867024088
8,0,4,COMPAS,0.24,0.6799242424242424,0.1313297591180246
9,0,4,COMPAS,0.2699999999999999,0.6799242424242424,0.1313297591180246
0,0,5,COMPAS,0.0,0.6714015151515151,0.2177212929341032
1,0,5,COMPAS,0.03,0.6628787878787878,0.025105661051253
2,0,5,COMPAS,0.06,0.6628787878787878,0.0297785582475147
3,0,5,COMPAS,0.09,0.6628787878787878,0.0621614381808441
4,0,5,COMPAS,0.12,0.6676136363636364,0.0701232216203345
5,0,5,COMPAS,0.15,0.6676136363636364,0.1352163819274957
6,0,5,COMPAS,0.18,0.6714015151515151,0.1509316030716114
7,0,5,COMPAS,0.21,0.6751893939393939,0.1845943210905411
8,0,5,COMPAS,0.24,0.6714015151515151,0.2081671528067147
9,0,5,COMPAS,0.2699999999999999,0.6714015151515151,0.2081671528067147
0,0,6,COMPAS,0.0,0.6808712121212122,0.2638940007361059
1,0,6,COMPAS,0.03,0.665719696969697,0.0109189056557477
2,0,6,COMPAS,0.06,0.6685606060606061,0.0014722119985278
3,0,6,COMPAS,0.09,0.6714015151515151,0.0384001962949331
4,0,6,COMPAS,0.12,0.665719696969697,0.0845295055821371
5,0,6,COMPAS,0.15,0.6723484848484849,0.1145871672187461
6,0,6,COMPAS,0.18,0.6732954545454546,0.1333578701999754
7,0,6,COMPAS,0.21,0.6751893939393939,0.1843945528156054
8,0,6,COMPAS,0.24,0.6837121212121212,0.2112624217887376
9,0,6,COMPAS,0.2699999999999999,0.6837121212121212,0.2112624217887376
0,0,7,COMPAS,0.0,0.6884469696969697,0.2359846086405922
1,0,7,COMPAS,0.03,0.6865530303030303,0.0083738286943196
2,0,7,COMPAS,0.06,0.6865530303030303,0.0012776177113033
3,0,7,COMPAS,0.09,0.6865530303030303,0.0012776177113033
4,0,7,COMPAS,0.12,0.6893939393939394,0.0659190792160447
5,0,7,COMPAS,0.15,0.6922348484848485,0.0873987928198634
6,0,7,COMPAS,0.18,0.6912878787878788,0.1181702715967973
7,0,7,COMPAS,0.21,0.696969696969697,0.1633252529945336
8,0,7,COMPAS,0.24,0.696969696969697,0.1664649704199653
9,0,7,COMPAS,0.2699999999999999,0.696969696969697,0.1664649704199653
0,0,8,COMPAS,0.0,0.6884469696969697,0.2799557873648578
1,0,8,COMPAS,0.03,0.6770833333333334,0.0673206452281441
2,0,8,COMPAS,0.06,0.6770833333333334,0.0673206452281441
3,0,8,COMPAS,0.09,0.6770833333333334,0.0673206452281441
4,0,8,COMPAS,0.12,0.6770833333333334,0.0673206452281441
5,0,8,COMPAS,0.15,0.6751893939393939,0.1594993840166718
6,0,8,COMPAS,0.18,0.6818181818181818,0.1904136874949628
7,0,8,COMPAS,0.21,0.6837121212121212,0.2096415782989649
8,0,8,COMPAS,0.24,0.6903409090909091,0.2273611734770243
9,0,8,COMPAS,0.2699999999999999,0.6875,0.2441366446754861
0,0,9,COMPAS,0.0,0.6846590909090909,0.2885353688879882
1,0,9,COMPAS,0.03,0.6609848484848485,0.014782540165051
2,0,9,COMPAS,0.06,0.6628787878787878,0.0504497810202542
3,0,9,COMPAS,0.09,0.6695075757575758,0.0887177581878159
4,0,9,COMPAS,0.12,0.6714015151515151,0.1022731110885938
5,0,9,COMPAS,0.15,0.6714015151515151,0.1022731110885938
6,0,9,COMPAS,0.18,0.6846590909090909,0.2107384514923272
7,0,9,COMPAS,0.21,0.6818181818181818,0.2448407471206133
8,0,9,COMPAS,0.24,0.6837121212121212,0.2527668006439919
9,0,9,COMPAS,0.2699999999999999,0.6837121212121212,0.2527668006439919
0,0,10,COMPAS,0.0,0.6732954545454546,0.3101236830050389
1,0,10,COMPAS,0.03,0.6600378787878788,0.0087869070919918
2,0,10,COMPAS,0.06,0.65625,0.0287760796235372
3,0,10,COMPAS,0.09,0.6619318181818182,0.068754424686628
4,0,10,COMPAS,0.12,0.6685606060606061,0.1099404489234998
5,0,10,COMPAS,0.15,0.6685606060606061,0.1099404489234998
6,0,10,COMPAS,0.18,0.6695075757575758,0.1652854703702161
7,0,10,COMPAS,0.21,0.6695075757575758,0.1652854703702161
8,0,10,COMPAS,0.24,0.6695075757575758,0.1652854703702161
9,0,10,COMPAS,0.2699999999999999,0.6695075757575758,0.1652854703702161
0,0,11,COMPAS,0.0,0.6571969696969697,0.3434885894101619
1,0,11,COMPAS,0.03,0.6410984848484849,0.0486596638182411
2,0,11,COMPAS,0.06,0.6496212121212122,0.078798932684838
3,0,11,COMPAS,0.09,0.646780303030303,0.1199941455286475
4,0,11,COMPAS,0.12,0.646780303030303,0.1199941455286475
5,0,11,COMPAS,0.15,0.646780303030303,0.1199941455286475
6,0,11,COMPAS,0.18,0.6553030303030303,0.1999864896814941
7,0,11,COMPAS,0.21,0.6524621212121212,0.213440515193479
8,0,11,COMPAS,0.24,0.6543560606060606,0.2221997050247126
9,0,11,COMPAS,0.2699999999999999,0.6543560606060606,0.2221997050247126
0,0,12,COMPAS,0.0,0.6875,0.2980981010774451
1,0,12,COMPAS,0.03,0.6515151515151515,0.0137359366628966
2,0,12,COMPAS,0.06,0.6581439393939394,0.0450622060836954
3,0,12,COMPAS,0.09,0.6666666666666666,0.0969849395797369
4,0,12,COMPAS,0.12,0.6704545454545454,0.1207661170307756
5,0,12,COMPAS,0.15,0.6723484848484849,0.1598458241561998
6,0,12,COMPAS,0.18,0.6761363636363636,0.1974373474611584
7,0,12,COMPAS,0.21,0.6808712121212122,0.2306684921721531
8,0,12,COMPAS,0.24,0.6893939393939394,0.2784540746473004
9,0,12,COMPAS,0.2699999999999999,0.6884469696969697,0.2910887552830526
0,0,13,COMPAS,0.0,0.665719696969697,0.2334598251113677
1,0,13,COMPAS,0.03,0.6685606060606061,0.0109717868338558
2,0,13,COMPAS,0.06,0.6732954545454546,0.0315129516581422
3,0,13,COMPAS,0.09,0.6770833333333334,0.0585711928724632
4,0,13,COMPAS,0.12,0.6770833333333334,0.0585711928724632
5,0,13,COMPAS,0.15,0.6770833333333334,0.0585711928724632
6,0,13,COMPAS,0.18,0.6704545454545454,0.1678765880217785
7,0,13,COMPAS,0.21,0.6704545454545454,0.1868503547269427
8,0,13,COMPAS,0.24,0.6704545454545454,0.1868503547269427
9,0,13,COMPAS,0.2699999999999999,0.6704545454545454,0.1868503547269427
0,0,14,COMPAS,0.0,0.6960227272727273,0.2640262780336782
1,0,14,COMPAS,0.03,0.6837121212121212,0.040519519746281
2,0,14,COMPAS,0.06,0.6837121212121212,0.0582496413199425
3,0,14,COMPAS,0.09,0.6837121212121212,0.0582496413199425
4,0,14,COMPAS,0.12,0.6761363636363636,0.1149588461828891
5,0,14,COMPAS,0.15,0.6789772727272727,0.1306728082760703
6,0,14,COMPAS,0.18,0.6789772727272727,0.1306728082760703
7,0,14,COMPAS,0.21,0.6789772727272727,0.1306728082760703
8,0,14,COMPAS,0.24,0.6789772727272727,0.1306728082760703
9,0,14,COMPAS,0.2699999999999999,0.6789772727272727,0.1306728082760703
0,0,15,COMPAS,0.0,0.7130681818181818,0.2853311388332991
1,0,15,COMPAS,0.03,0.6884469696969697,0.0435745413058522
2,0,15,COMPAS,0.06,0.6912878787878788,0.0736005386500084
3,0,15,COMPAS,0.09,0.6931818181818182,0.0940991639702994
4,0,15,COMPAS,0.12,0.6931818181818182,0.1256999644640619
5,0,15,COMPAS,0.15,0.6960227272727273,0.1399255615613369
6,0,15,COMPAS,0.18,0.696969696969697,0.1707520526680008
7,0,15,COMPAS,0.21,0.6960227272727273,0.1731273495801148
8,0,15,COMPAS,0.24,0.6960227272727273,0.1731273495801148
9,0,15,COMPAS,0.2699999999999999,0.6960227272727273,0.1731273495801148
0,0,16,COMPAS,0.0,0.6818181818181818,0.2528791143472769
1,0,16,COMPAS,0.03,0.6676136363636364,0.0577606062857567
2,0,16,COMPAS,0.06,0.6751893939393939,0.0908834237313321
3,0,16,COMPAS,0.09,0.6789772727272727,0.107303662976447
4,0,16,COMPAS,0.12,0.6789772727272727,0.107303662976447
5,0,16,COMPAS,0.15,0.6742424242424242,0.1491418381751987
6,0,16,COMPAS,0.18,0.6742424242424242,0.1491418381751987
7,0,16,COMPAS,0.21,0.678030303030303,0.223961661341853
8,0,16,COMPAS,0.24,0.6818181818181818,0.236458875102162
9,0,16,COMPAS,0.2699999999999999,0.6799242424242424,0.2443049260717735
0,0,17,COMPAS,0.0,0.6941287878787878,0.2539532794249776
1,0,17,COMPAS,0.03,0.6761363636363636,0.0371967654986523
2,0,17,COMPAS,0.06,0.6818181818181818,0.0799640610961365
3,0,17,COMPAS,0.09,0.6799242424242424,0.1076370170709793
4,0,17,COMPAS,0.12,0.6827651515151515,0.1234052111410602
5,0,17,COMPAS,0.15,0.6846590909090909,0.1660826594788859
6,0,17,COMPAS,0.18,0.6875,0.1850853548966756
7,0,17,COMPAS,0.21,0.6837121212121212,0.2048517520215633
8,0,17,COMPAS,0.24,0.6837121212121212,0.2048517520215633
9,0,17,COMPAS,0.2699999999999999,0.6837121212121212,0.2048517520215633
0,0,18,COMPAS,0.0,0.6609848484848485,0.2942682926829267
1,0,18,COMPAS,0.03,0.6695075757575758,0.0395731707317073
2,0,18,COMPAS,0.06,0.6695075757575758,0.0737195121951219
3,0,18,COMPAS,0.09,0.6761363636363636,0.114390243902439
4,0,18,COMPAS,0.12,0.6770833333333334,0.1209146341463414
5,0,18,COMPAS,0.15,0.6770833333333334,0.1209146341463414
6,0,18,COMPAS,0.18,0.6609848484848485,0.1796341463414634
7,0,18,COMPAS,0.21,0.6581439393939394,0.1911585365853658
8,0,18,COMPAS,0.24,0.6534090909090909,0.2067073170731707
9,0,18,COMPAS,0.2699999999999999,0.6515151515151515,0.2289024390243902
0,0,19,COMPAS,0.0,0.6666666666666666,0.2298551393144652
1,0,19,COMPAS,0.03,0.6515151515151515,0.009807474767443
2,0,19,COMPAS,0.06,0.65625,0.0260727268733594
3,0,19,COMPAS,0.09,0.65625,0.0260727268733594
4,0,19,COMPAS,0.12,0.6571969696969697,0.0779875457151329
5,0,19,COMPAS,0.15,0.6609848484848485,0.1133295992443961
6,0,19,COMPAS,0.18,0.6647727272727273,0.1199630984152087
7,0,19,COMPAS,0.21,0.6647727272727273,0.1420601188318891
8,0,19,COMPAS,0.24,0.6647727272727273,0.1420601188318891
9,0,19,COMPAS,0.2699999999999999,0.6647727272727273,0.1420601188318891
0,0,20,COMPAS,0.0,0.6988636363636364,0.2617511520737327
1,0,20,COMPAS,0.03,0.6742424242424242,0.037458041759117
2,0,20,COMPAS,0.06,0.6799242424242424,0.073232064629914
3,0,20,COMPAS,0.09,0.6837121212121212,0.0953973943221255
4,0,20,COMPAS,0.12,0.6875,0.1326506229732036
5,0,20,COMPAS,0.15,0.6875,0.1326506229732036
6,0,20,COMPAS,0.18,0.6875,0.1326506229732036
7,0,20,COMPAS,0.21,0.6875,0.1326506229732036
8,0,20,COMPAS,0.24,0.6950757575757576,0.2457302156226887
9,0,20,COMPAS,0.2699999999999999,0.6950757575757576,0.2457302156226887
0,0,21,COMPAS,0.0,0.6827651515151515,0.2879605620213471
1,0,21,COMPAS,0.03,0.6846590909090909,0.061011276608575
2,0,21,COMPAS,0.06,0.6808712121212122,0.0817855635289151
3,0,21,COMPAS,0.09,0.6827651515151515,0.1087710305734788
4,0,21,COMPAS,0.12,0.6846590909090909,0.1260477597539649
5,0,21,COMPAS,0.15,0.6799242424242424,0.1457516734004704
6,0,21,COMPAS,0.18,0.6799242424242424,0.1457516734004704
7,0,21,COMPAS,0.21,0.6799242424242424,0.1457516734004704
8,0,21,COMPAS,0.24,0.6799242424242424,0.2412711813302779
9,0,21,COMPAS,0.2699999999999999,0.6799242424242424,0.2514623409515769
0,0,22,COMPAS,0.0,0.6751893939393939,0.2320376212869814
1,0,22,COMPAS,0.03,0.6676136363636364,0.0769093398416572
2,0,22,COMPAS,0.06,0.6714015151515151,0.1004821715578308
3,0,22,COMPAS,0.09,0.6695075757575758,0.1161973927019465
4,0,22,COMPAS,0.12,0.6695075757575758,0.161646526578963
5,0,22,COMPAS,0.15,0.6732954545454546,0.1957259360676231
6,0,22,COMPAS,0.18,0.6732954545454546,0.1957259360676231
7,0,22,COMPAS,0.21,0.6732954545454546,0.1957259360676231
8,0,22,COMPAS,0.24,0.6732954545454546,0.1957259360676231
9,0,22,COMPAS,0.2699999999999999,0.6732954545454546,0.1957259360676231
0,0,23,COMPAS,0.0,0.6837121212121212,0.2701686603759566
1,0,23,COMPAS,0.03,0.678030303030303,0.0450999331302474
2,0,23,COMPAS,0.06,0.678030303030303,0.0450999331302474
3,0,23,COMPAS,0.09,0.678030303030303,0.1181811427297718
4,0,23,COMPAS,0.12,0.6799242424242424,0.1321346311018649
5,0,23,COMPAS,0.15,0.6799242424242424,0.1321346311018649
6,0,23,COMPAS,0.18,0.6799242424242424,0.1321346311018649
7,0,23,COMPAS,0.21,0.6799242424242424,0.1321346311018649
8,0,23,COMPAS,0.24,0.6837121212121212,0.2615944721004533
9,0,23,COMPAS,0.2699999999999999,0.6837121212121212,0.2701686603759566
0,0,24,COMPAS,0.0,0.65625,0.3432721598930083
1,0,24,COMPAS,0.03,0.6685606060606061,0.0982836763503974
2,0,24,COMPAS,0.06,0.6685606060606061,0.0982836763503974
3,0,24,COMPAS,0.09,0.6666666666666666,0.1389702058102385
4,0,24,COMPAS,0.12,0.6619318181818182,0.1577160264507021
5,0,24,COMPAS,0.15,0.6619318181818182,0.1577160264507021
6,0,24,COMPAS,0.18,0.6590909090909091,0.2453376922505387
7,0,24,COMPAS,0.21,0.6571969696969697,0.2774500334348763
8,0,24,COMPAS,0.24,0.6571969696969697,0.2924139980682071
9,0,24,COMPAS,0.2699999999999999,0.6571969696969697,0.2924139980682071
0,0,25,COMPAS,0.0,0.665719696969697,0.2585470085470085
1,0,25,COMPAS,0.03,0.6704545454545454,0.0254629629629629
2,0,25,COMPAS,0.06,0.6685606060606061,0.0557336182336182
3,0,25,COMPAS,0.09,0.6685606060606061,0.0938390313390313
4,0,25,COMPAS,0.12,0.6714015151515151,0.1096866096866097
5,0,25,COMPAS,0.15,0.6714015151515151,0.1463675213675213
6,0,25,COMPAS,0.18,0.6628787878787878,0.1867877492877492
7,0,25,COMPAS,0.21,0.6628787878787878,0.1867877492877492
8,0,25,COMPAS,0.24,0.6628787878787878,0.1867877492877492
9,0,25,COMPAS,0.2699999999999999,0.6628787878787878,0.1867877492877492
0,0,26,COMPAS,0.0,0.6846590909090909,0.2985147925471755
1,0,26,COMPAS,0.03,0.678030303030303,0.0970891124471695
2,0,26,COMPAS,0.06,0.6808712121212122,0.130111911423299
3,0,26,COMPAS,0.09,0.6808712121212122,0.130111911423299
4,0,26,COMPAS,0.12,0.6799242424242424,0.1803381153640098
5,0,26,COMPAS,0.15,0.6808712121212122,0.2133609143401393
6,0,26,COMPAS,0.18,0.6799242424242424,0.2409667242097744
7,0,26,COMPAS,0.21,0.6789772727272727,0.2425590808976724
8,0,26,COMPAS,0.24,0.6789772727272727,0.2425590808976724
9,0,26,COMPAS,0.2699999999999999,0.6789772727272727,0.2425590808976724
0,0,27,COMPAS,0.0,0.7045454545454546,0.2848158131177
1,0,27,COMPAS,0.03,0.6998106060606061,0.0406558849955076
2,0,27,COMPAS,0.06,0.7007575757575758,0.0580413297394429
3,0,27,COMPAS,0.09,0.7007575757575758,0.0580413297394429
4,0,27,COMPAS,0.12,0.6979166666666666,0.1031895777178796
5,0,27,COMPAS,0.15,0.6979166666666666,0.1031895777178796
6,0,27,COMPAS,0.18,0.6979166666666666,0.1031895777178796
7,0,27,COMPAS,0.21,0.6979166666666666,0.1031895777178796
8,0,27,COMPAS,0.24,0.6979166666666666,0.1031895777178796
9,0,27,COMPAS,0.2699999999999999,0.7054924242424242,0.276145552560647
0,0,28,COMPAS,0.0,0.6893939393939394,0.2662660956925038
1,0,28,COMPAS,0.03,0.6666666666666666,0.0421636759672233
2,0,28,COMPAS,0.06,0.6676136363636364,0.0644568583579059
3,0,28,COMPAS,0.09,0.6695075757575758,0.0821936076577711
4,0,28,COMPAS,0.12,0.6695075757575758,0.0821936076577711
5,0,28,COMPAS,0.15,0.6742424242424242,0.1549113162535006
6,0,28,COMPAS,0.18,0.6808712121212122,0.1885103797768458
7,0,28,COMPAS,0.21,0.6884469696969697,0.2227540118837702
8,0,28,COMPAS,0.24,0.6884469696969697,0.2227540118837702
9,0,28,COMPAS,0.2699999999999999,0.6884469696969697,0.2227540118837702
0,0,29,COMPAS,0.0,0.6846590909090909,0.2262751042061387
1,0,29,COMPAS,0.03,0.6846590909090909,0.0673664266767715
2,0,29,COMPAS,0.06,0.6837121212121212,0.0470481242895036
3,0,29,COMPAS,0.09,0.6799242424242424,0.0088821523304282
4,0,29,COMPAS,0.12,0.6837121212121212,0.023129973474801
5,0,29,COMPAS,0.15,0.6856060606060606,0.0409852216748768
6,0,29,COMPAS,0.18,0.6893939393939394,0.0634482758620689
7,0,29,COMPAS,0.21,0.6856060606060606,0.0917620310723758
8,0,29,COMPAS,0.24,0.6856060606060606,0.1006896551724138
9,0,29,COMPAS,0.2699999999999999,0.6856060606060606,0.1006896551724138
0,0,30,COMPAS,0.0,0.6912878787878788,0.3369858716233628
1,0,30,COMPAS,0.03,0.6666666666666666,0.0869326521237381
2,0,30,COMPAS,0.06,0.6732954545454546,0.1050720984168599
3,0,30,COMPAS,0.09,0.6770833333333334,0.149261089263106
4,0,30,COMPAS,0.12,0.6827651515151515,0.1721398720491188
5,0,30,COMPAS,0.15,0.6846590909090909,0.205259206973435
6,0,30,COMPAS,0.18,0.6875,0.2376054586400457
7,0,30,COMPAS,0.21,0.6893939393939394,0.2754529259520688
8,0,30,COMPAS,0.24,0.6893939393939394,0.2754529259520688
9,0,30,COMPAS,0.2699999999999999,0.6893939393939394,0.2754529259520688
0,0,31,COMPAS,0.0,0.6818181818181818,0.3116161616161616
1,0,31,COMPAS,0.03,0.6714015151515151,0.0626262626262625
2,0,31,COMPAS,0.06,0.6647727272727273,0.0904040404040404
3,0,31,COMPAS,0.09,0.6676136363636364,0.097979797979798
4,0,31,COMPAS,0.12,0.6714015151515151,0.1202020202020202
5,0,31,COMPAS,0.15,0.6799242424242424,0.1419191919191919
6,0,31,COMPAS,0.18,0.678030303030303,0.158080808080808
7,0,31,COMPAS,0.21,0.6770833333333334,0.1848484848484848
8,0,31,COMPAS,0.24,0.6789772727272727,0.2181818181818182
9,0,31,COMPAS,0.2699999999999999,0.6789772727272727,0.2181818181818182
0,0,32,COMPAS,0.0,0.6666666666666666,0.2307767241282413
1,0,32,COMPAS,0.03,0.6732954545454546,0.0306927985073229
2,0,32,COMPAS,0.06,0.6704545454545454,0.0679984863414798
3,0,32,COMPAS,0.09,0.6732954545454546,0.0892234257389388
4,0,32,COMPAS,0.12,0.6732954545454546,0.0892234257389388
5,0,32,COMPAS,0.15,0.6732954545454546,0.1335616310045222
6,0,32,COMPAS,0.18,0.6704545454545454,0.153407792344035
7,0,32,COMPAS,0.21,0.6695075757575758,0.1581173684821826
8,0,32,COMPAS,0.24,0.6638257575757576,0.1888251537075267
9,0,32,COMPAS,0.2699999999999999,0.6638257575757576,0.1888251537075267
0,0,33,COMPAS,0.0,0.6695075757575758,0.2769902337969813
1,0,33,COMPAS,0.03,0.6647727272727273,0.0617046463450725
2,0,33,COMPAS,0.06,0.6600378787878788,0.0920242675347736
3,0,33,COMPAS,0.09,0.6600378787878788,0.0920242675347736
4,0,33,COMPAS,0.12,0.6628787878787878,0.1478248002367564
5,0,33,COMPAS,0.15,0.6647727272727273,0.1653151820065108
6,0,33,COMPAS,0.18,0.6647727272727273,0.1653151820065108
7,0,33,COMPAS,0.21,0.665719696969697,0.2119414027818881
8,0,33,COMPAS,0.24,0.665719696969697,0.2406481207457827
9,0,33,COMPAS,0.2699999999999999,0.665719696969697,0.2406481207457827
0,0,34,COMPAS,0.0,0.7007575757575758,0.2106953106953107
1,0,34,COMPAS,0.03,0.6903409090909091,0.0649572649572649
2,0,34,COMPAS,0.06,0.6875,0.0867867867867868
3,0,34,COMPAS,0.09,0.6912878787878788,0.112058212058212
4,0,34,COMPAS,0.12,0.6931818181818182,0.1171864171864172
5,0,34,COMPAS,0.15,0.6998106060606061,0.1604065604065603
6,0,34,COMPAS,0.18,0.6998106060606061,0.1604065604065603
7,0,34,COMPAS,0.21,0.6998106060606061,0.1604065604065603
8,0,34,COMPAS,0.24,0.6998106060606061,0.1604065604065603
9,0,34,COMPAS,0.2699999999999999,0.6998106060606061,0.1604065604065603
0,0,35,COMPAS,0.0,0.6751893939393939,0.2436448797104534
1,0,35,COMPAS,0.03,0.665719696969697,0.0180540770704704
2,0,35,COMPAS,0.06,0.6666666666666666,0.0555673834362359
3,0,35,COMPAS,0.09,0.6732954545454546,0.0793698105173514
4,0,35,COMPAS,0.12,0.6742424242424242,0.0931232701724504
5,0,35,COMPAS,0.15,0.6742424242424242,0.0931232701724504
6,0,35,COMPAS,0.18,0.6742424242424242,0.0931232701724504
7,0,35,COMPAS,0.21,0.6723484848484849,0.1856929955290611
8,0,35,COMPAS,0.24,0.6723484848484849,0.1856929955290611
9,0,35,COMPAS,0.2699999999999999,0.6723484848484849,0.1856929955290611
0,0,36,COMPAS,0.0,0.6685606060606061,0.2297289726955956
1,0,36,COMPAS,0.03,0.6666666666666666,0.0017926568294623
2,0,36,COMPAS,0.06,0.665719696969697,0.025466931083549
3,0,36,COMPAS,0.09,0.665719696969697,0.03808275352089
4,0,36,COMPAS,0.12,0.6685606060606061,0.064916585436904
5,0,36,COMPAS,0.15,0.6695075757575758,0.0956494459569985
6,0,36,COMPAS,0.18,0.6704545454545454,0.1413958074238401
7,0,36,COMPAS,0.21,0.6704545454545454,0.1413958074238401
8,0,36,COMPAS,0.24,0.6666666666666666,0.2100097475715102
9,0,36,COMPAS,0.2699999999999999,0.6685606060606061,0.2297289726955956
0,0,37,COMPAS,0.0,0.6685606060606061,0.1927866541353383
1,0,37,COMPAS,0.03,0.6685606060606061,0.0415883458646616
2,0,37,COMPAS,0.06,0.6685606060606061,0.0132753759398496
3,0,37,COMPAS,0.09,0.6666666666666666,0.009985902255639
4,0,37,COMPAS,0.12,0.6647727272727273,0.0404135338345864
5,0,37,COMPAS,0.15,0.6638257575757576,0.0626174812030074
6,0,37,COMPAS,0.18,0.6666666666666666,0.0675516917293233
7,0,37,COMPAS,0.21,0.6666666666666666,0.0675516917293233
8,0,37,COMPAS,0.24,0.6666666666666666,0.0675516917293233
9,0,37,COMPAS,0.2699999999999999,0.6666666666666666,0.0675516917293233
0,0,38,COMPAS,0.0,0.6600378787878788,0.2387786542923434
1,0,38,COMPAS,0.03,0.6429924242424242,0.0046737819025521
2,0,38,COMPAS,0.06,0.646780303030303,0.0926106728538282
3,0,38,COMPAS,0.09,0.6477272727272727,0.1042116009280742
4,0,38,COMPAS,0.12,0.6477272727272727,0.1042116009280742
5,0,38,COMPAS,0.15,0.6543560606060606,0.155014385150812
6,0,38,COMPAS,0.18,0.6543560606060606,0.155014385150812
7,0,38,COMPAS,0.21,0.6515151515151515,0.1947767981438515
8,0,38,COMPAS,0.24,0.6515151515151515,0.1947767981438515
9,0,38,COMPAS,0.2699999999999999,0.6515151515151515,0.1947767981438515
0,0,39,COMPAS,0.0,0.6818181818181818,0.2789308176100629
1,0,39,COMPAS,0.03,0.6751893939393939,0.074932614555256
2,0,39,COMPAS,0.06,0.6761363636363636,0.0875561545372866
3,0,39,COMPAS,0.09,0.6808712121212122,0.1335130278526505
4,0,39,COMPAS,0.12,0.6837121212121212,0.1533243486073675
5,0,39,COMPAS,0.15,0.6827651515151515,0.1548966756513926
6,0,39,COMPAS,0.18,0.6808712121212122,0.2181491464510332
7,0,39,COMPAS,0.21,0.6799242424242424,0.2331087151841869
8,0,39,COMPAS,0.24,0.678030303030303,0.2575471698113207
9,0,39,COMPAS,0.2699999999999999,0.678030303030303,0.2575471698113207
0,0,40,COMPAS,0.0,0.6676136363636364,0.2964611552463632
1,0,40,COMPAS,0.03,0.6534090909090909,0.0068905036331746
2,0,40,COMPAS,0.06,0.6571969696969697,0.049692690907483
3,0,40,COMPAS,0.09,0.665719696969697,0.1024511032175335
4,0,40,COMPAS,0.12,0.6695075757575758,0.1115008769731896
5,0,40,COMPAS,0.15,0.6714015151515151,0.1342137456335578
6,0,40,COMPAS,0.18,0.6714015151515151,0.1828968119445222
7,0,40,COMPAS,0.21,0.6723484848484849,0.1929414712514923
8,0,40,COMPAS,0.24,0.6723484848484849,0.1929414712514923
9,0,40,COMPAS,0.2699999999999999,0.6685606060606061,0.2610800772325969
0,0,41,COMPAS,0.0,0.6496212121212122,0.2285267158506594
1,0,41,COMPAS,0.03,0.6268939393939394,0.0199865861837692
2,0,41,COMPAS,0.06,0.6278409090909091,0.0067292644757433
3,0,41,COMPAS,0.09,0.6278409090909091,0.0067292644757433
4,0,41,COMPAS,0.12,0.6410984848484849,0.0861837692823608
5,0,41,COMPAS,0.15,0.6410984848484849,0.0932930918846411
6,0,41,COMPAS,0.18,0.6410984848484849,0.0932930918846411
7,0,41,COMPAS,0.21,0.6515151515151515,0.1599821149116924
8,0,41,COMPAS,0.24,0.6515151515151515,0.2152023250614799
9,0,41,COMPAS,0.2699999999999999,0.6496212121212122,0.2285267158506594
0,0,42,COMPAS,0.0,0.6704545454545454,0.272308601854955
1,0,42,COMPAS,0.03,0.6590909090909091,0.0108902353149394
2,0,42,COMPAS,0.06,0.6581439393939394,0.0268076020771278
3,0,42,COMPAS,0.09,0.6581439393939394,0.0268076020771278
4,0,42,COMPAS,0.12,0.6581439393939394,0.0268076020771278
5,0,42,COMPAS,0.15,0.6581439393939394,0.0268076020771278
6,0,42,COMPAS,0.18,0.6742424242424242,0.1621861808487003
7,0,42,COMPAS,0.21,0.6723484848484849,0.1838009632511043
8,0,42,COMPAS,0.24,0.6732954545454546,0.2233891526929985
9,0,42,COMPAS,0.2699999999999999,0.6704545454545454,0.2496695649554336
0,0,43,COMPAS,0.0,0.6704545454545454,0.3101970355378297
1,0,43,COMPAS,0.03,0.6581439393939394,0.0510000595273528
2,0,43,COMPAS,0.06,0.6619318181818182,0.0768051669742246
3,0,43,COMPAS,0.09,0.6666666666666666,0.0972974581820346
4,0,43,COMPAS,0.12,0.6666666666666666,0.1161973927019465
5,0,43,COMPAS,0.15,0.6666666666666666,0.1161973927019465
6,0,43,COMPAS,0.18,0.6732954545454546,0.1868117149830347
7,0,43,COMPAS,0.21,0.6704545454545454,0.2198345139591642
8,0,43,COMPAS,0.24,0.6714015151515151,0.2292844812191202
9,0,43,COMPAS,0.2699999999999999,0.6704545454545454,0.2694207988570749
0,0,44,COMPAS,0.0,0.6609848484848485,0.229925000467578
1,0,44,COMPAS,0.03,0.6543560606060606,0.075897282435895
2,0,44,COMPAS,0.06,0.6515151515151515,0.0916714983073671
3,0,44,COMPAS,0.09,0.6553030303030303,0.1106738736042792
4,0,44,COMPAS,0.12,0.6628787878787878,0.1557259618082181
5,0,44,COMPAS,0.15,0.6609848484848485,0.1825761684777526
6,0,44,COMPAS,0.18,0.6590909090909091,0.209426375147287
7,0,44,COMPAS,0.21,0.6590909090909091,0.209426375147287
8,0,44,COMPAS,0.24,0.6590909090909091,0.209426375147287
9,0,44,COMPAS,0.2699999999999999,0.6590909090909091,0.209426375147287
0,0,45,COMPAS,0.0,0.6553030303030303,0.2716910619744628
1,0,45,COMPAS,0.03,0.6600378787878788,0.0381968234194954
2,0,45,COMPAS,0.06,0.6609848484848485,0.0460915602616007
3,0,45,COMPAS,0.09,0.6638257575757576,0.0903301152289006
4,0,45,COMPAS,0.12,0.6638257575757576,0.0903301152289006
5,0,45,COMPAS,0.15,0.6590909090909091,0.1534724384926814
6,0,45,COMPAS,0.18,0.6600378787878788,0.1907972594207412
7,0,45,COMPAS,0.21,0.6600378787878788,0.1990189971971348
8,0,45,COMPAS,0.24,0.6590909090909091,0.2175957645593272
9,0,45,COMPAS,0.2699999999999999,0.65625,0.2661009031454376
0,0,46,COMPAS,0.0,0.6723484848484849,0.2421217620854645
1,0,46,COMPAS,0.03,0.65625,0.0150140240884342
2,0,46,COMPAS,0.06,0.6600378787878788,0.0189737667051642
3,0,46,COMPAS,0.09,0.6609848484848485,0.0268107573007754
4,0,46,COMPAS,0.12,0.6609848484848485,0.0672331298465599
5,0,46,COMPAS,0.15,0.6590909090909091,0.1069955452895561
6,0,46,COMPAS,0.18,0.6628787878787878,0.1513776604520706
7,0,46,COMPAS,0.21,0.6628787878787878,0.1931199472034317
8,0,46,COMPAS,0.24,0.6666666666666666,0.2262827916185448
9,0,46,COMPAS,0.2699999999999999,0.6666666666666666,0.2262827916185448
0,0,47,COMPAS,0.0,0.6761363636363636,0.216951617414002
1,0,47,COMPAS,0.03,0.6685606060606061,0.0201771231471986
2,0,47,COMPAS,0.06,0.6704545454545454,0.0027929523631957
3,0,47,COMPAS,0.09,0.6789772727272727,0.0325981169012771
4,0,47,COMPAS,0.12,0.678030303030303,0.0585774214598676
5,0,47,COMPAS,0.15,0.678030303030303,0.0585774214598676
6,0,47,COMPAS,0.18,0.678030303030303,0.0585774214598676
7,0,47,COMPAS,0.21,0.6799242424242424,0.1697958422671763
8,0,47,COMPAS,0.24,0.6770833333333334,0.1933737298405891
9,0,47,COMPAS,0.2699999999999999,0.6751893939393939,0.2067232217768247
0,0,48,COMPAS,0.0,0.6666666666666666,0.2357013562691073
1,0,48,COMPAS,0.03,0.6496212121212122,0.0011563620698125
2,0,48,COMPAS,0.06,0.6496212121212122,0.0375779883078946
3,0,48,COMPAS,0.09,0.65625,0.0759382215453683
4,0,48,COMPAS,0.12,0.6581439393939394,0.124724608216217
5,0,48,COMPAS,0.15,0.6628787878787878,0.1551036757953768
6,0,48,COMPAS,0.18,0.6676136363636364,0.179693375103449
7,0,48,COMPAS,0.21,0.6676136363636364,0.179693375103449
8,0,48,COMPAS,0.24,0.6676136363636364,0.179693375103449
9,0,48,COMPAS,0.2699999999999999,0.6676136363636364,0.179693375103449
0,0,49,COMPAS,0.0,0.6676136363636364,0.2447913566283708
1,0,49,COMPAS,0.03,0.665719696969697,0.0176647419489255
2,0,49,COMPAS,0.06,0.6628787878787878,0.0561045300315495
3,0,49,COMPAS,0.09,0.6628787878787878,0.0561045300315495
4,0,49,COMPAS,0.12,0.6666666666666666,0.1039942853741294
5,0,49,COMPAS,0.15,0.6666666666666666,0.1039942853741294
6,0,49,COMPAS,0.18,0.6666666666666666,0.1039942853741294
7,0,49,COMPAS,0.21,0.6714015151515151,0.1787457586761117
8,0,49,COMPAS,0.24,0.6714015151515151,0.1787457586761117
9,0,49,COMPAS,0.2699999999999999,0.6714015151515151,0.2337490326805167
