,Unnamed: 0,seed,dataset,level,acc,disparity
0,0,0,Lawschool,0.0,0.7927595251242407,0.0073570050612598
0,0,0,Lawschool,0.008,0.7927595251242407,0.0073570050612598
0,0,0,Lawschool,0.016,0.7931391496410822,0.0147291596980025
0,0,0,Lawschool,0.024,0.7933117062396466,0.0230394792152042
0,0,0,Lawschool,0.032,0.7933807288790723,0.0318440702042656
0,0,0,Lawschool,0.04,0.7931736609607951,0.0374701428623046
0,0,0,Lawschool,0.048,0.7934497515184981,0.0426078857674282
0,0,0,Lawschool,0.056,0.7933807288790723,0.0530342888284282
0,0,0,Lawschool,0.064,0.7935187741579238,0.059589631866762
0,0,0,Lawschool,0.072,0.7943470458310325,0.0663580813439883
0,0,1,Lawschool,0.0,0.7863404196576477,0.0095420283322801
0,0,1,Lawschool,0.008,0.7868580894533407,0.0161168691064768
0,0,1,Lawschool,0.016,0.787030646051905,0.0193869612963582
0,0,1,Lawschool,0.024,0.7875138045278851,0.030067519949692
0,0,1,Lawschool,0.032,0.7876518498067366,0.0335465185618873
0,0,1,Lawschool,0.04,0.7877208724461623,0.03954817354993
0,0,1,Lawschool,0.048,0.788342076200994,0.0447939706392575
0,0,1,Lawschool,0.056,0.7886871893981225,0.0543953407865878
0,0,1,Lawschool,0.064,0.7887562120375483,0.0588328113576942
0,0,1,Lawschool,0.072,0.7888942573163997,0.0697842319988104
0,0,2,Lawschool,0.0,0.7846493649917173,0.0195306068467231
0,0,2,Lawschool,0.008,0.7854776366648261,0.0114669097013666
0,0,2,Lawschool,0.016,0.786029817780232,0.0051042946727343
0,0,2,Lawschool,0.024,0.7870996686913307,0.0083421267700358
0,0,2,Lawschool,0.032,0.7880314743235781,0.0222076954474859
0,0,2,Lawschool,0.04,0.7885146327995582,0.0244091122305836
0,0,2,Lawschool,0.048,0.7887562120375483,0.0287930941696704
0,0,2,Lawschool,0.056,0.7886871893981225,0.0369776089753572
0,0,2,Lawschool,0.064,0.788065985643291,0.050295644232481
0,0,2,Lawschool,0.072,0.7883075648812811,0.0548117269336905
0,0,3,Lawschool,0.0,0.7880314743235781,0.0100047814000404
0,0,3,Lawschool,0.008,0.7882385422418553,0.0207955678318832
0,0,3,Lawschool,0.016,0.7883075648812811,0.0260369617308478
0,0,3,Lawschool,0.024,0.7884801214798454,0.033016098060313
0,0,3,Lawschool,0.032,0.788583655438984,0.0392661820196378
0,0,3,Lawschool,0.04,0.7884456101601325,0.0471409533071496
0,0,3,Lawschool,0.048,0.7886181667586969,0.0509526034095271
0,0,3,Lawschool,0.056,0.7875828271673109,0.0628998847513274
0,0,3,Lawschool,0.064,0.7875138045278851,0.0697753548476334
0,0,3,Lawschool,0.072,0.7874102705687466,0.0721478722842696
0,0,4,Lawschool,0.0,0.7873757592490337,0.0068373287375156
0,0,4,Lawschool,0.008,0.7877208724461623,0.0103904097119852
0,0,4,Lawschool,0.016,0.7884110988404197,0.0180024580271967
0,0,4,Lawschool,0.024,0.7887217007178354,0.0279440185959496
0,0,4,Lawschool,0.032,0.7884110988404197,0.0344854541773577
0,0,4,Lawschool,0.04,0.788583655438984,0.0427563631173672
0,0,4,Lawschool,0.048,0.7892393705135284,0.0491448305307166
0,0,4,Lawschool,0.056,0.7898260629486472,0.0598040673636584
0,0,4,Lawschool,0.064,0.7899295969077857,0.0612629473658861
0,0,4,Lawschool,0.072,0.7904472667034788,0.069580923434529
0,0,5,Lawschool,0.0,0.7848564329099945,0.0192083269240629
0,0,5,Lawschool,0.008,0.7853395913859746,0.0279356289508573
0,0,5,Lawschool,0.016,0.786029817780232,0.0431354394806171
0,0,5,Lawschool,0.024,0.7859953064605191,0.0432653096104872
0,0,5,Lawschool,0.032,0.7862368856985091,0.0464848631346093
0,0,5,Lawschool,0.04,0.7868580894533407,0.0524824263910558
0,0,5,Lawschool,0.048,0.7872377139701823,0.0625616327646784
0,0,5,Lawschool,0.056,0.7869961347321922,0.0653062410422816
0,0,5,Lawschool,0.064,0.7867890668139149,0.0733705925584098
0,0,5,Lawschool,0.072,0.7867200441744893,0.0801696442305579
0,0,6,Lawschool,0.0,0.7848219215902816,3.915810439805712e-05
0,0,6,Lawschool,0.008,0.7852705687465489,0.0086862996295582
0,0,6,Lawschool,0.016,0.7855466593042518,0.0148432892661989
0,0,6,Lawschool,0.024,0.7858572611816675,0.0254072473212517
0,0,6,Lawschool,0.032,0.7863749309773606,0.0301406911229366
0,0,6,Lawschool,0.04,0.7863404196576477,0.0374636937590966
0,0,6,Lawschool,0.048,0.7861333517393705,0.0446072247856109
0,0,6,Lawschool,0.056,0.7861333517393705,0.0535043346503812
0,0,6,Lawschool,0.064,0.7859953064605191,0.0646812111401346
0,0,6,Lawschool,0.072,0.786029817780232,0.0710612623382937
0,0,7,Lawschool,0.0,0.7887562120375483,0.0062007493779497
0,0,7,Lawschool,0.008,0.7897915516289343,0.0205762682893164
0,0,7,Lawschool,0.016,0.7897915516289343,0.0232831487535205
0,0,7,Lawschool,0.024,0.7907578685808946,0.0356807630050338
0,0,7,Lawschool,0.032,0.7908268912203202,0.0397385405648747
0,0,7,Lawschool,0.04,0.7907578685808946,0.0505227380587103
0,0,7,Lawschool,0.048,0.7909994478188846,0.0609029531659326
0,0,7,Lawschool,0.056,0.791413583655439,0.0643515554645044
0,0,7,Lawschool,0.064,0.7917241855328547,0.0725830812487246
0,0,7,Lawschool,0.072,0.7915861402540033,0.0753664378930295
0,0,8,Lawschool,0.0,0.7887907233572612,0.0059290963383442
0,0,8,Lawschool,0.008,0.7894809497515185,0.0027142742384032
0,0,8,Lawschool,0.016,0.7895844837106571,0.0102147685922651
0,0,8,Lawschool,0.024,0.7900331308669244,0.0185662972916641
0,0,8,Lawschool,0.032,0.7902401987852016,0.0253985847840634
0,0,8,Lawschool,0.04,0.78986057426836,0.0361383985820762
0,0,8,Lawschool,0.048,0.7900676421866372,0.0387713178915135
0,0,8,Lawschool,0.056,0.7904127553837659,0.0508149368061505
0,0,8,Lawschool,0.064,0.7906543346217559,0.0549258928380881
0,0,8,Lawschool,0.072,0.791413583655439,0.063808712233314
0,0,9,Lawschool,0.0,0.788342076200994,0.0046590295670771
0,0,9,Lawschool,0.008,0.7892393705135284,0.0121505332726405
0,0,9,Lawschool,0.016,0.7896880176697957,0.0211573741740344
0,0,9,Lawschool,0.024,0.7907578685808946,0.034783083704071
0,0,9,Lawschool,0.032,0.7907578685808946,0.034783083704071
0,0,9,Lawschool,0.04,0.791172004417449,0.0419416594048569
0,0,9,Lawschool,0.048,0.790895913859746,0.0490276898635264
0,0,9,Lawschool,0.056,0.790895913859746,0.0599812388686598
0,0,9,Lawschool,0.064,0.7912410270568746,0.0671398145694457
0,0,9,Lawschool,0.072,0.7913100496963004,0.0764669464441444
0,0,10,Lawschool,0.0,0.7879969630038652,0.0090670333235489
0,0,10,Lawschool,0.008,0.7881004969630039,0.0170346753387199
0,0,10,Lawschool,0.016,0.7884456101601325,0.0264341523891918
0,0,10,Lawschool,0.024,0.7892048591938156,0.0404376322822845
0,0,10,Lawschool,0.032,0.7892393705135284,0.040820285343509
0,0,10,Lawschool,0.04,0.79010215350635,0.050886291306833
0,0,10,Lawschool,0.048,0.790378244064053,0.0641244650774768
0,0,10,Lawschool,0.056,0.790378244064053,0.0641244650774768
0,0,10,Lawschool,0.064,0.7907233572611817,0.0688662539201903
0,0,10,Lawschool,0.072,0.7906888459414688,0.0787203185589148
0,0,11,Lawschool,0.0,0.7873757592490337,0.0010515021804496
0,0,11,Lawschool,0.008,0.7881004969630039,0.0066858783711315
0,0,11,Lawschool,0.016,0.7879624516841524,0.0142507974106062
0,0,11,Lawschool,0.024,0.7887907233572612,0.0314032043597881
0,0,11,Lawschool,0.032,0.7887907233572612,0.0314032043597881
0,0,11,Lawschool,0.04,0.7895844837106571,0.038543815257261
0,0,11,Lawschool,0.048,0.7900676421866372,0.0431995900024295
0,0,11,Lawschool,0.056,0.7903437327443401,0.0557917272085706
0,0,11,Lawschool,0.064,0.7902401987852016,0.059426424157629
0,0,11,Lawschool,0.072,0.7899295969077857,0.0690369656269725
0,0,12,Lawschool,0.0,0.7850980121479846,0.0134375315313805
0,0,12,Lawschool,0.008,0.7853741027056874,0.0177664387240019
0,0,12,Lawschool,0.016,0.7858572611816675,0.0272404415674266
0,0,12,Lawschool,0.024,0.7862368856985091,0.0349208332407502
0,0,12,Lawschool,0.032,0.7866510215350635,0.0423345734006828
0,0,12,Lawschool,0.04,0.7873412479293208,0.0482847353938145
0,0,12,Lawschool,0.048,0.7872377139701823,0.0538668354897003
0,0,12,Lawschool,0.056,0.7865474875759249,0.0642964660691079
0,0,12,Lawschool,0.064,0.7867200441744893,0.0762059087333257
0,0,12,Lawschool,0.072,0.7867200441744893,0.0762059087333257
0,0,13,Lawschool,0.0,0.7884801214798454,0.0051239793622629
0,0,13,Lawschool,0.008,0.7888252346769741,0.0124286310420552
0,0,13,Lawschool,0.016,0.79010215350635,0.0295232526892924
0,0,13,Lawschool,0.024,0.79010215350635,0.0295232526892924
0,0,13,Lawschool,0.032,0.7899295969077857,0.0383565507722877
0,0,13,Lawschool,0.04,0.7895499723909443,0.0524871762201494
0,0,13,Lawschool,0.048,0.7897225289895086,0.058760283015178
0,0,13,Lawschool,0.056,0.7896189950303699,0.0644474739278027
0,0,13,Lawschool,0.064,0.7896189950303699,0.0671236783680385
0,0,13,Lawschool,0.072,0.7893774157923799,0.0768527166988194
0,0,14,Lawschool,0.0,0.7886526780784097,0.0049039235392576
0,0,14,Lawschool,0.008,0.7886526780784097,0.0096933858339909
0,0,14,Lawschool,0.016,0.7887562120375483,0.0196839365019056
0,0,14,Lawschool,0.024,0.7895154610712314,0.0317025977254283
0,0,14,Lawschool,0.032,0.7894809497515185,0.0322771608961559
0,0,14,Lawschool,0.04,0.7893083931529542,0.0385844935967834
0,0,14,Lawschool,0.048,0.7897225289895086,0.0493468355779572
0,0,14,Lawschool,0.056,0.7896189950303699,0.0542606362987099
0,0,14,Lawschool,0.064,0.7901366648260629,0.0596889726510551
0,0,14,Lawschool,0.072,0.7895844837106571,0.0661378014369575
0,0,15,Lawschool,0.0,0.7881004969630039,0.0088799619864293
0,0,15,Lawschool,0.008,0.7883075648812811,0.0128240245302699
0,0,15,Lawschool,0.016,0.7886871893981225,0.0238286266612096
0,0,15,Lawschool,0.024,0.7886526780784097,0.0258006579331299
0,0,15,Lawschool,0.032,0.7888942573163997,0.0357980125194348
0,0,15,Lawschool,0.04,0.7891358365543898,0.0423336239616896
0,0,15,Lawschool,0.048,0.7887562120375483,0.0504440198384771
0,0,15,Lawschool,0.056,0.7895499723909443,0.0622005068991384
0,0,15,Lawschool,0.064,0.7897915516289343,0.06501901258243
0,0,15,Lawschool,0.072,0.7902056874654887,0.0751014397311378
0,0,16,Lawschool,0.0,0.7868926007730536,0.0024160156627945
0,0,16,Lawschool,0.008,0.7871341800110436,0.0087500663310718
0,0,16,Lawschool,0.016,0.787548315847598,0.0173169024390883
0,0,16,Lawschool,0.024,0.7878244064053009,0.0250609457484375
0,0,16,Lawschool,0.032,0.7881695196024296,0.0299178903799889
0,0,16,Lawschool,0.04,0.7876863611264495,0.0357730136103944
0,0,16,Lawschool,0.048,0.7875138045278851,0.0451698271852457
0,0,16,Lawschool,0.056,0.7883075648812811,0.0535952518337866
0,0,16,Lawschool,0.064,0.788342076200994,0.0589849816768869
0,0,16,Lawschool,0.072,0.7886181667586969,0.0679025893852768
0,0,17,Lawschool,0.0,0.7898950855880729,0.0025634075787804
0,0,17,Lawschool,0.008,0.7899641082274986,0.0165479457614841
0,0,17,Lawschool,0.016,0.7897570403092214,0.0205521419717817
0,0,17,Lawschool,0.024,0.7909649364991718,0.0346293698815756
0,0,17,Lawschool,0.032,0.7910684704583103,0.0348530936123313
0,0,17,Lawschool,0.04,0.7916551628934291,0.0423811581103316
0,0,17,Lawschool,0.048,0.7913445610160132,0.0513912825604376
0,0,17,Lawschool,0.056,0.791689674213142,0.0623893577362944
0,0,17,Lawschool,0.064,0.7918277194919934,0.0650740425053623
0,0,17,Lawschool,0.072,0.791689674213142,0.0741311947959499
0,0,18,Lawschool,0.0,0.7857882385422419,0.0115511803879724
0,0,18,Lawschool,0.008,0.7863749309773606,0.0194579458674789
0,0,18,Lawschool,0.016,0.7868235781336278,0.0334275568093699
0,0,18,Lawschool,0.024,0.7868235781336278,0.0334275568093699
0,0,18,Lawschool,0.032,0.7868235781336278,0.0412458242088872
0,0,18,Lawschool,0.04,0.7870996686913307,0.0476730336172509
0,0,18,Lawschool,0.048,0.7873757592490337,0.0551534961878943
0,0,18,Lawschool,0.056,0.7871341800110436,0.0627490159556319
0,0,18,Lawschool,0.064,0.7870996686913307,0.0750428823117055
0,0,18,Lawschool,0.072,0.7869616234124793,0.0802678554811814
0,0,19,Lawschool,0.0,0.7898950855880729,0.0063844358195111
0,0,19,Lawschool,0.008,0.7897915516289343,0.0124688298139765
0,0,19,Lawschool,0.016,0.7900676421866372,0.0191883241159353
0,0,19,Lawschool,0.024,0.78986057426836,0.0262608604028908
0,0,19,Lawschool,0.032,0.7899986195472115,0.0386050971971761
0,0,19,Lawschool,0.04,0.7900676421866372,0.0395818109494285
0,0,19,Lawschool,0.048,0.7904817780231916,0.0478075819811347
0,0,19,Lawschool,0.056,0.7903092214246272,0.0546799360547587
0,0,19,Lawschool,0.064,0.7906543346217559,0.0597517223955429
0,0,19,Lawschool,0.072,0.7906198233020431,0.0683068741914124
0,0,20,Lawschool,0.0,0.7868926007730536,0.0048796930787859
0,0,20,Lawschool,0.008,0.787030646051905,0.0090541014005328
0,0,20,Lawschool,0.016,0.7870996686913307,0.0165362764478223
0,0,20,Lawschool,0.024,0.7871341800110436,0.0244583773313201
0,0,20,Lawschool,0.032,0.7878244064053009,0.0345214861677504
0,0,20,Lawschool,0.04,0.787789895085588,0.0375932591235285
0,0,20,Lawschool,0.048,0.7873757592490337,0.0440087144570098
0,0,20,Lawschool,0.056,0.7876518498067366,0.0572587723586523
0,0,20,Lawschool,0.064,0.7879969630038652,0.0606213063634639
0,0,20,Lawschool,0.072,0.7879279403644396,0.0660360923641984
0,0,21,Lawschool,0.0,0.7879279403644396,0.013438028537844
0,0,21,Lawschool,0.008,0.7884456101601325,0.0229367755493973
0,0,21,Lawschool,0.016,0.7885146327995582,0.0230310173739191
0,0,21,Lawschool,0.024,0.7889287686361126,0.0303522726341844
0,0,21,Lawschool,0.032,0.7896189950303699,0.0444763923500335
0,0,21,Lawschool,0.04,0.7892738818332413,0.0518720298602437
0,0,21,Lawschool,0.048,0.7896880176697957,0.060229945190248
0,0,21,Lawschool,0.056,0.7896189950303699,0.0665492034815657
0,0,21,Lawschool,0.064,0.7894464384318056,0.0736893768558948
0,0,21,Lawschool,0.072,0.7896189950303699,0.0759313818396514
0,0,22,Lawschool,0.0,0.7883765875207068,0.0056809988859483
0,0,22,Lawschool,0.008,0.7890323025952513,0.0071171372931469
0,0,22,Lawschool,0.016,0.7894464384318056,0.0127121756132089
0,0,22,Lawschool,0.024,0.7899641082274986,0.0207394911827779
0,0,22,Lawschool,0.032,0.790378244064053,0.0295635448129927
0,0,22,Lawschool,0.04,0.7905853119823302,0.0357856394171877
0,0,22,Lawschool,0.048,0.7902401987852016,0.0436270885001726
0,0,22,Lawschool,0.056,0.7904472667034788,0.0510839083777795
0,0,22,Lawschool,0.064,0.7900331308669244,0.05749347076095
0,0,22,Lawschool,0.072,0.7904472667034788,0.0636218314756572
0,0,23,Lawschool,0.0,0.7882730535615682,0.0064363921593002
0,0,23,Lawschool,0.008,0.7885146327995582,0.0109054566365232
0,0,23,Lawschool,0.016,0.7887217007178354,0.018483741282729
0,0,23,Lawschool,0.024,0.7889287686361126,0.0264284343848922
0,0,23,Lawschool,0.032,0.7888942573163997,0.0334082103203481
0,0,23,Lawschool,0.04,0.7889287686361126,0.0390959704967752
0,0,23,Lawschool,0.048,0.7889287686361126,0.0456482539133502
0,0,23,Lawschool,0.056,0.7894464384318056,0.0527094432921764
0,0,23,Lawschool,0.064,0.7899295969077857,0.0615742521867977
0,0,23,Lawschool,0.072,0.7902401987852016,0.0682690331096664
0,0,24,Lawschool,0.0,0.7860643290999448,0.0086860297283879
0,0,24,Lawschool,0.008,0.7859953064605191,0.0098939893851608
0,0,24,Lawschool,0.016,0.7869961347321922,0.0226203816183765
0,0,24,Lawschool,0.024,0.7873757592490337,0.0336181322888303
0,0,24,Lawschool,0.032,0.7874447818884595,0.0343920262653555
0,0,24,Lawschool,0.04,0.7874447818884595,0.0409448852969801
0,0,24,Lawschool,0.048,0.7877208724461623,0.0564788964203097
0,0,24,Lawschool,0.056,0.787789895085588,0.0569948257379932
0,0,24,Lawschool,0.064,0.7881695196024296,0.0620917579063849
0,0,24,Lawschool,0.072,0.7882040309221424,0.0661568314394096
0,0,25,Lawschool,0.0,0.7845458310325787,0.0103916672113308
0,0,25,Lawschool,0.008,0.7848909442297074,0.0170628569446932
0,0,25,Lawschool,0.016,0.7851670347874102,0.0250295804533992
0,0,25,Lawschool,0.024,0.7856847045831032,0.0349730918737999
0,0,25,Lawschool,0.032,0.785753727222529,0.0361190609643254
0,0,25,Lawschool,0.04,0.7865474875759249,0.048797652643658
0,0,25,Lawschool,0.048,0.7867200441744893,0.0555592404095304
0,0,25,Lawschool,0.056,0.7866855328547764,0.060972084933944
0,0,25,Lawschool,0.064,0.7866855328547764,0.0716087648630812
0,0,25,Lawschool,0.072,0.7868926007730536,0.0774468799067974
0,0,26,Lawschool,0.0,0.7849944781888459,0.0103494866963399
0,0,26,Lawschool,0.008,0.7850980121479846,0.019038841967532
0,0,26,Lawschool,0.016,0.7854776366648261,0.0252895155570208
0,0,26,Lawschool,0.024,0.7862023743787963,0.0401634950679963
0,0,26,Lawschool,0.032,0.785753727222529,0.0538494608687666
0,0,26,Lawschool,0.04,0.7857882385422419,0.0539783102438472
0,0,26,Lawschool,0.048,0.7855811706239647,0.0593144782026972
0,0,26,Lawschool,0.056,0.786271397018222,0.0660962128578314
0,0,26,Lawschool,0.064,0.7861678630590834,0.0735347543934433
0,0,26,Lawschool,0.072,0.786271397018222,0.0799676209385609
0,0,27,Lawschool,0.0,0.7850635008282717,0.0075175700491712
0,0,27,Lawschool,0.008,0.7854086140254003,0.0136263457619834
0,0,27,Lawschool,0.016,0.7858572611816675,0.0202510931432604
0,0,27,Lawschool,0.024,0.7863749309773606,0.0265944014326476
0,0,27,Lawschool,0.032,0.7866855328547764,0.0324990048522728
0,0,27,Lawschool,0.04,0.7867545554942021,0.0397234168381819
0,0,27,Lawschool,0.048,0.7873067366096079,0.0445694105944879
0,0,27,Lawschool,0.056,0.787548315847598,0.0544803462282796
0,0,27,Lawschool,0.064,0.7880314743235781,0.0634899379766242
0,0,27,Lawschool,0.072,0.7881004969630039,0.0693678750698597
0,0,28,Lawschool,0.0,0.7870996686913307,0.0018103666610774
0,0,28,Lawschool,0.008,0.7875138045278851,0.0088755686207491
0,0,28,Lawschool,0.016,0.7879279403644396,0.0183653150251602
0,0,28,Lawschool,0.024,0.7887217007178354,0.0403939455366258
0,0,28,Lawschool,0.032,0.7887217007178354,0.0403939455366258
0,0,28,Lawschool,0.04,0.7885491441192711,0.0429017223580368
0,0,28,Lawschool,0.048,0.7891358365543898,0.0505524275511587
0,0,28,Lawschool,0.056,0.7896189950303699,0.0612768799758838
0,0,28,Lawschool,0.064,0.7898950855880729,0.0627012097911576
0,0,28,Lawschool,0.072,0.7902056874654887,0.0709526239568962
0,0,29,Lawschool,0.0,0.7856501932633904,0.0035431134988245
0,0,29,Lawschool,0.008,0.7863404196576477,0.0152617639306409
0,0,29,Lawschool,0.016,0.7871341800110436,0.02410694621789
0,0,29,Lawschool,0.024,0.7881004969630039,0.0347175582748168
0,0,29,Lawschool,0.032,0.7884110988404197,0.0417251221684704
0,0,29,Lawschool,0.04,0.7888252346769741,0.0485204852824002
0,0,29,Lawschool,0.048,0.7893774157923799,0.0563298178186775
0,0,29,Lawschool,0.056,0.7894464384318056,0.062934860481508
0,0,29,Lawschool,0.064,0.7899295969077857,0.0707420104717704
0,0,29,Lawschool,0.072,0.7899986195472115,0.076745999470885
0,0,30,Lawschool,0.0,0.7879279403644396,0.0101314472114812
0,0,30,Lawschool,0.008,0.7883765875207068,0.0200762565487352
0,0,30,Lawschool,0.016,0.7886871893981225,0.0295590916702116
0,0,30,Lawschool,0.024,0.7882040309221424,0.0352237269976626
0,0,30,Lawschool,0.032,0.7885491441192711,0.0435889723453665
0,0,30,Lawschool,0.04,0.7887217007178354,0.049151138750252
0,0,30,Lawschool,0.048,0.7887907233572612,0.057503359466577
0,0,30,Lawschool,0.056,0.7887562120375483,0.0615916202626276
0,0,30,Lawschool,0.064,0.7889977912755384,0.0726655826753484
0,0,30,Lawschool,0.072,0.7884801214798454,0.0815498183509597
0,0,31,Lawschool,0.0,0.787272225289895,0.000575452868753
0,0,31,Lawschool,0.008,0.787272225289895,0.0071669455081848
0,0,31,Lawschool,0.016,0.7870651573716179,0.0149619988317123
0,0,31,Lawschool,0.024,0.7882385422418553,0.0293886299485323
0,0,31,Lawschool,0.032,0.7882385422418553,0.0293886299485323
0,0,31,Lawschool,0.04,0.7881695196024296,0.0361168387810081
0,0,31,Lawschool,0.048,0.788583655438984,0.0466096702324574
0,0,31,Lawschool,0.056,0.7886181667586969,0.0510998559546602
0,0,31,Lawschool,0.064,0.7886871893981225,0.0566645892569011
0,0,31,Lawschool,0.072,0.7884801214798454,0.0665515979112641
0,0,32,Lawschool,0.0,0.7857192159028161,0.0023439189081786
0,0,32,Lawschool,0.008,0.7862023743787963,0.0060446231221748
0,0,32,Lawschool,0.016,0.7867200441744893,0.0164217425875412
0,0,32,Lawschool,0.024,0.7868235781336278,0.028283253467222
0,0,32,Lawschool,0.032,0.7867545554942021,0.0320196697231523
0,0,32,Lawschool,0.04,0.787272225289895,0.0410214096595797
0,0,32,Lawschool,0.048,0.787789895085588,0.0509007025342836
0,0,32,Lawschool,0.056,0.7877208724461623,0.0553248085546835
0,0,32,Lawschool,0.064,0.7878244064053009,0.0626550167797887
0,0,32,Lawschool,0.072,0.7882040309221424,0.0705393727894438
0,0,33,Lawschool,0.0,0.7934497515184981,0.0102444852567332
0,0,33,Lawschool,0.008,0.7942780231916069,0.0166197755632625
0,0,33,Lawschool,0.016,0.7948647156267256,0.0335926500859335
0,0,33,Lawschool,0.024,0.7945541137493097,0.0382861810134202
0,0,33,Lawschool,0.032,0.7945541137493097,0.0382861810134202
0,0,33,Lawschool,0.04,0.7950372722252899,0.0440498715289714
0,0,33,Lawschool,0.048,0.7955894533406958,0.0561770154071464
0,0,33,Lawschool,0.056,0.7953478741027057,0.0593412667648938
0,0,33,Lawschool,0.064,0.7952098288238543,0.0659166647486433
0,0,33,Lawschool,0.072,0.795244340143567,0.071527315270303
0,0,34,Lawschool,0.0,0.7866510215350635,0.0123906120576538
0,0,34,Lawschool,0.008,0.7877208724461623,0.0240395067719105
0,0,34,Lawschool,0.016,0.787789895085588,0.0345160685436115
0,0,34,Lawschool,0.024,0.7879624516841524,0.0374816841898306
0,0,34,Lawschool,0.032,0.7878934290447267,0.0448623710994729
0,0,34,Lawschool,0.04,0.7882385422418553,0.0494288865134118
0,0,34,Lawschool,0.048,0.7885146327995582,0.0604886088685751
0,0,34,Lawschool,0.056,0.7886181667586969,0.0644659519234205
0,0,34,Lawschool,0.064,0.7886871893981225,0.0725237005386434
0,0,34,Lawschool,0.072,0.7890668139149641,0.0790335117228371
0,0,35,Lawschool,0.0,0.792414411927112,0.0028058271845924
0,0,35,Lawschool,0.008,0.7927940364439536,0.0047371808084753
0,0,35,Lawschool,0.016,0.7928630590833794,0.0156796160336403
0,0,35,Lawschool,0.024,0.7934842628382109,0.0267772721180255
0,0,35,Lawschool,0.032,0.7939674213141911,0.0304006968321822
0,0,35,Lawschool,0.04,0.7942090005521811,0.039442910576828
0,0,35,Lawschool,0.048,0.794243511871894,0.0460395649466239
0,0,35,Lawschool,0.056,0.794001932633904,0.0561262205590174
0,0,35,Lawschool,0.064,0.7944850911098841,0.0629359737170423
0,0,35,Lawschool,0.072,0.7941399779127554,0.0683337106741343
0,0,36,Lawschool,0.0,0.7864439536167863,0.0145868988610995
0,0,36,Lawschool,0.008,0.7868235781336278,0.005666264259969
0,0,36,Lawschool,0.016,0.7876173384870238,0.0030570648320802
0,0,36,Lawschool,0.024,0.7873757592490337,0.0100256419929068
0,0,36,Lawschool,0.032,0.7872377139701823,0.0187385567330088
0,0,36,Lawschool,0.04,0.7876518498067366,0.0301173042192944
0,0,36,Lawschool,0.048,0.7879279403644396,0.034196254709417
0,0,36,Lawschool,0.056,0.7879624516841524,0.0433783221269837
0,0,36,Lawschool,0.064,0.7880314743235781,0.0561557544893882
0,0,36,Lawschool,0.072,0.7881350082827168,0.0599323508798148
0,0,37,Lawschool,0.0,0.7875138045278851,0.0027755215748276
0,0,37,Lawschool,0.008,0.7875828271673109,0.0053309382407405
0,0,37,Lawschool,0.016,0.7881004969630039,0.0195308826446839
0,0,37,Lawschool,0.024,0.7883075648812811,0.03267900030813
0,0,37,Lawschool,0.032,0.7884456101601325,0.0348411200977333
0,0,37,Lawschool,0.04,0.7889632799558255,0.0457289625908486
0,0,37,Lawschool,0.048,0.7890323025952513,0.0532636633942176
0,0,37,Lawschool,0.056,0.7893429044726671,0.0617777834057227
0,0,37,Lawschool,0.064,0.7895844837106571,0.0717843620714294
0,0,37,Lawschool,0.072,0.7897225289895086,0.0757737710829351
0,0,38,Lawschool,0.0,0.7841662065157372,0.0004869337184947
0,0,38,Lawschool,0.008,0.7858227498619548,0.0153376469336767
0,0,38,Lawschool,0.016,0.7859262838210933,0.0155607570727395
0,0,38,Lawschool,0.024,0.7868580894533407,0.0312755499004791
0,0,38,Lawschool,0.032,0.7868926007730536,0.0318380196827135
0,0,38,Lawschool,0.04,0.7881004969630039,0.0440397721728347
0,0,38,Lawschool,0.048,0.7877553837658752,0.0469495928498064
0,0,38,Lawschool,0.056,0.7877553837658752,0.0552454178735452
0,0,38,Lawschool,0.064,0.7877553837658752,0.0653387072807364
0,0,38,Lawschool,0.072,0.7878244064053009,0.0669224503942802
0,0,39,Lawschool,0.0,0.787548315847598,0.0047138177289023
0,0,39,Lawschool,0.008,0.788583655438984,0.0150772542552036
0,0,39,Lawschool,0.016,0.788342076200994,0.0194335601696068
0,0,39,Lawschool,0.024,0.7887562120375483,0.0285237263898428
0,0,39,Lawschool,0.032,0.7887562120375483,0.0341170296067043
0,0,39,Lawschool,0.04,0.788583655438984,0.0397552846811687
0,0,39,Lawschool,0.048,0.788583655438984,0.044659297798408
0,0,39,Lawschool,0.056,0.7886871893981225,0.0554320768370944
0,0,39,Lawschool,0.064,0.7884801214798454,0.0608606878902101
0,0,39,Lawschool,0.072,0.7884456101601325,0.0721449011281255
0,0,40,Lawschool,0.0,0.7880314743235781,0.0035683479016919
0,0,40,Lawschool,0.008,0.7883075648812811,0.0049528846943887
0,0,40,Lawschool,0.016,0.7887907233572612,0.0117487346136244
0,0,40,Lawschool,0.024,0.7894809497515185,0.0243007983247402
0,0,40,Lawschool,0.032,0.7894809497515185,0.0243007983247402
0,0,40,Lawschool,0.04,0.7892738818332413,0.0312126613962449
0,0,40,Lawschool,0.048,0.78986057426836,0.0393770793539304
0,0,40,Lawschool,0.056,0.7894809497515185,0.0491391665940744
0,0,40,Lawschool,0.064,0.7897915516289343,0.0533608838616929
0,0,40,Lawschool,0.072,0.7904127553837659,0.0624790486432986
0,0,41,Lawschool,0.0,0.7873412479293208,0.0057691737484317
0,0,41,Lawschool,0.008,0.7877553837658752,0.0028953292188371
0,0,41,Lawschool,0.016,0.7888942573163997,0.0127907541952258
0,0,41,Lawschool,0.024,0.7890323025952513,0.0161234086383033
0,0,41,Lawschool,0.032,0.7892738818332413,0.0297092421591821
0,0,41,Lawschool,0.04,0.7893429044726671,0.0329849767581353
0,0,41,Lawschool,0.048,0.7897225289895086,0.0448848940761073
0,0,41,Lawschool,0.056,0.7900331308669244,0.0557657954997839
0,0,41,Lawschool,0.064,0.7902747101049145,0.0585925146759384
0,0,41,Lawschool,0.072,0.7903437327443401,0.0694760652298497
0,0,42,Lawschool,0.0,0.787030646051905,0.001765597490941
0,0,42,Lawschool,0.008,0.7873412479293208,0.0017986206547814
0,0,42,Lawschool,0.016,0.7881004969630039,0.0166199013076898
0,0,42,Lawschool,0.024,0.7881350082827168,0.0307473910467449
0,0,42,Lawschool,0.032,0.7881350082827168,0.0307473910467449
0,0,42,Lawschool,0.04,0.7884110988404197,0.0343586746605335
0,0,42,Lawschool,0.048,0.7887907233572612,0.0446515557792202
0,0,42,Lawschool,0.056,0.7891703478741027,0.0563323962723881
0,0,42,Lawschool,0.064,0.789101325234677,0.0582851412636623
0,0,42,Lawschool,0.072,0.7887217007178354,0.0673901384404954
0,0,43,Lawschool,0.0,0.7887217007178354,0.0061333306278285
0,0,43,Lawschool,0.008,0.7889632799558255,0.0120778548003713
0,0,43,Lawschool,0.016,0.7893429044726671,0.019575497157072
0,0,43,Lawschool,0.024,0.7902056874654887,0.0342192795185883
0,0,43,Lawschool,0.032,0.790378244064053,0.0356555917985547
0,0,43,Lawschool,0.04,0.7908614025400331,0.042871489954092
0,0,43,Lawschool,0.048,0.7909994478188846,0.0545120462144092
0,0,43,Lawschool,0.056,0.7912410270568746,0.0607388569077707
0,0,43,Lawschool,0.064,0.7918277194919934,0.0676127097912553
0,0,43,Lawschool,0.072,0.7922763666482606,0.0785242970326188
0,0,44,Lawschool,0.0,0.7888942573163997,0.0062165762561121
0,0,44,Lawschool,0.008,0.7887907233572612,0.0135334218857731
0,0,44,Lawschool,0.016,0.788859745996687,0.0226891013027749
0,0,44,Lawschool,0.024,0.7893774157923799,0.0284104296511483
0,0,44,Lawschool,0.032,0.7897225289895086,0.0370339160477696
0,0,44,Lawschool,0.04,0.7897570403092214,0.0418667277093557
0,0,44,Lawschool,0.048,0.7900676421866372,0.0521987385476183
0,0,44,Lawschool,0.056,0.79010215350635,0.0582039964814546
0,0,44,Lawschool,0.064,0.7904127553837659,0.0647771135862164
0,0,44,Lawschool,0.072,0.7910339591385974,0.0731823559601516
0,0,45,Lawschool,0.0,0.7873067366096079,0.0027538121225422
0,0,45,Lawschool,0.008,0.7882040309221424,0.0118641173194277
0,0,45,Lawschool,0.016,0.788342076200994,0.0191491186590305
0,0,45,Lawschool,0.024,0.7889632799558255,0.0329089383321601
0,0,45,Lawschool,0.032,0.7894464384318056,0.035355701439916
0,0,45,Lawschool,0.04,0.7892393705135284,0.0452339262905913
0,0,45,Lawschool,0.048,0.7894119271120927,0.0483363049563421
0,0,45,Lawschool,0.056,0.7892738818332413,0.0569748007642208
0,0,45,Lawschool,0.064,0.7893083931529542,0.069659294015864
0,0,45,Lawschool,0.072,0.7896189950303699,0.0713007917041587
0,0,46,Lawschool,0.0,0.7868580894533407,0.01152301883561
0,0,46,Lawschool,0.008,0.7873412479293208,0.0192208003478821
0,0,46,Lawschool,0.016,0.7876863611264495,0.026424313446998
0,0,46,Lawschool,0.024,0.7880314743235781,0.0387726690104789
0,0,46,Lawschool,0.032,0.788065985643291,0.0461715744319273
0,0,46,Lawschool,0.04,0.7879624516841524,0.0489686112628556
0,0,46,Lawschool,0.048,0.7878934290447267,0.0593264838365499
0,0,46,Lawschool,0.056,0.788342076200994,0.0655944042946438
0,0,46,Lawschool,0.064,0.7886181667586969,0.0717058967989563
0,0,46,Lawschool,0.072,0.7887217007178354,0.0819134142659828
0,0,47,Lawschool,0.0,0.7850289895085588,0.0106725294575846
0,0,47,Lawschool,0.008,0.7854431253451132,0.0204756999994638
0,0,47,Lawschool,0.016,0.7859262838210933,0.035218275411809
0,0,47,Lawschool,0.024,0.7860988404196576,0.0385269256268406
0,0,47,Lawschool,0.032,0.7866165102153506,0.0488925017901307
0,0,47,Lawschool,0.04,0.7867200441744893,0.0504541877035911
0,0,47,Lawschool,0.048,0.7865129762562121,0.0637266081632439
0,0,47,Lawschool,0.056,0.7868926007730536,0.0690524615716464
0,0,47,Lawschool,0.064,0.7867890668139149,0.0750382876383244
0,0,47,Lawschool,0.072,0.7862023743787963,0.0802764296954807
0,0,48,Lawschool,0.0,0.7849254555494202,0.0057488589157426
0,0,48,Lawschool,0.008,0.785753727222529,0.0036290252363916
0,0,48,Lawschool,0.016,0.7863404196576477,0.0100365591980388
0,0,48,Lawschool,0.024,0.7873757592490337,0.0197925151838214
0,0,48,Lawschool,0.032,0.7880314743235781,0.0273457770691886
0,0,48,Lawschool,0.04,0.7881004969630039,0.035700119767894
0,0,48,Lawschool,0.048,0.7882730535615682,0.0434447394032501
0,0,48,Lawschool,0.056,0.7886181667586969,0.0490650268074987
0,0,48,Lawschool,0.064,0.7888942573163997,0.0585812535190284
0,0,48,Lawschool,0.072,0.7889287686361126,0.0650856272722523
0,0,49,Lawschool,0.0,0.7864784649364992,0.0092900931420696
0,0,49,Lawschool,0.008,0.7872032026504694,0.0166052548516804
0,0,49,Lawschool,0.016,0.7878934290447267,0.0352045557470284
0,0,49,Lawschool,0.024,0.7879624516841524,0.0358309268527939
0,0,49,Lawschool,0.032,0.787789895085588,0.0412972645521005
0,0,49,Lawschool,0.04,0.7869961347321922,0.0477248221360921
0,0,49,Lawschool,0.048,0.7873757592490337,0.0574011774600504
0,0,49,Lawschool,0.056,0.7873757592490337,0.0689905132714216
0,0,49,Lawschool,0.064,0.7871341800110436,0.0752939729180267
0,0,49,Lawschool,0.072,0.7874792932081722,0.0833227957912566
