,Unnamed: 0,seed,dataset,alpha,acc,disparity
0,0,0,AdultCensus,0.0,0.8519074592233672,0.1742488030326111
0,0,0,AdultCensus,0.2,0.8502695693714598,0.1493056351155757
0,0,0,AdultCensus,0.4,0.8482904524670716,0.1132403330903517
0,0,0,AdultCensus,0.6,0.8439227461953184,0.1112854647095531
0,0,0,AdultCensus,0.8,0.8353920698833004,0.0696418477172954
0,0,0,AdultCensus,1.0,0.8372346959666962,0.0577071942261877
0,0,0,AdultCensus,1.2,0.8230396505834983,0.0708726394804307
0,0,0,AdultCensus,1.4,0.8358015423462772,0.0574777256423588
0,0,0,AdultCensus,1.6,0.8272708660342591,0.0314214588377088
0,0,0,AdultCensus,1.8,0.8303419095065857,0.0290811352735766
0,0,1,AdultCensus,0.0,0.8510885142974135,0.1670966563054095
0,0,1,AdultCensus,0.2,0.8519074592233672,0.1569084031802867
0,0,1,AdultCensus,0.4,0.8479492254145908,0.1358467775748044
0,0,1,AdultCensus,0.6,0.8430355558588685,0.1142663298625399
0,0,1,AdultCensus,0.8,0.8394185491025729,0.1027999394960626
0,0,1,AdultCensus,1.0,0.8287040196546782,0.0508079325622371
0,0,1,AdultCensus,1.2,0.8322527810004777,0.1050609493651557
0,0,1,AdultCensus,1.4,0.834777861188835,0.0367643671964726
0,0,1,AdultCensus,1.6,0.8259742032348325,0.045794634687653
0,0,1,AdultCensus,1.8,0.8205828158056371,0.0396087566710821
0,0,2,AdultCensus,0.0,0.8447416911212721,0.1758450641227091
0,0,2,AdultCensus,0.2,0.8441957278373029,0.1470247807498214
0,0,2,AdultCensus,0.4,0.8422166109329148,0.1185793780914242
0,0,2,AdultCensus,0.6,0.8406469664915035,0.0943281052865681
0,0,2,AdultCensus,0.8,0.83805364089265,0.0870884261690783
0,0,2,AdultCensus,1.0,0.8289087558861666,0.0666846300090247
0,0,2,AdultCensus,1.2,0.8315703268955162,0.0533167931981514
0,0,2,AdultCensus,1.4,0.81628335494438,0.0406277476128002
0,0,2,AdultCensus,1.6,0.8194908892376987,0.0199388663216741
0,0,2,AdultCensus,1.8,0.8183307172592643,0.0281010524422687
0,0,3,AdultCensus,0.0,0.8512932505289019,0.1723965683274052
0,0,3,AdultCensus,0.2,0.8490411519825292,0.1592149642039396
0,0,3,AdultCensus,0.4,0.848017470825087,0.1472746464455536
0,0,3,AdultCensus,0.6,0.8459018630997065,0.1182056902045847
0,0,3,AdultCensus,0.8,0.8425578379853955,0.0960165358081812
0,0,3,AdultCensus,1.0,0.841875383880434,0.062112864755748
0,0,3,AdultCensus,1.2,0.8395550399235652,0.0653361340036377
0,0,3,AdultCensus,1.4,0.8388043404081076,0.070402048641368
0,0,3,AdultCensus,1.6,0.8285675288336859,0.0732543604358656
0,0,3,AdultCensus,1.8,0.8345731249573466,0.0223058886717588
0,0,4,AdultCensus,0.0,0.8519757046338634,0.1717220524950691
0,0,4,AdultCensus,0.2,0.8517027229918788,0.160579904639184
0,0,4,AdultCensus,0.4,0.8406469664915035,0.1168510488514769
0,0,4,AdultCensus,0.6,0.8410564389544803,0.0877891922639794
0,0,4,AdultCensus,0.8,0.837098205145704,0.0982194631259425
0,0,4,AdultCensus,1.0,0.8312290998430355,0.078186654497354
0,0,4,AdultCensus,1.2,0.8412611751859688,0.0743779114846751
0,0,4,AdultCensus,1.4,0.828089810960213,0.0416615971725889
0,0,4,AdultCensus,1.6,0.8207193066266294,0.0551282159807046
0,0,4,AdultCensus,1.8,0.8285675288336859,0.0343893421146446
0,0,5,AdultCensus,0.0,0.8512932505289019,0.163714317929591
0,0,5,AdultCensus,0.2,0.8523851770968403,0.1453785817205772
0,0,5,AdultCensus,0.4,0.8493823790350099,0.1258731222518957
0,0,5,AdultCensus,0.6,0.8476079983621101,0.109441253279144
0,0,5,AdultCensus,0.8,0.8484269432880639,0.1045495642729126
0,0,5,AdultCensus,1.0,0.8358015423462772,0.0551565965483049
0,0,5,AdultCensus,1.2,0.8375759230191769,0.046357933037049
0,0,5,AdultCensus,1.4,0.8244728042039173,0.0248986484774467
0,0,5,AdultCensus,1.6,0.8319797993584931,0.030145088927515
0,0,5,AdultCensus,1.8,0.8282945471917014,0.0370418488882582
0,0,6,AdultCensus,0.0,0.8572988466525626,0.1693090148087216
0,0,6,AdultCensus,0.2,0.8522486862758479,0.1524830129939101
0,0,6,AdultCensus,0.4,0.8498600969084829,0.125558793506974
0,0,6,AdultCensus,0.6,0.850406060192452,0.1276239318273715
0,0,6,AdultCensus,0.8,0.8439909916058145,0.1097428350248911
0,0,6,AdultCensus,1.0,0.8335494437999045,0.0699725634366339
0,0,6,AdultCensus,1.2,0.8301371732750973,0.0541503167141893
0,0,6,AdultCensus,1.4,0.8317068177165086,0.0461186722629473
0,0,6,AdultCensus,1.6,0.8254282399508633,0.0702739347414855
0,0,6,AdultCensus,1.8,0.8321845355899816,0.0545008755636151
0,0,7,AdultCensus,0.0,0.8477444891831024,0.171974526987249
0,0,7,AdultCensus,0.2,0.8450146727632567,0.1391406088353943
0,0,7,AdultCensus,0.4,0.8413294205964649,0.1058737990563307
0,0,7,AdultCensus,0.6,0.8445369548897836,0.109113474249897
0,0,7,AdultCensus,0.8,0.8336859346208968,0.0741922300774989
0,0,7,AdultCensus,1.0,0.8411929297754726,0.0831850598440352
0,0,7,AdultCensus,1.2,0.8344366341363544,0.0641086641791506
0,0,7,AdultCensus,1.4,0.83238927182147,0.0683891912616619
0,0,7,AdultCensus,1.6,0.8343001433153621,0.0553506630645568
0,0,7,AdultCensus,1.8,0.8221524602470484,0.0487935277921773
0,0,8,AdultCensus,0.0,0.847539752951614,0.1813997654396956
0,0,8,AdultCensus,0.2,0.8455606360472259,0.1388742524085841
0,0,8,AdultCensus,0.4,0.8411929297754726,0.1177893317834734
0,0,8,AdultCensus,0.6,0.8368252235037194,0.1062667299217471
0,0,8,AdultCensus,0.8,0.836142769398758,0.0935445030200987
0,0,8,AdultCensus,1.0,0.8349143520098273,0.0590022891525989
0,0,8,AdultCensus,1.2,0.8338906708523852,0.080506298047388
0,0,8,AdultCensus,1.4,0.8285675288336859,0.0611900093502154
0,0,8,AdultCensus,1.6,0.8265201665188016,0.0529925043239384
0,0,8,AdultCensus,1.8,0.8229714051730022,0.0313043624894994
0,0,9,AdultCensus,0.0,0.8518392138128711,0.183878007179069
0,0,9,AdultCensus,0.2,0.8474032621306217,0.1254165965481573
0,0,9,AdultCensus,0.4,0.8471302804886371,0.1147225803095103
0,0,9,AdultCensus,0.6,0.8424213471644032,0.0957223724584653
0,0,9,AdultCensus,0.8,0.8368934689142156,0.0827524125327193
0,0,9,AdultCensus,1.0,0.8378489046611616,0.051434168001058
0,0,9,AdultCensus,1.2,0.8392138128710844,0.0613459647390678
0,0,9,AdultCensus,1.4,0.8293864737596397,0.0470787878369508
0,0,9,AdultCensus,1.6,0.8241998225619327,0.0137830540196363
0,0,9,AdultCensus,1.8,0.8317750631270047,0.0267173618929143
0,0,10,AdultCensus,0.0,0.8496553606769944,0.1786403334237192
0,0,10,AdultCensus,0.2,0.8474715075411179,0.1481278168594051
0,0,10,AdultCensus,0.4,0.8401010032075343,0.134953878366646
0,0,10,AdultCensus,0.6,0.8439909916058145,0.0978501096795196
0,0,10,AdultCensus,0.8,0.8364839964512386,0.1016634902525941
0,0,10,AdultCensus,1.0,0.8305466457380741,0.0483861911140268
0,0,10,AdultCensus,1.2,0.8249505220773903,0.0673306268641035
0,0,10,AdultCensus,1.4,0.8358697877567733,0.0613534360959899
0,0,10,AdultCensus,1.6,0.8265201665188016,0.0568300661545511
0,0,10,AdultCensus,1.8,0.8249505220773903,0.0300255103694436
0,0,11,AdultCensus,0.0,0.848017470825087,0.1725295251959418
0,0,11,AdultCensus,0.2,0.8481539616460793,0.1388471933073804
0,0,11,AdultCensus,0.4,0.8430355558588685,0.1213716829762403
0,0,11,AdultCensus,0.6,0.8441274824268068,0.0950680559625989
0,0,11,AdultCensus,0.8,0.8336859346208968,0.0679692602541604
0,0,11,AdultCensus,1.0,0.8377124138401693,0.0691444977776697
0,0,11,AdultCensus,1.2,0.8305466457380741,0.0298077219963869
0,0,11,AdultCensus,1.4,0.8364157510407425,0.0453475197013204
0,0,11,AdultCensus,1.6,0.817238790691326,0.0165315915420692
0,0,11,AdultCensus,1.8,0.8186036989012488,0.0253346529130722
0,0,12,AdultCensus,0.0,0.8502013239609636,0.1656380849631269
0,0,12,AdultCensus,0.2,0.8525899133283287,0.1286853379981496
0,0,12,AdultCensus,0.4,0.8418071384699379,0.1313942880638831
0,0,12,AdultCensus,0.6,0.8423531017539071,0.1012710831298636
0,0,12,AdultCensus,0.8,0.8372346959666962,0.0786931240831942
0,0,12,AdultCensus,1.0,0.8324575172319661,0.049755889041601
0,0,12,AdultCensus,1.2,0.8375759230191769,0.0501289503095891
0,0,12,AdultCensus,1.4,0.8343001433153621,0.0336772331709077
0,0,12,AdultCensus,1.6,0.824814031256398,0.0238133118301535
0,0,12,AdultCensus,1.8,0.8245410496144134,0.0196152176258233
0,0,13,AdultCensus,0.0,0.8486999249300484,0.1671933378432866
0,0,13,AdultCensus,0.2,0.8450146727632567,0.1346416598975452
0,0,13,AdultCensus,0.4,0.8377124138401693,0.1161218257431153
0,0,13,AdultCensus,0.6,0.8315703268955162,0.1113140101113489
0,0,13,AdultCensus,0.8,0.829045246707159,0.0681180459327849
0,0,13,AdultCensus,1.0,0.8261789394663209,0.0573713007694583
0,0,13,AdultCensus,1.2,0.829045246707159,0.0486671956221597
0,0,13,AdultCensus,1.4,0.8358697877567733,0.0659619235873074
0,0,13,AdultCensus,1.6,0.8153961646079301,0.0576833300221222
0,0,13,AdultCensus,1.8,0.8284992834231898,0.0447739239192667
0,0,14,AdultCensus,0.0,0.846584317204668,0.1620919904475054
0,0,14,AdultCensus,0.2,0.8474032621306217,0.1634186536080412
0,0,14,AdultCensus,0.4,0.8407834573124957,0.1292140069436482
0,0,14,AdultCensus,0.6,0.8388725858186037,0.1064863559597551
0,0,14,AdultCensus,0.8,0.8315020814850201,0.0909224890063095
0,0,14,AdultCensus,1.0,0.8352555790623081,0.0851969452643233
0,0,14,AdultCensus,1.2,0.824336313382925,0.063069333142725
0,0,14,AdultCensus,1.4,0.8336176892104006,0.0488549352703832
0,0,14,AdultCensus,1.6,0.825769467003344,0.0491452286471708
0,0,14,AdultCensus,1.8,0.8180577356172798,0.0235490623894945
0,0,15,AdultCensus,0.0,0.8544325394117246,0.1725897434946168
0,0,15,AdultCensus,0.2,0.854637275643213,0.1537735716217775
0,0,15,AdultCensus,0.4,0.8570258650105781,0.1430444196402975
0,0,15,AdultCensus,0.6,0.8471985258991332,0.1174715160778764
0,0,15,AdultCensus,0.8,0.8459701085102027,0.096853956619312
0,0,15,AdultCensus,1.0,0.8388043404081076,0.0775886288257089
0,0,15,AdultCensus,1.2,0.8397597761550536,0.082214736664951
0,0,15,AdultCensus,1.4,0.8367569780932232,0.0550901499018888
0,0,15,AdultCensus,1.6,0.8259742032348325,0.0013674297792314
0,0,15,AdultCensus,1.8,0.8283627926021975,0.0415248316529544
0,0,16,AdultCensus,0.0,0.8518392138128711,0.1537806322614406
0,0,16,AdultCensus,0.2,0.8497918514979867,0.1387318784301706
0,0,16,AdultCensus,0.4,0.848017470825087,0.1254307770845088
0,0,16,AdultCensus,0.6,0.8443322186582952,0.102642680336812
0,0,16,AdultCensus,0.8,0.8379853954821538,0.0712850857959679
0,0,16,AdultCensus,1.0,0.8358697877567733,0.0686328061569571
0,0,16,AdultCensus,1.2,0.8276803384972361,0.0610825518573327
0,0,16,AdultCensus,1.4,0.8364157510407425,0.0365658038674437
0,0,16,AdultCensus,1.6,0.824336313382925,0.021721633589596
0,0,16,AdultCensus,1.8,0.8220159694260561,0.0175642875052316
0,0,17,AdultCensus,0.0,0.8600286630724083,0.1757595279897973
0,0,17,AdultCensus,0.2,0.8552514843376783,0.1544797730399104
0,0,17,AdultCensus,0.4,0.8491093973930253,0.111135753239313
0,0,17,AdultCensus,0.6,0.8442639732477991,0.1227250000220456
0,0,17,AdultCensus,0.8,0.8426943288063877,0.0951537759081953
0,0,17,AdultCensus,1.0,0.8386678495871153,0.0620229769334143
0,0,17,AdultCensus,1.2,0.8375759230191769,0.0631131863968229
0,0,17,AdultCensus,1.4,0.8336176892104006,0.0702837307658601
0,0,17,AdultCensus,1.6,0.8287040196546782,0.0281266483053767
0,0,17,AdultCensus,1.8,0.8295229645806319,0.0348687933698131
0,0,18,AdultCensus,0.0,0.8434450283218453,0.1489749497814014
0,0,18,AdultCensus,0.2,0.8441274824268068,0.1438910342307734
0,0,18,AdultCensus,0.4,0.8439227461953184,0.1221815361485917
0,0,18,AdultCensus,0.6,0.8378489046611616,0.0938799094598682
0,0,18,AdultCensus,0.8,0.8359380331672696,0.0742270693540426
0,0,18,AdultCensus,1.0,0.8311608544325394,0.0554988841708128
0,0,18,AdultCensus,1.2,0.8276120930867399,0.0627801200553431
0,0,18,AdultCensus,1.4,0.8284992834231898,0.05100290542981
0,0,18,AdultCensus,1.6,0.818194226438272,0.0175689672944305
0,0,18,AdultCensus,1.8,0.8164198457653723,0.008362056611885
0,0,19,AdultCensus,0.0,0.8512932505289019,0.1713373973269225
0,0,19,AdultCensus,0.2,0.8484269432880639,0.1406509418397736
0,0,19,AdultCensus,0.4,0.8489729065720331,0.1225921806002387
0,0,19,AdultCensus,0.6,0.8407834573124957,0.0930154318961206
0,0,19,AdultCensus,0.8,0.830956118201051,0.0591263718503629
0,0,19,AdultCensus,1.0,0.8383948679451307,0.0710650474665696
0,0,19,AdultCensus,1.2,0.8278850747287245,0.0471428517315744
0,0,19,AdultCensus,1.4,0.8276120930867399,0.0249261780783404
0,0,19,AdultCensus,1.6,0.8255647307718555,0.0456808283543519
0,0,19,AdultCensus,1.8,0.8202415887531563,0.0192765914642666
0,0,20,AdultCensus,0.0,0.8476762437726063,0.1672084912047604
0,0,20,AdultCensus,0.2,0.847062035078141,0.1618168105519938
0,0,20,AdultCensus,0.4,0.8462430901521872,0.134250525404033
0,0,20,AdultCensus,0.6,0.843786255374326,0.0998373588071144
0,0,20,AdultCensus,0.8,0.8424895925748993,0.0944913219455306
0,0,20,AdultCensus,1.0,0.8343683887258582,0.0825980179042931
0,0,20,AdultCensus,1.2,0.8295912099911281,0.0470814559222558
0,0,20,AdultCensus,1.4,0.8223571964785368,0.0560768066777971
0,0,20,AdultCensus,1.6,0.8195591346481949,0.0477007643927551
0,0,20,AdultCensus,1.8,0.8310243636115471,0.0210172872992032
0,0,21,AdultCensus,0.0,0.8467890534361564,0.1761529964098315
0,0,21,AdultCensus,0.2,0.8479492254145908,0.1308114666143847
0,0,21,AdultCensus,0.4,0.8451511635842489,0.1215106745848538
0,0,21,AdultCensus,0.6,0.8414659114174572,0.1042444729746537
0,0,21,AdultCensus,0.8,0.8417388930594417,0.0834058113085036
0,0,21,AdultCensus,1.0,0.8335494437999045,0.0724953041102474
0,0,21,AdultCensus,1.2,0.8261789394663209,0.0423476708176012
0,0,21,AdultCensus,1.4,0.8259742032348325,0.03486622775118
0,0,21,AdultCensus,1.6,0.8329352351054392,0.0698082643443357
0,0,21,AdultCensus,1.8,0.8293864737596397,0.0483059590893663
0,0,22,AdultCensus,0.0,0.8480857162355832,0.1677079459584247
0,0,22,AdultCensus,0.2,0.8485634341090562,0.1528319655361901
0,0,22,AdultCensus,0.4,0.8450146727632567,0.1346144898583907
0,0,22,AdultCensus,0.6,0.843786255374326,0.101823440434974
0,0,22,AdultCensus,0.8,0.8378489046611616,0.1101019211987482
0,0,22,AdultCensus,1.0,0.8345731249573466,0.097365563886223
0,0,22,AdultCensus,1.2,0.8317750631270047,0.0770685947244579
0,0,22,AdultCensus,1.4,0.826247184876817,0.1039682544390834
0,0,22,AdultCensus,1.6,0.8345731249573466,0.0596119982290787
0,0,22,AdultCensus,1.8,0.8186036989012488,0.0383295430623039
0,0,23,AdultCensus,0.0,0.8468572988466526,0.1703480392113631
0,0,23,AdultCensus,0.2,0.8485634341090562,0.1495848418834533
0,0,23,AdultCensus,0.4,0.8476762437726063,0.135240339746254
0,0,23,AdultCensus,0.6,0.83805364089265,0.0966833798292449
0,0,23,AdultCensus,0.8,0.8340954070838736,0.0759167178283379
0,0,23,AdultCensus,1.0,0.8312290998430355,0.0727752043306648
0,0,23,AdultCensus,1.2,0.8364839964512386,0.0485553972444972
0,0,23,AdultCensus,1.4,0.8261106940558247,0.0338107568731448
0,0,23,AdultCensus,1.6,0.8287722650651743,0.0467461870013784
0,0,23,AdultCensus,1.8,0.8253599945403671,0.0236491019504597
0,0,24,AdultCensus,0.0,0.8528628949703132,0.1666236112789515
0,0,24,AdultCensus,0.2,0.8489046611615368,0.1476135030763131
0,0,24,AdultCensus,0.4,0.8457653722787143,0.130199112301531
0,0,24,AdultCensus,0.6,0.8420801201119225,0.103298505917504
0,0,24,AdultCensus,0.8,0.8419436292909301,0.1084357542583756
0,0,24,AdultCensus,1.0,0.834777861188835,0.0581244566246043
0,0,24,AdultCensus,1.2,0.8416024022384495,0.0775697297702789
0,0,24,AdultCensus,1.4,0.8322527810004777,0.0271825079447961
0,0,24,AdultCensus,1.6,0.8199686071111718,0.036006145065428
0,0,24,AdultCensus,1.8,0.8280215655497167,0.016335549193364
0,0,25,AdultCensus,0.0,0.8534088582542824,0.1583845811394779
0,0,25,AdultCensus,0.2,0.8497236060874906,0.1475821123932142
0,0,25,AdultCensus,0.4,0.8452194089947451,0.1188651245584838
0,0,25,AdultCensus,0.6,0.8373029413771924,0.0866785026948903
0,0,25,AdultCensus,0.8,0.8401010032075343,0.0822005513046429
0,0,25,AdultCensus,1.0,0.8277485839077322,0.072921949105331
0,0,25,AdultCensus,1.2,0.8296594554016242,0.0551044018127541
0,0,25,AdultCensus,1.4,0.8263154302873131,0.0458447732706857
0,0,25,AdultCensus,1.6,0.8268613935712823,0.0487631825899404
0,0,25,AdultCensus,1.8,0.8291817375281513,0.0610610573972904
0,0,26,AdultCensus,0.0,0.8463113355626835,0.1703511010431945
0,0,26,AdultCensus,0.2,0.8431720466798608,0.1446363392642839
0,0,26,AdultCensus,0.4,0.8410564389544803,0.107855632852873
0,0,26,AdultCensus,0.6,0.8387360949976114,0.1152109158658937
0,0,26,AdultCensus,0.8,0.8325940080529585,0.0841850951099749
0,0,26,AdultCensus,1.0,0.8372346959666962,0.0796501990444799
0,0,26,AdultCensus,1.2,0.8261106940558247,0.046389263330581
0,0,26,AdultCensus,1.4,0.8235173684569713,0.0162463395133089
0,0,26,AdultCensus,1.6,0.8234491230464751,0.0469814479814204
0,0,26,AdultCensus,1.8,0.830000682454105,0.034765232281697
0,0,27,AdultCensus,0.0,0.852726404149321,0.1806347719296542
0,0,27,AdultCensus,0.2,0.8515662321708866,0.1752355582284775
0,0,27,AdultCensus,0.4,0.8479492254145908,0.1236511014895588
0,0,27,AdultCensus,0.6,0.8496553606769944,0.1321151205685535
0,0,27,AdultCensus,0.8,0.8463795809731796,0.1004732296685195
0,0,27,AdultCensus,1.0,0.8372346959666962,0.0619912913923746
0,0,27,AdultCensus,1.2,0.8316385723060125,0.0642566332664861
0,0,27,AdultCensus,1.4,0.838531358766123,0.0522308693258595
0,0,27,AdultCensus,1.6,0.8275438476762438,0.0592571094713891
0,0,27,AdultCensus,1.8,0.8265201665188016,0.0636225233369694
0,0,28,AdultCensus,0.0,0.8493141336245138,0.1785853302709665
0,0,28,AdultCensus,0.2,0.8467890534361564,0.1614967895795466
0,0,28,AdultCensus,0.4,0.8427625742168839,0.1110678333586569
0,0,28,AdultCensus,0.6,0.8392820582815805,0.0985211870096971
0,0,28,AdultCensus,0.8,0.832866989694943,0.0817663081226064
0,0,28,AdultCensus,1.0,0.8365522418617348,0.0707502357404604
0,0,28,AdultCensus,1.2,0.825769467003344,0.0423335226822567
0,0,28,AdultCensus,1.4,0.8250870128983826,0.0341162837762437
0,0,28,AdultCensus,1.6,0.8241315771514366,0.0357398089404215
0,0,28,AdultCensus,1.8,0.8196956254691872,0.0255064348161602
0,0,29,AdultCensus,0.0,0.8479492254145908,0.1639073416624534
0,0,29,AdultCensus,0.2,0.8501330785504675,0.1408505778745039
0,0,29,AdultCensus,0.4,0.8409881935439841,0.1173113021317238
0,0,29,AdultCensus,0.6,0.8360745239882618,0.1104461611307501
0,0,29,AdultCensus,0.8,0.8329352351054392,0.0628812137846904
0,0,29,AdultCensus,1.0,0.8426260833958916,0.1052834161956164
0,0,29,AdultCensus,1.2,0.8299324370436089,0.0386586239423533
0,0,29,AdultCensus,1.4,0.8251552583088787,0.063380781151372
0,0,29,AdultCensus,1.6,0.8250187674878864,0.0382649141133364
0,0,29,AdultCensus,1.8,0.8211287790896062,0.0463412215457471
0,0,30,AdultCensus,0.0,0.85415955776974,0.1739534144105879
0,0,30,AdultCensus,0.2,0.8540230669487477,0.1511749143745329
0,0,30,AdultCensus,0.4,0.8463113355626835,0.1220216363477971
0,0,30,AdultCensus,0.6,0.8405787210810073,0.0986700907127682
0,0,30,AdultCensus,0.8,0.8370299597352078,0.0832387705279163
0,0,30,AdultCensus,1.0,0.8330717259264314,0.0687146197070498
0,0,30,AdultCensus,1.2,0.8312290998430355,0.0608268437767156
0,0,30,AdultCensus,1.4,0.8312290998430355,0.0668747923710074
0,0,30,AdultCensus,1.6,0.8289770012966629,0.0511644730068762
0,0,30,AdultCensus,1.8,0.8226984235310175,0.0605914023986384
0,0,31,AdultCensus,0.0,0.850406060192452,0.1693152285555041
0,0,31,AdultCensus,0.2,0.8480857162355832,0.1441743558578708
0,0,31,AdultCensus,0.4,0.8454241452262335,0.1205635204145328
0,0,31,AdultCensus,0.6,0.840919948133488,0.0995201123680621
0,0,31,AdultCensus,0.8,0.8368252235037194,0.0824842601342644
0,0,31,AdultCensus,1.0,0.8366204872722309,0.0751414440176237
0,0,31,AdultCensus,1.2,0.8276120930867399,0.044990412404161
0,0,31,AdultCensus,1.4,0.8226301781205214,0.0308869975610984
0,0,31,AdultCensus,1.6,0.8253599945403671,0.0250278359795323
0,0,31,AdultCensus,1.8,0.8176482631543028,0.0029006127512697
0,0,32,AdultCensus,0.0,0.8499283423189791,0.1633522336841801
0,0,32,AdultCensus,0.2,0.8490411519825292,0.1428994341837962
0,0,32,AdultCensus,0.4,0.8409881935439841,0.1074604610733537
0,0,32,AdultCensus,0.6,0.8360062785777657,0.0746210220673782
0,0,32,AdultCensus,0.8,0.8391455674605883,0.0749035299445008
0,0,32,AdultCensus,1.0,0.8383948679451307,0.0364725271518636
0,0,32,AdultCensus,1.2,0.8244045587934211,0.0488329508751391
0,0,32,AdultCensus,1.4,0.836688732682727,0.0532380069889835
0,0,32,AdultCensus,1.6,0.8208557974476216,0.0184043262224188
0,0,32,AdultCensus,1.8,0.8159421278918992,0.0156672757283233
0,0,33,AdultCensus,0.0,0.8587320002729817,0.171507837695773
0,0,33,AdultCensus,0.2,0.8528628949703132,0.1494318644455662
0,0,33,AdultCensus,0.4,0.8514979867603903,0.1392679333238289
0,0,33,AdultCensus,0.6,0.8463795809731796,0.0928510809992601
0,0,33,AdultCensus,0.8,0.8447416911212721,0.0800205806243617
0,0,33,AdultCensus,1.0,0.8340954070838736,0.0707469417519233
0,0,33,AdultCensus,1.2,0.8298641916331126,0.0396854717528505
0,0,33,AdultCensus,1.4,0.8345048795468505,0.0320686710011215
0,0,33,AdultCensus,1.6,0.8274073568552515,0.0480975280375041
0,0,33,AdultCensus,1.8,0.823380877635979,0.0375034956574389
0,0,34,AdultCensus,0.0,0.8472667713096295,0.1779173658081825
0,0,34,AdultCensus,0.2,0.8462430901521872,0.1510435046227435
0,0,34,AdultCensus,0.4,0.844673445710776,0.1457832234033195
0,0,34,AdultCensus,0.6,0.8347096157783389,0.102445976757893
0,0,34,AdultCensus,0.8,0.8331399713369276,0.0821335887328369
0,0,34,AdultCensus,1.0,0.8244045587934211,0.045879478762708
0,0,34,AdultCensus,1.2,0.8276120930867399,0.0747017222542934
0,0,34,AdultCensus,1.4,0.8237903500989558,0.045869867852068
0,0,34,AdultCensus,1.6,0.827202620623763,0.0520620522177489
0,0,34,AdultCensus,1.8,0.8166245819968607,0.0266728051135058
0,0,35,AdultCensus,0.0,0.8509520234764212,0.1840709297784905
0,0,35,AdultCensus,0.2,0.8500648331399714,0.134587298815928
0,0,35,AdultCensus,0.4,0.8441274824268068,0.1360948093810455
0,0,35,AdultCensus,0.6,0.8431720466798608,0.1120962117282413
0,0,35,AdultCensus,0.8,0.8435815191428376,0.1236016967370551
0,0,35,AdultCensus,1.0,0.8307513819695626,0.0931196295411253
0,0,35,AdultCensus,1.2,0.8310926090220433,0.09000620252708
0,0,35,AdultCensus,1.4,0.824336313382925,0.0541568334692855
0,0,35,AdultCensus,1.6,0.8325257626424623,0.0582845801865623
0,0,35,AdultCensus,1.8,0.8177847539752952,0.0482922229027573
0,0,36,AdultCensus,0.0,0.8476079983621101,0.1620201785746583
0,0,36,AdultCensus,0.2,0.8482904524670716,0.1435199489757981
0,0,36,AdultCensus,0.4,0.8392138128710844,0.1104866641747402
0,0,36,AdultCensus,0.6,0.8436497645533337,0.0822724643477014
0,0,36,AdultCensus,0.8,0.840442230260015,0.0950515416784731
0,0,36,AdultCensus,1.0,0.830000682454105,0.0649319518214173
0,0,36,AdultCensus,1.2,0.8313655906640278,0.0608689646983797
0,0,36,AdultCensus,1.4,0.8255647307718555,0.0698017587172206
0,0,36,AdultCensus,1.6,0.8326622534634546,0.0407572935737104
0,0,36,AdultCensus,1.8,0.8236538592779635,0.0442025743541924
0,0,37,AdultCensus,0.0,0.8540230669487477,0.1881479870635133
0,0,37,AdultCensus,0.2,0.8529311403808094,0.1339583198428857
0,0,37,AdultCensus,0.4,0.8510885142974135,0.1201225308789753
0,0,37,AdultCensus,0.6,0.8428990650378761,0.0906849786617152
0,0,37,AdultCensus,0.8,0.8432402920903569,0.0767482829077101
0,0,37,AdultCensus,1.0,0.8397597761550536,0.0553626453778088
0,0,37,AdultCensus,1.2,0.8307513819695626,0.0442175705635656
0,0,37,AdultCensus,1.4,0.8341636524943697,0.0527517876468912
0,0,37,AdultCensus,1.6,0.839486794513069,0.0405223866902594
0,0,37,AdultCensus,1.8,0.8303419095065857,0.0119640565963911
0,0,38,AdultCensus,0.0,0.8495188698560022,0.17484433355598
0,0,38,AdultCensus,0.2,0.8487681703405446,0.1505214555937688
0,0,38,AdultCensus,0.4,0.8453558998157374,0.1147989457149107
0,0,38,AdultCensus,0.6,0.8419436292909301,0.0796587269759418
0,0,38,AdultCensus,0.8,0.8426943288063877,0.0963861317259889
0,0,38,AdultCensus,1.0,0.8373711867876885,0.0717376794809424
0,0,38,AdultCensus,1.2,0.8347096157783389,0.0593758814721646
0,0,38,AdultCensus,1.4,0.8336176892104006,0.0542616146938947
0,0,38,AdultCensus,1.6,0.8225619327100252,0.0255714174308407
0,0,38,AdultCensus,1.8,0.8254964853613594,0.0451388307303193
0,0,39,AdultCensus,0.0,0.8445369548897836,0.1637512915689523
0,0,39,AdultCensus,0.2,0.84371800996383,0.1438704746584889
0,0,39,AdultCensus,0.4,0.8401010032075343,0.1109786789520002
0,0,39,AdultCensus,0.6,0.8396232853340613,0.1124355720751503
0,0,39,AdultCensus,0.8,0.8379171500716577,0.0960064303325449
0,0,39,AdultCensus,1.0,0.8260424486453286,0.0531783550939078
0,0,39,AdultCensus,1.2,0.830000682454105,0.0493321639386924
0,0,39,AdultCensus,1.4,0.8267249027502901,0.0556486218302832
0,0,39,AdultCensus,1.6,0.8226984235310175,0.0422075451375962
0,0,39,AdultCensus,1.8,0.8249505220773903,0.0390910758062751
0,0,40,AdultCensus,0.0,0.847062035078141,0.1569857111272998
0,0,40,AdultCensus,0.2,0.8454241452262335,0.1187277265042574
0,0,40,AdultCensus,0.4,0.8422166109329148,0.1171523145684931
0,0,40,AdultCensus,0.6,0.8378489046611616,0.0968953659077882
0,0,40,AdultCensus,0.8,0.8278850747287245,0.0845216288213435
0,0,40,AdultCensus,1.0,0.8334811983894083,0.0686499282019025
0,0,40,AdultCensus,1.2,0.8237221046884597,0.0197685471536254
0,0,40,AdultCensus,1.4,0.8184672080802566,0.0164714261522047
0,0,40,AdultCensus,1.6,0.8271343752132669,0.0373077485272004
0,0,40,AdultCensus,1.8,0.8222207056575446,0.0456176741090696
0,0,41,AdultCensus,0.0,0.8527946495598171,0.1581878398798341
0,0,41,AdultCensus,0.2,0.8528628949703132,0.1504860495659239
0,0,41,AdultCensus,0.4,0.8496553606769944,0.122444582827334
0,0,41,AdultCensus,0.6,0.8447416911212721,0.1260719590465177
0,0,41,AdultCensus,0.8,0.8491776428035215,0.0768002319582185
0,0,41,AdultCensus,1.0,0.8414659114174572,0.0829719924418373
0,0,41,AdultCensus,1.2,0.8351190882413158,0.0580991895682075
0,0,41,AdultCensus,1.4,0.8284992834231898,0.0746431248595381
0,0,41,AdultCensus,1.6,0.8269978843922746,0.0422970990329829
0,0,41,AdultCensus,1.8,0.8279533201392206,0.0568032803644355
0,0,42,AdultCensus,0.0,0.8489046611615368,0.1529107671603481
0,0,42,AdultCensus,0.2,0.8467890534361564,0.1405315562554803
0,0,42,AdultCensus,0.4,0.843786255374326,0.1169026651252224
0,0,42,AdultCensus,0.6,0.8443322186582952,0.1074534068069547
0,0,42,AdultCensus,0.8,0.8354603152937965,0.0957800843049601
0,0,42,AdultCensus,1.0,0.8344366341363544,0.0686384094796382
0,0,42,AdultCensus,1.2,0.826247184876817,0.0576066528411719
0,0,42,AdultCensus,1.4,0.8261789394663209,0.0322617867692275
0,0,42,AdultCensus,1.6,0.816761072817853,0.0399057916375741
0,0,42,AdultCensus,1.8,0.8160786187128916,0.0001259562200882
0,0,43,AdultCensus,0.0,0.8503378147819559,0.1689337849825581
0,0,43,AdultCensus,0.2,0.8481539616460793,0.1631819556606539
0,0,43,AdultCensus,0.4,0.8495871152664983,0.1397076078792295
0,0,43,AdultCensus,0.6,0.841875383880434,0.1005908080813305
0,0,43,AdultCensus,0.8,0.8332082167474237,0.1075794251433626
0,0,43,AdultCensus,1.0,0.8336859346208968,0.0883650959901771
0,0,43,AdultCensus,1.2,0.8261789394663209,0.0680103748299198
0,0,43,AdultCensus,1.4,0.8235856138674674,0.0600357250786124
0,0,43,AdultCensus,1.6,0.8257012215928479,0.0684364502772728
0,0,43,AdultCensus,1.8,0.8196956254691872,0.0583595536034491
0,0,44,AdultCensus,0.0,0.8451511635842489,0.1675835145903941
0,0,44,AdultCensus,0.2,0.8473350167201256,0.1364659116995085
0,0,44,AdultCensus,0.4,0.8409881935439841,0.11187467045358
0,0,44,AdultCensus,0.6,0.8431038012693647,0.0974835347460873
0,0,44,AdultCensus,0.8,0.8386678495871153,0.0756375507376636
0,0,44,AdultCensus,1.0,0.831911553947997,0.0561926559975641
0,0,44,AdultCensus,1.2,0.8277485839077322,0.0359014770658676
0,0,44,AdultCensus,1.4,0.8277485839077322,0.0595472228083379
0,0,44,AdultCensus,1.6,0.8306148911485702,0.0327310195366463
0,0,44,AdultCensus,1.8,0.830956118201051,0.0360409537943165
0,0,45,AdultCensus,0.0,0.8534088582542824,0.1662998695088024
0,0,45,AdultCensus,0.2,0.8490411519825292,0.14728938533153
0,0,45,AdultCensus,0.4,0.8423531017539071,0.1208030383415024
0,0,45,AdultCensus,0.6,0.8413976660069611,0.0994404009254961
0,0,45,AdultCensus,0.8,0.8336859346208968,0.1008284608469468
0,0,45,AdultCensus,1.0,0.8324575172319661,0.0554105909214835
0,0,45,AdultCensus,1.2,0.8308196273800587,0.0679100382765248
0,0,45,AdultCensus,1.4,0.8276120930867399,0.0266679034190971
0,0,45,AdultCensus,1.6,0.8229031597625059,0.0614356351163334
0,0,45,AdultCensus,1.8,0.8214017607315908,0.0074012348097997
0,0,46,AdultCensus,0.0,0.850815532655429,0.1777817138053324
0,0,46,AdultCensus,0.2,0.8493141336245138,0.1500760789924948
0,0,46,AdultCensus,0.4,0.8468572988466526,0.138367133706856
0,0,46,AdultCensus,0.6,0.8458336176892104,0.1126815229606167
0,0,46,AdultCensus,0.8,0.8350508428308197,0.0917931931139303
0,0,46,AdultCensus,1.0,0.8381901317136422,0.0726969345080796
0,0,46,AdultCensus,1.2,0.8338906708523852,0.0372155404471032
0,0,46,AdultCensus,1.4,0.8264519211083055,0.0459067102534359
0,0,46,AdultCensus,1.6,0.8240633317409404,0.0495478725139618
0,0,46,AdultCensus,1.8,0.8217429877840715,0.0197981344071321
0,0,47,AdultCensus,0.0,0.8478809800040947,0.1645678915425419
0,0,47,AdultCensus,0.2,0.8447416911212721,0.1472138132077587
0,0,47,AdultCensus,0.4,0.8435132737323415,0.1332968889518634
0,0,47,AdultCensus,0.6,0.8384631133556268,0.1159197270479646
0,0,47,AdultCensus,0.8,0.8358697877567733,0.1034515999253667
0,0,47,AdultCensus,1.0,0.830956118201051,0.0675862224494411
0,0,47,AdultCensus,1.2,0.828158056370709,0.0677513391129484
0,0,47,AdultCensus,1.4,0.8258377124138402,0.0417451561204541
0,0,47,AdultCensus,1.6,0.8198321162901795,0.0365801809368865
0,0,47,AdultCensus,1.8,0.8159421278918992,0.0067338281514443
0,0,48,AdultCensus,0.0,0.851361495939398,0.1695543690160275
0,0,48,AdultCensus,0.2,0.8469937896676448,0.137332070688822
0,0,48,AdultCensus,0.4,0.8411929297754726,0.1128167634282181
0,0,48,AdultCensus,0.6,0.8424213471644032,0.0992614325569158
0,0,48,AdultCensus,0.8,0.8395550399235652,0.0936382448068298
0,0,48,AdultCensus,1.0,0.8349143520098273,0.0933619418249318
0,0,48,AdultCensus,1.2,0.8308878727905549,0.0602548288088222
0,0,48,AdultCensus,1.4,0.8306831365590664,0.0612887184975117
0,0,48,AdultCensus,1.6,0.8231761414044906,0.0466725609627098
0,0,48,AdultCensus,1.8,0.8211970245001023,0.0266184859283631
0,0,49,AdultCensus,0.0,0.8491776428035215,0.1758207033947121
0,0,49,AdultCensus,0.2,0.8471985258991332,0.1240269213093178
0,0,49,AdultCensus,0.4,0.8444004640687913,0.1240699592186273
0,0,49,AdultCensus,0.6,0.8398280215655497,0.1076016509004458
0,0,49,AdultCensus,0.8,0.8363475056302464,0.0947227042186771
0,0,49,AdultCensus,1.0,0.8334811983894083,0.0632791654831241
0,0,49,AdultCensus,1.2,0.8312290998430355,0.0448568516942337
0,0,49,AdultCensus,1.4,0.8300689278646011,0.0442631184188918
0,0,49,AdultCensus,1.6,0.8250187674878864,0.0439043847865885
0,0,49,AdultCensus,1.8,0.8289770012966629,0.0220525614391471
