,Unnamed: 0,seed,dataset,level,acc,disparity
0,0,0,Lawschool,0.0,0.7924834345665378,0.0035133275648442
1,0,0,Lawschool,0.008,0.7930701270016566,0.0056049452071069
2,0,0,Lawschool,0.016,0.7934842628382109,0.014231935444923
3,0,0,Lawschool,0.024,0.7938293760353395,0.0219000551772366
4,0,0,Lawschool,0.032,0.7933462175593595,0.0301867162881751
5,0,0,Lawschool,0.04,0.793725842076201,0.0373280477987064
6,0,0,Lawschool,0.048,0.7941054665930425,0.044229661682862
7,0,0,Lawschool,0.056,0.7934842628382109,0.0536468884881087
8,0,0,Lawschool,0.064,0.7940364439536168,0.0617086320352754
9,0,0,Lawschool,0.072,0.7940709552733296,0.0691488814225974
0,0,1,Lawschool,0.0,0.7858572611816675,0.004791682155558
1,0,1,Lawschool,0.008,0.786271397018222,0.0106442565641921
2,0,1,Lawschool,0.016,0.7870996686913307,0.0171718562197192
3,0,1,Lawschool,0.024,0.7873757592490337,0.0238065228368214
4,0,1,Lawschool,0.032,0.7876863611264495,0.0281285043616718
5,0,1,Lawschool,0.04,0.7880314743235781,0.0361929892631005
6,0,1,Lawschool,0.048,0.7885491441192711,0.0465029761904761
7,0,1,Lawschool,0.056,0.7890323025952513,0.0547963094618539
8,0,1,Lawschool,0.064,0.7890668139149641,0.0629762834095386
9,0,1,Lawschool,0.072,0.788859745996687,0.0698135640868369
0,0,2,Lawschool,0.0,0.7858917725013804,0.0113213201183043
1,0,2,Lawschool,0.008,0.7864094422970734,0.0029404417714898
2,0,2,Lawschool,0.016,0.7869616234124793,0.0036109682729539
3,0,2,Lawschool,0.024,0.7881004969630039,0.0145048030534279
4,0,2,Lawschool,0.032,0.7886871893981225,0.0219265692705522
5,0,2,Lawschool,0.04,0.7879969630038652,0.0300166865683332
6,0,2,Lawschool,0.048,0.7881004969630039,0.0381540026200671
7,0,2,Lawschool,0.056,0.7884110988404197,0.0474128056648781
8,0,2,Lawschool,0.064,0.7882040309221424,0.0539207315318453
9,0,2,Lawschool,0.072,0.7883075648812811,0.0613009405459129
0,0,3,Lawschool,0.0,0.7875828271673109,0.0028305072027444
1,0,3,Lawschool,0.008,0.7878244064053009,0.0089046197050087
2,0,3,Lawschool,0.016,0.7881695196024296,0.0173764161858079
3,0,3,Lawschool,0.024,0.7886871893981225,0.0268505139233771
4,0,3,Lawschool,0.032,0.7884110988404197,0.0333740411055623
5,0,3,Lawschool,0.04,0.7885146327995582,0.0402714833419719
6,0,3,Lawschool,0.048,0.7884110988404197,0.0474517576703963
7,0,3,Lawschool,0.056,0.7882385422418553,0.0551160020897946
8,0,3,Lawschool,0.064,0.7883075648812811,0.0637637700276542
9,0,3,Lawschool,0.072,0.7887562120375483,0.069724827427605
0,0,4,Lawschool,0.0,0.7877553837658752,0.0018924359829343
1,0,4,Lawschool,0.008,0.7879624516841524,0.0060961006376091
2,0,4,Lawschool,0.016,0.7884456101601325,0.0123551638995513
3,0,4,Lawschool,0.024,0.7886526780784097,0.0197436798965556
4,0,4,Lawschool,0.032,0.7887217007178354,0.0271792630221933
5,0,4,Lawschool,0.04,0.7892738818332413,0.0338383359728503
6,0,4,Lawschool,0.048,0.7893774157923799,0.0434387085827463
7,0,4,Lawschool,0.056,0.7893774157923799,0.0507095811200348
8,0,4,Lawschool,0.064,0.7893083931529542,0.0592981505450514
9,0,4,Lawschool,0.072,0.7895499723909443,0.0675808262672192
0,0,5,Lawschool,0.0,0.7849944781888459,0.0157970324467786
1,0,5,Lawschool,0.008,0.7853741027056874,0.0223054084475404
2,0,5,Lawschool,0.016,0.7857192159028161,0.0310327104743348
3,0,5,Lawschool,0.024,0.7861333517393705,0.0376709566049667
4,0,5,Lawschool,0.032,0.7866165102153506,0.0457736416619665
5,0,5,Lawschool,0.04,0.7874447818884595,0.0522906854378935
6,0,5,Lawschool,0.048,0.7869616234124793,0.0583377160534521
7,0,5,Lawschool,0.056,0.7873412479293208,0.0649400946862875
8,0,5,Lawschool,0.064,0.7869961347321922,0.0716834772672336
9,0,5,Lawschool,0.072,0.7870651573716179,0.0798863666883971
0,0,6,Lawschool,0.0,0.7848219215902816,0.0032358193326414
1,0,6,Lawschool,0.008,0.7853741027056874,0.0055218512543281
2,0,6,Lawschool,0.016,0.7859262838210933,0.0139712838139338
3,0,6,Lawschool,0.024,0.7862023743787963,0.0216425568093029
4,0,6,Lawschool,0.032,0.7864094422970734,0.0301989608106905
5,0,6,Lawschool,0.04,0.7862368856985091,0.0377850573402139
6,0,6,Lawschool,0.048,0.7865129762562121,0.0441813424563824
7,0,6,Lawschool,0.056,0.7858227498619548,0.0533922514064437
8,0,6,Lawschool,0.064,0.7864094422970734,0.0639435331635146
9,0,6,Lawschool,0.072,0.7867200441744893,0.0726484951206573
0,0,7,Lawschool,0.0,0.7884801214798454,0.002762319625239
1,0,7,Lawschool,0.008,0.7891358365543898,0.0123115906879762
2,0,7,Lawschool,0.016,0.7895844837106571,0.0209764207973864
3,0,7,Lawschool,0.024,0.7904127553837659,0.0303459910455011
4,0,7,Lawschool,0.032,0.7908614025400331,0.0384704623166566
5,0,7,Lawschool,0.04,0.790895913859746,0.04603674244661
6,0,7,Lawschool,0.048,0.7908268912203202,0.0527708221376909
7,0,7,Lawschool,0.056,0.791689674213142,0.0599343762754186
8,0,7,Lawschool,0.064,0.7915861402540033,0.0663383762758313
9,0,7,Lawschool,0.072,0.7913100496963004,0.0739135725572584
0,0,8,Lawschool,0.0,0.7889287686361126,0.0029691338490848
1,0,8,Lawschool,0.008,0.7892048591938156,0.004187604126964
2,0,8,Lawschool,0.016,0.7899986195472115,0.0118915282071501
3,0,8,Lawschool,0.024,0.7906888459414688,0.0203846799061242
4,0,8,Lawschool,0.032,0.7902401987852016,0.0272096678684116
5,0,8,Lawschool,0.04,0.7905162893429045,0.0357706294761604
6,0,8,Lawschool,0.048,0.7899986195472115,0.0447418610224107
7,0,8,Lawschool,0.056,0.7903437327443401,0.0512350989709364
8,0,8,Lawschool,0.064,0.791172004417449,0.0603479535167618
9,0,8,Lawschool,0.072,0.7913100496963004,0.068178901536299
0,0,9,Lawschool,0.0,0.7882040309221424,0.0010356924608735
1,0,9,Lawschool,0.008,0.7887907233572612,0.0064088518645536
2,0,9,Lawschool,0.016,0.7889977912755384,0.0150785524173458
3,0,9,Lawschool,0.024,0.7895844837106571,0.0216480296945173
4,0,9,Lawschool,0.032,0.7899986195472115,0.0300573474846483
5,0,9,Lawschool,0.04,0.7902401987852016,0.0377836480908927
6,0,9,Lawschool,0.048,0.790895913859746,0.0460734612587712
7,0,9,Lawschool,0.056,0.7905508006626173,0.0533152689607515
8,0,9,Lawschool,0.064,0.7908614025400331,0.0627107337337423
9,0,9,Lawschool,0.072,0.7915516289342904,0.0713185758034961
0,0,10,Lawschool,0.0,0.7879279403644396,0.0043767090484944
1,0,10,Lawschool,0.008,0.7876518498067366,0.0146134267484435
2,0,10,Lawschool,0.016,0.7881004969630039,0.0227188547637071
3,0,10,Lawschool,0.024,0.7886181667586969,0.0307008836842836
4,0,10,Lawschool,0.032,0.7893774157923799,0.0382200211651655
5,0,10,Lawschool,0.04,0.7895844837106571,0.045928409213799
6,0,10,Lawschool,0.048,0.7898260629486472,0.0541655401751919
7,0,10,Lawschool,0.056,0.7902401987852016,0.0615242008991333
8,0,10,Lawschool,0.064,0.7904127553837659,0.0679241530071528
9,0,10,Lawschool,0.072,0.7905853119823302,0.0752930487107788
0,0,11,Lawschool,0.0,0.7869616234124793,0.0093442264084202
1,0,11,Lawschool,0.008,0.7874102705687466,0.0005386227116177
2,0,11,Lawschool,0.016,0.7878589177250138,0.0075195890747013
3,0,11,Lawschool,0.024,0.7881350082827168,0.0161837567241699
4,0,11,Lawschool,0.032,0.788065985643291,0.024521373767508
5,0,11,Lawschool,0.04,0.7889632799558255,0.0326014248095584
6,0,11,Lawschool,0.048,0.7894464384318056,0.0429432383050467
7,0,11,Lawschool,0.056,0.7897915516289343,0.0511555391853896
8,0,11,Lawschool,0.064,0.7903437327443401,0.0590470088309947
9,0,11,Lawschool,0.072,0.7896535063500828,0.0676928040623808
0,0,12,Lawschool,0.0,0.7846493649917173,0.0014370963603847
1,0,12,Lawschool,0.008,0.7848909442297074,0.0056521718541744
2,0,12,Lawschool,0.016,0.7853050800662618,0.016087363491509
3,0,12,Lawschool,0.024,0.7855121479845389,0.0236136361511505
4,0,12,Lawschool,0.032,0.7855466593042518,0.0306973433077828
5,0,12,Lawschool,0.04,0.7867200441744893,0.0404106416307353
6,0,12,Lawschool,0.048,0.7872032026504694,0.0483648000575047
7,0,12,Lawschool,0.056,0.7868235781336278,0.0561521631726102
8,0,12,Lawschool,0.064,0.7866855328547764,0.0619137348781418
9,0,12,Lawschool,0.072,0.7864784649364992,0.0695976841714928
0,0,13,Lawschool,0.0,0.7882385422418553,0.0015057283402244
1,0,13,Lawschool,0.008,0.7887217007178354,0.0091642695978826
2,0,13,Lawschool,0.016,0.7892048591938156,0.0172816972825546
3,0,13,Lawschool,0.024,0.7897570403092214,0.0249182059339707
4,0,13,Lawschool,0.032,0.7897915516289343,0.0341553089283747
5,0,13,Lawschool,0.04,0.7899986195472115,0.0411721688490274
6,0,13,Lawschool,0.048,0.7902056874654887,0.0492286648970355
7,0,13,Lawschool,0.056,0.79010215350635,0.0573321512180571
8,0,13,Lawschool,0.064,0.7897570403092214,0.0647359496259388
9,0,13,Lawschool,0.072,0.7896535063500828,0.073420185647302
0,0,14,Lawschool,0.0,0.7883765875207068,0.0034504004226365
1,0,14,Lawschool,0.008,0.7887217007178354,0.009684843406752
2,0,14,Lawschool,0.016,0.7892738818332413,0.0170298262001922
3,0,14,Lawschool,0.024,0.7893774157923799,0.0235558401844853
4,0,14,Lawschool,0.032,0.7901711761457758,0.0316211655816772
5,0,14,Lawschool,0.04,0.79010215350635,0.0396950698084969
6,0,14,Lawschool,0.048,0.7903092214246272,0.0464140285875725
7,0,14,Lawschool,0.056,0.7902401987852016,0.0543893066089968
8,0,14,Lawschool,0.064,0.7898950855880729,0.0632693053334571
9,0,14,Lawschool,0.072,0.7904817780231916,0.0713989416175333
0,0,15,Lawschool,0.0,0.7878244064053009,0.0055248856327176
1,0,15,Lawschool,0.008,0.7885146327995582,0.0014741562985386
2,0,15,Lawschool,0.016,0.7887217007178354,0.0085629567879692
3,0,15,Lawschool,0.024,0.7896535063500828,0.0163753813047899
4,0,15,Lawschool,0.032,0.789101325234677,0.0246560672340876
5,0,15,Lawschool,0.04,0.7890668139149641,0.0319719694360998
6,0,15,Lawschool,0.048,0.7890323025952513,0.0409950233758725
7,0,15,Lawschool,0.056,0.789101325234677,0.0500417971499097
8,0,15,Lawschool,0.064,0.7893774157923799,0.0591547545755608
9,0,15,Lawschool,0.072,0.7895499723909443,0.0679792575604918
0,0,16,Lawschool,0.0,0.7875828271673109,0.0022931681268823
1,0,16,Lawschool,0.008,0.7870651573716179,0.0046344317661986
2,0,16,Lawschool,0.016,0.7876173384870238,0.0131741997730819
3,0,16,Lawschool,0.024,0.7877208724461623,0.0193599327423057
4,0,16,Lawschool,0.032,0.7882730535615682,0.0265374949279844
5,0,16,Lawschool,0.04,0.788065985643291,0.0334584670100768
6,0,16,Lawschool,0.048,0.7878589177250138,0.0401369398963285
7,0,16,Lawschool,0.056,0.7881004969630039,0.0488048637407102
8,0,16,Lawschool,0.064,0.7884110988404197,0.0568121249646342
9,0,16,Lawschool,0.072,0.7887217007178354,0.0663163756582498
0,0,17,Lawschool,0.0,0.7897570403092214,0.0001522062886955
1,0,17,Lawschool,0.008,0.7897570403092214,0.0086221935501999
2,0,17,Lawschool,0.016,0.790378244064053,0.0160205899984076
3,0,17,Lawschool,0.024,0.7905162893429045,0.0248439690404603
4,0,17,Lawschool,0.032,0.7905162893429045,0.0311337963526689
5,0,17,Lawschool,0.04,0.7911374930977361,0.0394754815182538
6,0,17,Lawschool,0.048,0.7912065157371618,0.045976251135693
7,0,17,Lawschool,0.056,0.791413583655439,0.0543750136595387
8,0,17,Lawschool,0.064,0.7918967421314191,0.0630303803752236
9,0,17,Lawschool,0.072,0.791931253451132,0.069871760347686
0,0,18,Lawschool,0.0,0.7858572611816675,0.0007530575941239
1,0,18,Lawschool,0.008,0.7865129762562121,0.0075800107942455
2,0,18,Lawschool,0.016,0.7867890668139149,0.0138183984503433
3,0,18,Lawschool,0.024,0.7866855328547764,0.0225084640222832
4,0,18,Lawschool,0.032,0.7868580894533407,0.0304152295017897
5,0,18,Lawschool,0.04,0.7870651573716179,0.038571301730181
6,0,18,Lawschool,0.048,0.7871686913307565,0.0464500541263175
7,0,18,Lawschool,0.056,0.7874447818884595,0.0534437287914787
8,0,18,Lawschool,0.064,0.7871341800110436,0.0636723814649155
9,0,18,Lawschool,0.072,0.7874102705687466,0.071949423686545
0,0,19,Lawschool,0.0,0.7895499723909443,0.0025224177274252
1,0,19,Lawschool,0.008,0.7895844837106571,0.0056212091483295
2,0,19,Lawschool,0.016,0.7894464384318056,0.0129292854564734
3,0,19,Lawschool,0.024,0.7898260629486472,0.0211553245349656
4,0,19,Lawschool,0.032,0.79010215350635,0.0300047673339277
5,0,19,Lawschool,0.04,0.79010215350635,0.0378652637000418
6,0,19,Lawschool,0.048,0.7895154610712314,0.0456202227361572
7,0,19,Lawschool,0.056,0.7901366648260629,0.0534105395801295
8,0,19,Lawschool,0.064,0.7906543346217559,0.0604945044073227
9,0,19,Lawschool,0.072,0.7906543346217559,0.06763722021642
0,0,20,Lawschool,0.0,0.7866165102153506,0.002409833003852
1,0,20,Lawschool,0.008,0.7867890668139149,0.0046626903084936
2,0,20,Lawschool,0.016,0.7868580894533407,0.0108365103213143
3,0,20,Lawschool,0.024,0.7874447818884595,0.0192457357949732
4,0,20,Lawschool,0.032,0.7875828271673109,0.0262559233027337
5,0,20,Lawschool,0.04,0.787789895085588,0.034940772774794
6,0,20,Lawschool,0.048,0.7884110988404197,0.0424645050251402
7,0,20,Lawschool,0.056,0.7885491441192711,0.048851613231777
8,0,20,Lawschool,0.064,0.7882040309221424,0.0566301908789962
9,0,20,Lawschool,0.072,0.7884801214798454,0.0649355233450133
0,0,21,Lawschool,0.0,0.7866855328547764,0.0002148820553964
1,0,21,Lawschool,0.008,0.7874792932081722,0.0089515513159617
2,0,21,Lawschool,0.016,0.7884456101601325,0.0177112280273679
3,0,21,Lawschool,0.024,0.7889287686361126,0.0264411761467208
4,0,21,Lawschool,0.032,0.7893774157923799,0.0359151290749592
5,0,21,Lawschool,0.04,0.7893083931529542,0.0450145819594798
6,0,21,Lawschool,0.048,0.7896535063500828,0.0546993453657074
7,0,21,Lawschool,0.056,0.7897570403092214,0.062355381520537
8,0,21,Lawschool,0.064,0.7896535063500828,0.0703511938484809
9,0,21,Lawschool,0.072,0.7900331308669244,0.0783841973013973
0,0,22,Lawschool,0.0,0.7882385422418553,0.0112759513129318
1,0,22,Lawschool,0.008,0.7886526780784097,0.0026134871041941
2,0,22,Lawschool,0.016,0.7891703478741027,0.0047221192340352
3,0,22,Lawschool,0.024,0.7895844837106571,0.0156406878531229
4,0,22,Lawschool,0.032,0.7900331308669244,0.0237164716598272
5,0,22,Lawschool,0.04,0.7906888459414688,0.0310423843506295
6,0,22,Lawschool,0.048,0.7908614025400331,0.0402397722464039
7,0,22,Lawschool,0.056,0.7911374930977361,0.047968100145047
8,0,22,Lawschool,0.064,0.7907233572611817,0.0558095492280319
9,0,22,Lawschool,0.072,0.7910684704583103,0.0654190459790741
0,0,23,Lawschool,0.0,0.7881350082827168,0.0069603278345506
1,0,23,Lawschool,0.008,0.7886181667586969,0.0146987415729817
2,0,23,Lawschool,0.016,0.788859745996687,0.0213609571185022
3,0,23,Lawschool,0.024,0.7886526780784097,0.0282009333421797
4,0,23,Lawschool,0.032,0.7889287686361126,0.0359230643919366
5,0,23,Lawschool,0.04,0.789101325234677,0.0445449818537048
6,0,23,Lawschool,0.048,0.7897570403092214,0.051684886881386
7,0,23,Lawschool,0.056,0.7898950855880729,0.0581150021721142
8,0,23,Lawschool,0.064,0.7898950855880729,0.0651124096935018
9,0,23,Lawschool,0.072,0.7901366648260629,0.0718723213710666
0,0,24,Lawschool,0.0,0.7857192159028161,0.0014887513254297
1,0,24,Lawschool,0.008,0.7862368856985091,0.0088749967720991
2,0,24,Lawschool,0.016,0.7863059083379348,0.0168195376401316
3,0,24,Lawschool,0.024,0.7865474875759249,0.0248035760419203
4,0,24,Lawschool,0.032,0.7871341800110436,0.0323411750169268
5,0,24,Lawschool,0.04,0.7873412479293208,0.039385215873166
6,0,24,Lawschool,0.048,0.7877553837658752,0.0476372163861781
7,0,24,Lawschool,0.056,0.7882040309221424,0.0557973558093728
8,0,24,Lawschool,0.064,0.7882385422418553,0.0624592022656548
9,0,24,Lawschool,0.072,0.7883075648812811,0.0719810311681122
0,0,25,Lawschool,0.0,0.784718387631143,0.0047567315281672
1,0,25,Lawschool,0.008,0.7850980121479846,0.0138203211886184
2,0,25,Lawschool,0.016,0.7856156819436775,0.0213893042405083
3,0,25,Lawschool,0.024,0.7855466593042518,0.0294386179366739
4,0,25,Lawschool,0.032,0.7863404196576477,0.037818697592297
5,0,25,Lawschool,0.04,0.7868235781336278,0.0482920478053729
6,0,25,Lawschool,0.048,0.7867545554942021,0.0545081810884691
7,0,25,Lawschool,0.056,0.7869616234124793,0.0641741360155274
8,0,25,Lawschool,0.064,0.7868580894533407,0.072148667369284
9,0,25,Lawschool,0.072,0.7869616234124793,0.0811076887563626
0,0,26,Lawschool,0.0,0.7846148536720045,0.0035396742348896
1,0,26,Lawschool,0.008,0.7847528989508559,0.0123704388862373
2,0,26,Lawschool,0.016,0.7853395913859746,0.0213866458175441
3,0,26,Lawschool,0.024,0.7856156819436775,0.0285769450478217
4,0,26,Lawschool,0.032,0.7861333517393705,0.0354624090678863
5,0,26,Lawschool,0.04,0.785753727222529,0.0434729410086989
6,0,26,Lawschool,0.048,0.786271397018222,0.0530358725709744
7,0,26,Lawschool,0.056,0.7859262838210933,0.0635571968996101
8,0,26,Lawschool,0.064,0.7861678630590834,0.0688964684187084
9,0,26,Lawschool,0.072,0.7861333517393705,0.0770263932897747
0,0,27,Lawschool,0.0,0.7857192159028161,0.0040124336754768
1,0,27,Lawschool,0.008,0.7861333517393705,0.0101009691993638
2,0,27,Lawschool,0.016,0.7864439536167863,0.0163808247415089
3,0,27,Lawschool,0.024,0.787030646051905,0.0247199112239829
4,0,27,Lawschool,0.032,0.7867890668139149,0.0316996705388545
5,0,27,Lawschool,0.04,0.7873067366096079,0.0409262868553149
6,0,27,Lawschool,0.048,0.7877553837658752,0.0481240325148343
7,0,27,Lawschool,0.056,0.7879969630038652,0.0558542960747455
8,0,27,Lawschool,0.064,0.7879279403644396,0.0643414900171608
9,0,27,Lawschool,0.072,0.7885491441192711,0.072275925870259
0,0,28,Lawschool,0.0,0.7874102705687466,0.0010013786760308
1,0,28,Lawschool,0.008,0.7881350082827168,0.0086888458004762
2,0,28,Lawschool,0.016,0.7882385422418553,0.0168838128495175
3,0,28,Lawschool,0.024,0.7886871893981225,0.0267853696752571
4,0,28,Lawschool,0.032,0.7887907233572612,0.0352394376441067
5,0,28,Lawschool,0.04,0.7888252346769741,0.0417032053874903
6,0,28,Lawschool,0.048,0.7891703478741027,0.0498496786222842
7,0,28,Lawschool,0.056,0.7895499723909443,0.0563945030113244
8,0,28,Lawschool,0.064,0.7900331308669244,0.0638230215780774
9,0,28,Lawschool,0.072,0.7897915516289343,0.0711683077681587
0,0,29,Lawschool,0.0,0.785753727222529,0.0053358799621639
1,0,29,Lawschool,0.008,0.7865129762562121,0.0144528745792311
2,0,29,Lawschool,0.016,0.7866165102153506,0.0228391979045851
3,0,29,Lawschool,0.024,0.7876518498067366,0.0308711257483945
4,0,29,Lawschool,0.032,0.7885146327995582,0.039314878077828
5,0,29,Lawschool,0.04,0.7888252346769741,0.0485959477253404
6,0,29,Lawschool,0.048,0.7891703478741027,0.0561072225111453
7,0,29,Lawschool,0.056,0.7894464384318056,0.0620193251037326
8,0,29,Lawschool,0.064,0.7900331308669244,0.068813596944655
9,0,29,Lawschool,0.072,0.7902747101049145,0.0765370725101836
0,0,30,Lawschool,0.0,0.7868580894533407,0.0026832923539501
1,0,30,Lawschool,0.008,0.7873067366096079,0.005042551525287
2,0,30,Lawschool,0.016,0.788342076200994,0.012314528233511
3,0,30,Lawschool,0.024,0.7886526780784097,0.0201477586219285
4,0,30,Lawschool,0.032,0.7885146327995582,0.0303545219164435
5,0,30,Lawschool,0.04,0.7890323025952513,0.0387148496775327
6,0,30,Lawschool,0.048,0.7890668139149641,0.047117440790908
7,0,30,Lawschool,0.056,0.7884110988404197,0.0553671925846674
8,0,30,Lawschool,0.064,0.788859745996687,0.0645377033518325
9,0,30,Lawschool,0.072,0.7894119271120927,0.0726036489766038
0,0,31,Lawschool,0.0,0.787030646051905,0.0097368984198867
1,0,31,Lawschool,0.008,0.7869616234124793,0.0004688762992576
2,0,31,Lawschool,0.016,0.7869961347321922,0.0066994874015494
3,0,31,Lawschool,0.024,0.7870651573716179,0.0132366765969847
4,0,31,Lawschool,0.032,0.7874792932081722,0.0211524459916643
5,0,31,Lawschool,0.04,0.7881350082827168,0.0301141930517616
6,0,31,Lawschool,0.048,0.787789895085588,0.037689656823628
7,0,31,Lawschool,0.056,0.7879279403644396,0.0461717578054518
8,0,31,Lawschool,0.064,0.7885491441192711,0.0540194660755688
9,0,31,Lawschool,0.072,0.788859745996687,0.0632929488438587
0,0,32,Lawschool,0.0,0.7861678630590834,0.003740821265508
1,0,32,Lawschool,0.008,0.7867200441744893,0.010592281190059
2,0,32,Lawschool,0.016,0.7870651573716179,0.0173220103691626
3,0,32,Lawschool,0.024,0.7869271120927664,0.0249556378322867
4,0,32,Lawschool,0.032,0.787272225289895,0.0329399234204816
5,0,32,Lawschool,0.04,0.787548315847598,0.0390900670948912
6,0,32,Lawschool,0.048,0.7879624516841524,0.0475194885822605
7,0,32,Lawschool,0.056,0.7879624516841524,0.0554901476847835
8,0,32,Lawschool,0.064,0.7879624516841524,0.0629084742539564
9,0,32,Lawschool,0.072,0.7877553837658752,0.0720937179341548
0,0,33,Lawschool,0.0,0.7926214798453893,0.0030676438721468
1,0,33,Lawschool,0.008,0.7936223081170624,0.0111365305016245
2,0,33,Lawschool,0.016,0.7940364439536168,0.0181465343023552
3,0,33,Lawschool,0.024,0.7946921590281613,0.0258276027058864
4,0,33,Lawschool,0.032,0.7952788514632799,0.0333085634321973
5,0,33,Lawschool,0.04,0.7949682495858642,0.0399191921553698
6,0,33,Lawschool,0.048,0.7954859193815571,0.0485528909847911
7,0,33,Lawschool,0.056,0.795244340143567,0.0568337222353946
8,0,33,Lawschool,0.064,0.7958310325786858,0.0633857264236269
9,0,33,Lawschool,0.072,0.7961416344561016,0.071478286940916
0,0,34,Lawschool,0.0,0.7876518498067366,0.0100871723979039
1,0,34,Lawschool,0.008,0.787789895085588,0.0162683296546831
2,0,34,Lawschool,0.016,0.7881004969630039,0.0237580908454888
3,0,34,Lawschool,0.024,0.7883075648812811,0.031378111252134
4,0,34,Lawschool,0.032,0.7881695196024296,0.0372472188244681
5,0,34,Lawschool,0.04,0.7883075648812811,0.0463470411664072
6,0,34,Lawschool,0.048,0.7879624516841524,0.0515496795004988
7,0,34,Lawschool,0.056,0.7880314743235781,0.0589303664101412
8,0,34,Lawschool,0.064,0.7885491441192711,0.067369731289469
9,0,34,Lawschool,0.072,0.7890668139149641,0.0758818123562391
0,0,35,Lawschool,0.0,0.792932081722805,0.0082937227311198
1,0,35,Lawschool,0.008,0.7931736609607951,0.016212564605612
2,0,35,Lawschool,0.016,0.7933117062396466,0.0239686713869088
3,0,35,Lawschool,0.024,0.7936913307564881,0.0310745831096881
4,0,35,Lawschool,0.032,0.794243511871894,0.0397593759007153
5,0,35,Lawschool,0.04,0.7942780231916069,0.0470641032580374
6,0,35,Lawschool,0.048,0.7944160684704583,0.0558755506009126
7,0,35,Lawschool,0.056,0.7944160684704583,0.0624470231231917
8,0,35,Lawschool,0.064,0.794001932633904,0.0703515818439979
9,0,35,Lawschool,0.072,0.794243511871894,0.0718474031357203
0,0,36,Lawschool,0.0,0.7876518498067366,0.0087891941359981
1,0,36,Lawschool,0.008,0.7879279403644396,0.0013947629011676
2,0,36,Lawschool,0.016,0.7875828271673109,0.0064872723948208
3,0,36,Lawschool,0.024,0.7873067366096079,0.0165411405397607
4,0,36,Lawschool,0.032,0.7876173384870238,0.0235594121401223
5,0,36,Lawschool,0.04,0.7878589177250138,0.0312994960781095
6,0,36,Lawschool,0.048,0.7877208724461623,0.0406668134571383
7,0,36,Lawschool,0.056,0.7878934290447267,0.0503012233641484
8,0,36,Lawschool,0.064,0.7883075648812811,0.0582265572635977
9,0,36,Lawschool,0.072,0.7887217007178354,0.0657075857053498
0,0,37,Lawschool,0.0,0.7883075648812811,0.0001627360495805
1,0,37,Lawschool,0.008,0.7879624516841524,0.0088936565622944
2,0,37,Lawschool,0.016,0.7877553837658752,0.0157663421955377
3,0,37,Lawschool,0.024,0.7881004969630039,0.0247788850759561
4,0,37,Lawschool,0.032,0.7883765875207068,0.0331509999752772
5,0,37,Lawschool,0.04,0.7886181667586969,0.0414103429167186
6,0,37,Lawschool,0.048,0.7892393705135284,0.0511294260521192
7,0,37,Lawschool,0.056,0.7894119271120927,0.0558288606245451
8,0,37,Lawschool,0.064,0.7902747101049145,0.0643575972132024
9,0,37,Lawschool,0.072,0.7904472667034788,0.0728933044137359
0,0,38,Lawschool,0.0,0.7849944781888459,0.0020201494120102
1,0,38,Lawschool,0.008,0.7855466593042518,0.0093857840666493
2,0,38,Lawschool,0.016,0.786029817780232,0.0176564425484893
3,0,38,Lawschool,0.024,0.7866855328547764,0.0253772145190444
4,0,38,Lawschool,0.032,0.7874792932081722,0.0346627575286038
5,0,38,Lawschool,0.04,0.7879279403644396,0.0417990875768208
6,0,38,Lawschool,0.048,0.7875138045278851,0.0476878397528703
7,0,38,Lawschool,0.056,0.7879624516841524,0.0546230318021282
8,0,38,Lawschool,0.064,0.7877208724461623,0.0621238880354154
9,0,38,Lawschool,0.072,0.7875828271673109,0.0694268006715385
0,0,39,Lawschool,0.0,0.7864439536167863,0.0044970645624857
1,0,39,Lawschool,0.008,0.787789895085588,0.0041025342841551
2,0,39,Lawschool,0.016,0.7883075648812811,0.0117954959208386
3,0,39,Lawschool,0.024,0.7886181667586969,0.0221094957068854
4,0,39,Lawschool,0.032,0.7888252346769741,0.0291603615428755
5,0,39,Lawschool,0.04,0.7887217007178354,0.0356766839126768
6,0,39,Lawschool,0.048,0.7887217007178354,0.0434431673215837
7,0,39,Lawschool,0.056,0.788342076200994,0.0514741921397546
8,0,39,Lawschool,0.064,0.7886871893981225,0.0603601749863027
9,0,39,Lawschool,0.072,0.7887562120375483,0.0668183817618537
0,0,40,Lawschool,0.0,0.7876863611264495,0.00677470276973
1,0,40,Lawschool,0.008,0.7881695196024296,0.0018294940692565
2,0,40,Lawschool,0.016,0.7887217007178354,0.0099248891476865
3,0,40,Lawschool,0.024,0.7890668139149641,0.0159189793651635
4,0,40,Lawschool,0.032,0.7895154610712314,0.022264034099977
5,0,40,Lawschool,0.04,0.7899641082274986,0.0307713253324073
6,0,40,Lawschool,0.048,0.7902747101049145,0.0388359126230071
7,0,40,Lawschool,0.056,0.7901366648260629,0.0461625969090415
8,0,40,Lawschool,0.064,0.7899641082274986,0.054968012264736
9,0,40,Lawschool,0.072,0.7904472667034788,0.0634723784366369
0,0,41,Lawschool,0.0,0.7869961347321922,0.0059237954599254
1,0,41,Lawschool,0.008,0.7873757592490337,0.0017756220716781
2,0,41,Lawschool,0.016,0.7879624516841524,0.0102237469978549
3,0,41,Lawschool,0.024,0.7883765875207068,0.016430245970527
4,0,41,Lawschool,0.032,0.788583655438984,0.0253594189217894
5,0,41,Lawschool,0.04,0.7892048591938156,0.0344646496658936
6,0,41,Lawschool,0.048,0.7895499723909443,0.0430096744291853
7,0,41,Lawschool,0.056,0.7902401987852016,0.051857040294486
8,0,41,Lawschool,0.064,0.7905508006626173,0.0606252482040598
9,0,41,Lawschool,0.072,0.7905162893429045,0.0679405175476928
0,0,42,Lawschool,0.0,0.7874447818884595,0.0026142861032284
1,0,42,Lawschool,0.008,0.7876173384870238,0.0046199059113247
2,0,42,Lawschool,0.016,0.787548315847598,0.0125837070675958
3,0,42,Lawschool,0.024,0.7879624516841524,0.0211942336696542
4,0,42,Lawschool,0.032,0.7879969630038652,0.0303929842358449
5,0,42,Lawschool,0.04,0.7883765875207068,0.0358040028763461
6,0,42,Lawschool,0.048,0.7891358365543898,0.0440620104013771
7,0,42,Lawschool,0.056,0.7893083931529542,0.0516376630261434
8,0,42,Lawschool,0.064,0.7891703478741027,0.0586132781264141
9,0,42,Lawschool,0.072,0.788859745996687,0.0669419782402378
0,0,43,Lawschool,0.0,0.7885146327995582,0.0010500039744718
1,0,43,Lawschool,0.008,0.7892048591938156,0.0086074050824065
2,0,43,Lawschool,0.016,0.7897570403092214,0.0171882304082225
3,0,43,Lawschool,0.024,0.7904127553837659,0.0244279236003224
4,0,43,Lawschool,0.032,0.7904127553837659,0.031879602842864
5,0,43,Lawschool,0.04,0.7911374930977361,0.0401543466112988
6,0,43,Lawschool,0.048,0.7910684704583103,0.0478756013768947
7,0,43,Lawschool,0.056,0.7911374930977361,0.0564913057780716
8,0,43,Lawschool,0.064,0.7916206515737162,0.0650488783869804
9,0,43,Lawschool,0.072,0.7921728326891221,0.0726527849287296
0,0,44,Lawschool,0.0,0.788065985643291,0.0003031381482733
1,0,44,Lawschool,0.008,0.7882730535615682,0.0085268644299212
2,0,44,Lawschool,0.016,0.7890668139149641,0.0179558797652076
3,0,44,Lawschool,0.024,0.7892738818332413,0.0258656570491612
4,0,44,Lawschool,0.032,0.7897915516289343,0.0340999769979873
5,0,44,Lawschool,0.04,0.7897915516289343,0.042694505762231
6,0,44,Lawschool,0.048,0.79010215350635,0.0495448439342881
7,0,44,Lawschool,0.056,0.7903092214246272,0.0584822793286037
8,0,44,Lawschool,0.064,0.7911374930977361,0.0666615073818314
9,0,44,Lawschool,0.072,0.7909994478188846,0.0742361483337343
0,0,45,Lawschool,0.0,0.787789895085588,0.0015595358901812
1,0,45,Lawschool,0.008,0.7883075648812811,0.0102029492846745
2,0,45,Lawschool,0.016,0.7887907233572612,0.018691795231087
3,0,45,Lawschool,0.024,0.7889977912755384,0.0258694100615095
4,0,45,Lawschool,0.032,0.7887562120375483,0.033025893215789
5,0,45,Lawschool,0.04,0.7894119271120927,0.0412756450095485
6,0,45,Lawschool,0.048,0.7894119271120927,0.0491430317054878
7,0,45,Lawschool,0.056,0.7896880176697957,0.0567794312935384
8,0,45,Lawschool,0.064,0.7894809497515185,0.0652260138876647
9,0,45,Lawschool,0.072,0.7896535063500828,0.0721254606712978
0,0,46,Lawschool,0.0,0.7874102705687466,0.0022790536430841
1,0,46,Lawschool,0.008,0.7872032026504694,0.0092658581130799
2,0,46,Lawschool,0.016,0.7875828271673109,0.0165162425503725
3,0,46,Lawschool,0.024,0.7878589177250138,0.0238487944493686
4,0,46,Lawschool,0.032,0.7881695196024296,0.0321656444500756
5,0,46,Lawschool,0.04,0.7882385422418553,0.0399766508229766
6,0,46,Lawschool,0.048,0.7887217007178354,0.0476586183959972
7,0,46,Lawschool,0.056,0.7887562120375483,0.057135676636472
8,0,46,Lawschool,0.064,0.7880314743235781,0.0656144569584967
9,0,46,Lawschool,0.072,0.7885146327995582,0.0719974363997316
0,0,47,Lawschool,0.0,0.7850980121479846,0.0085731166080817
1,0,47,Lawschool,0.008,0.7853050800662618,0.0159128879813156
2,0,47,Lawschool,0.016,0.7853741027056874,0.0218263600774801
3,0,47,Lawschool,0.024,0.7854776366648261,0.0321793297075947
4,0,47,Lawschool,0.032,0.786271397018222,0.0405841648863126
5,0,47,Lawschool,0.04,0.786271397018222,0.0483202404831012
6,0,47,Lawschool,0.048,0.7865474875759249,0.0562257027062856
7,0,47,Lawschool,0.056,0.7859607951408062,0.0634306218241108
8,0,47,Lawschool,0.064,0.7865474875759249,0.0701893449666615
9,0,47,Lawschool,0.072,0.7868580894533407,0.0784187574428871
0,0,48,Lawschool,0.0,0.7852705687465489,0.0073741421310171
1,0,48,Lawschool,0.008,0.785236057426836,0.0020371667443835
2,0,48,Lawschool,0.016,0.786271397018222,0.0101771268475503
3,0,48,Lawschool,0.024,0.7868580894533407,0.0196967879373027
4,0,48,Lawschool,0.032,0.7871341800110436,0.0274586762068211
5,0,48,Lawschool,0.04,0.7877553837658752,0.0329982799085971
6,0,48,Lawschool,0.048,0.7879969630038652,0.0406068788177225
7,0,48,Lawschool,0.056,0.7885146327995582,0.0489577871382051
8,0,48,Lawschool,0.064,0.7888252346769741,0.0578458128641166
9,0,48,Lawschool,0.072,0.7894119271120927,0.0641219697658624
0,0,49,Lawschool,0.0,0.7865129762562121,0.0073569197833285
1,0,49,Lawschool,0.008,0.7867890668139149,0.015074027458384
2,0,49,Lawschool,0.016,0.7877208724461623,0.0219100495803607
3,0,49,Lawschool,0.024,0.7879279403644396,0.028247376397082
4,0,49,Lawschool,0.032,0.7881350082827168,0.0346280296658766
5,0,49,Lawschool,0.04,0.7879624516841524,0.0439695362109155
6,0,49,Lawschool,0.048,0.7878589177250138,0.0510869842240742
7,0,49,Lawschool,0.056,0.7879624516841524,0.0581308164781671
8,0,49,Lawschool,0.064,0.7879279403644396,0.0684234464722269
9,0,49,Lawschool,0.072,0.7881350082827168,0.0762011327612673
