,Unnamed: 0,seed,dataset,alpha,acc,disparity
0,0,0,Lawschool,0.0,0.7942780231916069,0.0716082468744931
0,0,0,Lawschool,0.2,0.793725842076201,0.070877282870487
0,0,0,Lawschool,0.4,0.7944850911098841,0.0616582901285197
0,0,0,Lawschool,0.6,0.7934152401987852,0.0542151964294921
0,0,0,Lawschool,0.8,0.7926214798453893,0.045416547159375
0,0,0,Lawschool,1.0,0.7923453892876864,0.0365795117334004
0,0,0,Lawschool,1.2,0.7915516289342904,0.0245935942581156
0,0,0,Lawschool,1.4,0.791413583655439,0.0104943652377286
0,0,0,Lawschool,1.6,0.79010215350635,0.0074787922213667
0,0,0,Lawschool,1.8,0.7908268912203202,0.0050223554463543
0,0,1,Lawschool,0.0,0.7890668139149641,0.0716748448013085
0,0,1,Lawschool,0.2,0.7886871893981225,0.0564633013952393
0,0,1,Lawschool,0.4,0.7883765875207068,0.0522652310013258
0,0,1,Lawschool,0.6,0.7881004969630039,0.0444485683617709
0,0,1,Lawschool,0.8,0.787272225289895,0.0337187356727755
0,0,1,Lawschool,1.0,0.7869271120927664,0.0255860028437604
0,0,1,Lawschool,1.2,0.7867890668139149,0.0194742799214403
0,0,1,Lawschool,1.4,0.7859953064605191,0.0089384455968179
0,0,1,Lawschool,1.6,0.7845458310325787,0.0054550907339256
0,0,1,Lawschool,1.8,0.7843387631143015,0.0138386467975168
0,0,2,Lawschool,0.0,0.7883765875207068,0.0712525878493852
0,0,2,Lawschool,0.2,0.7886871893981225,0.0719454321080464
0,0,2,Lawschool,0.4,0.788859745996687,0.0652202247260595
0,0,2,Lawschool,0.6,0.788342076200994,0.0550097387045107
0,0,2,Lawschool,0.8,0.7885146327995582,0.0446330238707349
0,0,2,Lawschool,1.0,0.7882385422418553,0.0334465010668075
0,0,2,Lawschool,1.2,0.7878934290447267,0.0168603293127779
0,0,2,Lawschool,1.4,0.7874447818884595,0.0084907340677558
0,0,2,Lawschool,1.6,0.7863059083379348,0.0033322174858712
0,0,2,Lawschool,1.8,0.7849254555494202,0.013282216559651
0,0,3,Lawschool,0.0,0.788065985643291,0.0812636383041277
0,0,3,Lawschool,0.2,0.788065985643291,0.0744574733661588
0,0,3,Lawschool,0.4,0.7877208724461623,0.0633904379821223
0,0,3,Lawschool,0.6,0.7879279403644396,0.0543845326627826
0,0,3,Lawschool,0.8,0.787030646051905,0.0429973040463451
0,0,3,Lawschool,1.0,0.7876173384870238,0.0362249171745057
0,0,3,Lawschool,1.2,0.7869961347321922,0.0245988007462608
0,0,3,Lawschool,1.4,0.7857882385422419,0.0145468442261746
0,0,3,Lawschool,1.6,0.7845458310325787,0.001104097003707
0,0,3,Lawschool,1.8,0.7840971838763114,0.0065030368558418
0,0,4,Lawschool,0.0,0.7902401987852016,0.0796048332069896
0,0,4,Lawschool,0.2,0.79010215350635,0.0683455818409755
0,0,4,Lawschool,0.4,0.7900331308669244,0.0578275768462688
0,0,4,Lawschool,0.6,0.7904127553837659,0.0494978339954675
0,0,4,Lawschool,0.8,0.7888942573163997,0.0425094251346494
0,0,4,Lawschool,1.0,0.7887562120375483,0.0357679847088838
0,0,4,Lawschool,1.2,0.7880314743235781,0.0266382468425207
0,0,4,Lawschool,1.4,0.788342076200994,0.019496839361309
0,0,4,Lawschool,1.6,0.7881350082827168,0.0089905037012894
0,0,4,Lawschool,1.8,0.7873757592490337,0.0058923806084087
0,0,5,Lawschool,0.0,0.7868926007730536,0.0817960850955774
0,0,5,Lawschool,0.2,0.7877208724461623,0.0701694977329495
0,0,5,Lawschool,0.4,0.7876173384870238,0.0621534171787978
0,0,5,Lawschool,0.6,0.7870651573716179,0.056778078097875
0,0,5,Lawschool,0.8,0.7866855328547764,0.0483352500103769
0,0,5,Lawschool,1.0,0.7861333517393705,0.0366086047811936
0,0,5,Lawschool,1.2,0.7845803423522916,0.0266531400541552
0,0,5,Lawschool,1.4,0.7843732744340144,0.0156648427714417
0,0,5,Lawschool,1.6,0.783441468801767,0.005889911930521
0,0,5,Lawschool,1.8,0.7823371065709552,0.0019370157948838
0,0,6,Lawschool,0.0,0.7866855328547764,0.0736259178325764
0,0,6,Lawschool,0.2,0.786271397018222,0.0677406915114821
0,0,6,Lawschool,0.4,0.7863059083379348,0.0555895006740658
0,0,6,Lawschool,0.6,0.7865819988956377,0.0487470924348606
0,0,6,Lawschool,0.8,0.786271397018222,0.0381426527921914
0,0,6,Lawschool,1.0,0.7859607951408062,0.0265018650792638
0,0,6,Lawschool,1.2,0.7849944781888459,0.0197123718846995
0,0,6,Lawschool,1.4,0.7850289895085588,0.0076183458086803
0,0,6,Lawschool,1.6,0.7839246272777471,0.004979417407544
0,0,6,Lawschool,1.8,0.7837520706791827,0.0153705698372346
0,0,7,Lawschool,0.0,0.7916551628934291,0.0855159680655622
0,0,7,Lawschool,0.2,0.791931253451132,0.0773086779469881
0,0,7,Lawschool,0.4,0.7916551628934291,0.0704676044382234
0,0,7,Lawschool,0.6,0.7910684704583103,0.0618486114805689
0,0,7,Lawschool,0.8,0.7902747101049145,0.0541116073828477
0,0,7,Lawschool,1.0,0.7900331308669244,0.0454187724246292
0,0,7,Lawschool,1.2,0.7887217007178354,0.0381597141048472
0,0,7,Lawschool,1.4,0.7887562120375483,0.0302085402856153
0,0,7,Lawschool,1.6,0.7880314743235781,0.020134290594177
0,0,7,Lawschool,1.8,0.7874102705687466,0.01118779143001
0,0,8,Lawschool,0.0,0.7907233572611817,0.0801208055877739
0,0,8,Lawschool,0.2,0.7909994478188846,0.0735104359261815
0,0,8,Lawschool,0.4,0.7901711761457758,0.0639271402944669
0,0,8,Lawschool,0.6,0.7894464384318056,0.0586861321933757
0,0,8,Lawschool,0.8,0.7890668139149641,0.0533571904996657
0,0,8,Lawschool,1.0,0.7890323025952513,0.0401184416304039
0,0,8,Lawschool,1.2,0.7883075648812811,0.036002639437396
0,0,8,Lawschool,1.4,0.7883075648812811,0.0260387505460336
0,0,8,Lawschool,1.6,0.7878589177250138,0.0125119095165512
0,0,8,Lawschool,1.8,0.7865819988956377,0.0042989325621491
0,0,9,Lawschool,0.0,0.791172004417449,0.0833819887575661
0,0,9,Lawschool,0.2,0.7914480949751519,0.0731691030755337
0,0,9,Lawschool,0.4,0.7901711761457758,0.0631511529273695
0,0,9,Lawschool,0.6,0.7897915516289343,0.0584584123822855
0,0,9,Lawschool,0.8,0.7891358365543898,0.0451656308570264
0,0,9,Lawschool,1.0,0.7887907233572612,0.0364942918308744
0,0,9,Lawschool,1.2,0.7884801214798454,0.0263542631899932
0,0,9,Lawschool,1.4,0.7885146327995582,0.0125018696478893
0,0,9,Lawschool,1.6,0.7866855328547764,0.0032802786896456
0,0,9,Lawschool,1.8,0.7859607951408062,0.0108172867131823
0,0,10,Lawschool,0.0,0.7907233572611817,0.0839703803550186
0,0,10,Lawschool,0.2,0.7905508006626173,0.0727030195121197
0,0,10,Lawschool,0.4,0.78986057426836,0.0619107162168425
0,0,10,Lawschool,0.6,0.7894464384318056,0.0540512173832439
0,0,10,Lawschool,0.8,0.7896189950303699,0.0466004418421418
0,0,10,Lawschool,1.0,0.7889632799558255,0.0371309613928841
0,0,10,Lawschool,1.2,0.787030646051905,0.0301452015325433
0,0,10,Lawschool,1.4,0.7879279403644396,0.0215199137944352
0,0,10,Lawschool,1.6,0.7875828271673109,0.0095019234037294
0,0,10,Lawschool,1.8,0.7868926007730536,0.0049941873039904
0,0,11,Lawschool,0.0,0.7895499723909443,0.0808529379916014
0,0,11,Lawschool,0.2,0.7891703478741027,0.0725739050401596
0,0,11,Lawschool,0.4,0.788859745996687,0.0626253742219006
0,0,11,Lawschool,0.6,0.7897225289895086,0.0504747032719388
0,0,11,Lawschool,0.8,0.7881004969630039,0.0407506365305176
0,0,11,Lawschool,1.0,0.7880314743235781,0.0278780558375186
0,0,11,Lawschool,1.2,0.7878244064053009,0.0205833558460217
0,0,11,Lawschool,1.4,0.7876518498067366,0.004552036762565
0,0,11,Lawschool,1.6,0.7859607951408062,0.0048201732793457
0,0,11,Lawschool,1.8,0.7854431253451132,0.0102611230010015
0,0,12,Lawschool,0.0,0.7860643290999448,0.0883530926949433
0,0,12,Lawschool,0.2,0.7864094422970734,0.0804694309981382
0,0,12,Lawschool,0.4,0.7864784649364992,0.0658107494278363
0,0,12,Lawschool,0.6,0.786029817780232,0.0575788173718221
0,0,12,Lawschool,0.8,0.7853741027056874,0.0448420641335683
0,0,12,Lawschool,1.0,0.7855811706239647,0.0321437890450315
0,0,12,Lawschool,1.2,0.7845803423522916,0.0223515309847455
0,0,12,Lawschool,1.4,0.7830618442849254,0.0174503933598539
0,0,12,Lawschool,1.6,0.7844077857537273,0.0051733380541615
0,0,12,Lawschool,1.8,0.7833724461623413,0.0034631306109162
0,0,13,Lawschool,0.0,0.7897915516289343,0.0830523183715266
0,0,13,Lawschool,0.2,0.7902056874654887,0.0741895803786939
0,0,13,Lawschool,0.4,0.7887907233572612,0.0676472947357856
0,0,13,Lawschool,0.6,0.7883765875207068,0.056930776732725
0,0,13,Lawschool,0.8,0.7881004969630039,0.0482546319539535
0,0,13,Lawschool,1.0,0.7872377139701823,0.0405219016349775
0,0,13,Lawschool,1.2,0.787030646051905,0.0385682909576639
0,0,13,Lawschool,1.4,0.7870996686913307,0.0320705651616924
0,0,13,Lawschool,1.6,0.7873067366096079,0.0158085110040441
0,0,13,Lawschool,1.8,0.7865819988956377,0.009989124453967
0,0,14,Lawschool,0.0,0.7904817780231916,0.0748892026559085
0,0,14,Lawschool,0.2,0.7904127553837659,0.0625747356209775
0,0,14,Lawschool,0.4,0.7899641082274986,0.052421223592524
0,0,14,Lawschool,0.6,0.789101325234677,0.0415259279533142
0,0,14,Lawschool,0.8,0.7883765875207068,0.0370151259448634
0,0,14,Lawschool,1.0,0.7885146327995582,0.025446689466049
0,0,14,Lawschool,1.2,0.7873757592490337,0.0202626859473455
0,0,14,Lawschool,1.4,0.7864439536167863,0.0079953114693953
0,0,14,Lawschool,1.6,0.7865474875759249,0.0005474433910698
0,0,14,Lawschool,1.8,0.7859607951408062,0.0082296700485052
0,0,15,Lawschool,0.0,0.7906543346217559,0.0831692268628717
0,0,15,Lawschool,0.2,0.7899641082274986,0.0640633109912784
0,0,15,Lawschool,0.4,0.7892393705135284,0.051763151802688
0,0,15,Lawschool,0.6,0.7888252346769741,0.0453131926336533
0,0,15,Lawschool,0.8,0.7894464384318056,0.0361437134033392
0,0,15,Lawschool,1.0,0.7880314743235781,0.0235887713106527
0,0,15,Lawschool,1.2,0.7875138045278851,0.0190577032553081
0,0,15,Lawschool,1.4,0.7865474875759249,0.0037930478759975
0,0,15,Lawschool,1.6,0.7853395913859746,0.0035600524367757
0,0,15,Lawschool,1.8,0.7852015461071231,0.0148721428469288
0,0,16,Lawschool,0.0,0.7896189950303699,0.0785127342251001
0,0,16,Lawschool,0.2,0.7889287686361126,0.0698787847214296
0,0,16,Lawschool,0.4,0.7884801214798454,0.0559760765439898
0,0,16,Lawschool,0.6,0.787548315847598,0.045380579469091
0,0,16,Lawschool,0.8,0.7868926007730536,0.037306204849513
0,0,16,Lawschool,1.0,0.7868926007730536,0.0224663605150635
0,0,16,Lawschool,1.2,0.7861333517393705,0.0128618573708512
0,0,16,Lawschool,1.4,0.7859262838210933,0.0029192813910636
0,0,16,Lawschool,1.6,0.7845458310325787,0.0087492492036896
0,0,16,Lawschool,1.8,0.7843732744340144,0.0206417877042654
0,0,17,Lawschool,0.0,0.7916551628934291,0.0747708514810062
0,0,17,Lawschool,0.2,0.7916551628934291,0.0663410622906187
0,0,17,Lawschool,0.4,0.7919657647708448,0.0584139441254616
0,0,17,Lawschool,0.6,0.7911029817780232,0.0508548529609196
0,0,17,Lawschool,0.8,0.7898950855880729,0.0449431021671053
0,0,17,Lawschool,1.0,0.7897225289895086,0.0377624777934927
0,0,17,Lawschool,1.2,0.7887217007178354,0.0224575500563553
0,0,17,Lawschool,1.4,0.7886871893981225,0.0157841824102607
0,0,17,Lawschool,1.6,0.788065985643291,0.0020594681678109
0,0,17,Lawschool,1.8,0.7877553837658752,0.0029633393591412
0,0,18,Lawschool,0.0,0.7872377139701823,0.0892514283764586
0,0,18,Lawschool,0.2,0.7871341800110436,0.081383047606345
0,0,18,Lawschool,0.4,0.7875138045278851,0.0710510663970173
0,0,18,Lawschool,0.6,0.7878934290447267,0.0616602860164891
0,0,18,Lawschool,0.8,0.7864094422970734,0.0557363427979428
0,0,18,Lawschool,1.0,0.786271397018222,0.0459723777427619
0,0,18,Lawschool,1.2,0.7859607951408062,0.0373368843712972
0,0,18,Lawschool,1.4,0.7854776366648261,0.0237626553223695
0,0,18,Lawschool,1.6,0.7846493649917173,0.0159267464655049
0,0,18,Lawschool,1.8,0.7821990612921038,0.0035343011966723
0,0,19,Lawschool,0.0,0.7905853119823302,0.0767567567040694
0,0,19,Lawschool,0.2,0.7912410270568746,0.0659190646863175
0,0,19,Lawschool,0.4,0.7904472667034788,0.0575856119503249
0,0,19,Lawschool,0.6,0.7906543346217559,0.0455593273799654
0,0,19,Lawschool,0.8,0.7904127553837659,0.0367898843626671
0,0,19,Lawschool,1.0,0.7902401987852016,0.0251264620368261
0,0,19,Lawschool,1.2,0.7903092214246272,0.0252083381459915
0,0,19,Lawschool,1.4,0.7895154610712314,0.006165587802721
0,0,19,Lawschool,1.6,0.7887217007178354,0.0022089979309712
0,0,19,Lawschool,1.8,0.7878934290447267,0.0104047964584294
0,0,20,Lawschool,0.0,0.7891703478741027,0.0764013847238181
0,0,20,Lawschool,0.2,0.7880314743235781,0.0646219173476678
0,0,20,Lawschool,0.4,0.7878934290447267,0.0523425334222351
0,0,20,Lawschool,0.6,0.7872032026504694,0.0495761010766678
0,0,20,Lawschool,0.8,0.7876173384870238,0.0417900942764963
0,0,20,Lawschool,1.0,0.7875828271673109,0.0302374039151018
0,0,20,Lawschool,1.2,0.787030646051905,0.0222546154567114
0,0,20,Lawschool,1.4,0.7857192159028161,0.0124763473736911
0,0,20,Lawschool,1.6,0.7846838763114301,0.0041633070099942
0,0,20,Lawschool,1.8,0.7845803423522916,0.0094471375258556
0,0,21,Lawschool,0.0,0.7900331308669244,0.080628669539523
0,0,21,Lawschool,0.2,0.7893774157923799,0.0773921301197381
0,0,21,Lawschool,0.4,0.7887562120375483,0.071849072483728
0,0,21,Lawschool,0.6,0.7887217007178354,0.0648873922013419
0,0,21,Lawschool,0.8,0.7873412479293208,0.0549296507994013
0,0,21,Lawschool,1.0,0.7874792932081722,0.0425242715237011
0,0,21,Lawschool,1.2,0.7866855328547764,0.0331493733890986
0,0,21,Lawschool,1.4,0.7867545554942021,0.0290696528271684
0,0,21,Lawschool,1.6,0.7859953064605191,0.0162897127379384
0,0,21,Lawschool,1.8,0.7843387631143015,0.009779321233772
0,0,22,Lawschool,0.0,0.7905853119823302,0.0719611168414405
0,0,22,Lawschool,0.2,0.7908268912203202,0.0602362024073584
0,0,22,Lawschool,0.4,0.7899641082274986,0.0530039377129653
0,0,22,Lawschool,0.6,0.7892738818332413,0.0388142048230767
0,0,22,Lawschool,0.8,0.7883765875207068,0.0356788375093331
0,0,22,Lawschool,1.0,0.7882385422418553,0.0204484240807307
0,0,22,Lawschool,1.2,0.7875828271673109,0.0092663539025639
0,0,22,Lawschool,1.4,0.7870651573716179,0.0012465969239001
0,0,22,Lawschool,1.6,0.787272225289895,0.0080375859276657
0,0,22,Lawschool,1.8,0.785753727222529,0.0225181282403662
0,0,23,Lawschool,0.0,0.7901366648260629,0.0718723213710666
0,0,23,Lawschool,0.2,0.7900676421866372,0.0725643836005052
0,0,23,Lawschool,0.4,0.7903092214246272,0.0629626151806132
0,0,23,Lawschool,0.6,0.7900331308669244,0.0554168959117556
0,0,23,Lawschool,0.8,0.7887562120375483,0.0456005629014202
0,0,23,Lawschool,1.0,0.7884801214798454,0.035489888519277
0,0,23,Lawschool,1.2,0.7879624516841524,0.0229158100044999
0,0,23,Lawschool,1.4,0.7873412479293208,0.0170447976393027
0,0,23,Lawschool,1.6,0.7869616234124793,0.0066260051480274
0,0,23,Lawschool,1.8,0.7866855328547764,0.0006492032672401
0,0,24,Lawschool,0.0,0.7883075648812811,0.0753393243213603
0,0,24,Lawschool,0.2,0.7879969630038652,0.0693171446481063
0,0,24,Lawschool,0.4,0.7875138045278851,0.0614982252638004
0,0,24,Lawschool,0.6,0.7873757592490337,0.0496947042412942
0,0,24,Lawschool,0.8,0.7866855328547764,0.0441898456283349
0,0,24,Lawschool,1.0,0.786271397018222,0.0343186832529891
0,0,24,Lawschool,1.2,0.786029817780232,0.0336670499144962
0,0,24,Lawschool,1.4,0.7849944781888459,0.0173077658101216
0,0,24,Lawschool,1.6,0.7846148536720045,0.0070086820854447
0,0,24,Lawschool,1.8,0.7833379348426284,0.0032732753043921
0,0,25,Lawschool,0.0,0.7869616234124793,0.0819031696699946
0,0,25,Lawschool,0.2,0.7869961347321922,0.0764490300518512
0,0,25,Lawschool,0.4,0.7867890668139149,0.0651489675449411
0,0,25,Lawschool,0.6,0.7863404196576477,0.0554569280046349
0,0,25,Lawschool,0.8,0.7863059083379348,0.0485770069341465
0,0,25,Lawschool,1.0,0.784718387631143,0.0400543600195175
0,0,25,Lawschool,1.2,0.7835104914411927,0.024403211052783
0,0,25,Lawschool,1.4,0.7839591385974599,0.0196765376112937
0,0,25,Lawschool,1.6,0.7831308669243512,0.0076416062922981
0,0,25,Lawschool,1.8,0.7813017669795693,0.0001011935425141
0,0,26,Lawschool,0.0,0.7866510215350635,0.0928241891121336
0,0,26,Lawschool,0.2,0.7864439536167863,0.0814607613871432
0,0,26,Lawschool,0.4,0.7864094422970734,0.0736009495072308
0,0,26,Lawschool,0.6,0.7858572611816675,0.0642233144608324
0,0,26,Lawschool,0.8,0.7856847045831032,0.0554584533951081
0,0,26,Lawschool,1.0,0.786029817780232,0.0478592980615229
0,0,26,Lawschool,1.2,0.7856501932633904,0.0421677633439956
0,0,26,Lawschool,1.4,0.7855811706239647,0.0270145059252036
0,0,26,Lawschool,1.6,0.7851670347874102,0.0186233414514817
0,0,26,Lawschool,1.8,0.7841316951960243,0.0062164129566898
0,0,27,Lawschool,0.0,0.7886181667586969,0.0765158288844685
0,0,27,Lawschool,0.2,0.7878244064053009,0.0700806311175151
0,0,27,Lawschool,0.4,0.7878934290447267,0.0601835095351842
0,0,27,Lawschool,0.6,0.7871341800110436,0.050386780270077
0,0,27,Lawschool,0.8,0.7863059083379348,0.0399976211652047
0,0,27,Lawschool,1.0,0.7855466593042518,0.0321589218958002
0,0,27,Lawschool,1.2,0.7852015461071231,0.0208308238572258
0,0,27,Lawschool,1.4,0.7843732744340144,0.0182593152054303
0,0,27,Lawschool,1.6,0.7839591385974599,0.0064345239107845
0,0,27,Lawschool,1.8,0.7836140254003313,0.0048900333199209
0,0,28,Lawschool,0.0,0.7900676421866372,0.0796071699978418
0,0,28,Lawschool,0.2,0.7897225289895086,0.0748955848707173
0,0,28,Lawschool,0.4,0.7896535063500828,0.0678767009942779
0,0,28,Lawschool,0.6,0.7905508006626173,0.0552517079138035
0,0,28,Lawschool,0.8,0.7890668139149641,0.0487198891549761
0,0,28,Lawschool,1.0,0.7887217007178354,0.0377594948520589
0,0,28,Lawschool,1.2,0.7873067366096079,0.0322626292851212
0,0,28,Lawschool,1.4,0.7873067366096079,0.0173549226063529
0,0,28,Lawschool,1.6,0.7859262838210933,0.0089551260231855
0,0,28,Lawschool,1.8,0.7848219215902816,0.0074970571409676
0,0,29,Lawschool,0.0,0.7905508006626173,0.079469060931838
0,0,29,Lawschool,0.2,0.7888942573163997,0.072123525520227
0,0,29,Lawschool,0.4,0.7893429044726671,0.0584895568373847
0,0,29,Lawschool,0.6,0.788065985643291,0.0523521581889842
0,0,29,Lawschool,0.8,0.7879969630038652,0.0436458967845335
0,0,29,Lawschool,1.0,0.7877208724461623,0.0347033717257199
0,0,29,Lawschool,1.2,0.7869961347321922,0.0248168833224617
0,0,29,Lawschool,1.4,0.7859953064605191,0.0145333300534178
0,0,29,Lawschool,1.6,0.7853741027056874,0.0082821646698656
0,0,29,Lawschool,1.8,0.7851325234676974,0.0005351078529804
0,0,30,Lawschool,0.0,0.7887907233572612,0.0935607538266145
0,0,30,Lawschool,0.2,0.7891358365543898,0.0805364256282178
0,0,30,Lawschool,0.4,0.7886181667586969,0.0704972544131625
0,0,30,Lawschool,0.6,0.7883075648812811,0.0599828175521702
0,0,30,Lawschool,0.8,0.7877208724461623,0.0521923841136
0,0,30,Lawschool,1.0,0.7875138045278851,0.0422006606362259
0,0,30,Lawschool,1.2,0.7869961347321922,0.0328052748786907
0,0,30,Lawschool,1.4,0.7868235781336278,0.0248096367962086
0,0,30,Lawschool,1.6,0.7865819988956377,0.0103910121069345
0,0,30,Lawschool,1.8,0.7855121479845389,0.0019073505459173
0,0,31,Lawschool,0.0,0.788859745996687,0.0709759649502299
0,0,31,Lawschool,0.2,0.7883075648812811,0.0654417530926281
0,0,31,Lawschool,0.4,0.7882040309221424,0.056185918943637
0,0,31,Lawschool,0.6,0.7873412479293208,0.0522505616906426
0,0,31,Lawschool,0.8,0.7867890668139149,0.0394571066520185
0,0,31,Lawschool,1.0,0.7870651573716179,0.0297742813713435
0,0,31,Lawschool,1.2,0.7858572611816675,0.0192978318628766
0,0,31,Lawschool,1.4,0.7855466593042518,0.00883425517975
0,0,31,Lawschool,1.6,0.7841662065157372,0.0018534019983412
0,0,31,Lawschool,1.8,0.782923799006074,0.0093357377880145
0,0,32,Lawschool,0.0,0.7879279403644396,0.0724916149462773
0,0,32,Lawschool,0.2,0.7877208724461623,0.0641294182616678
0,0,32,Lawschool,0.4,0.7876863611264495,0.056288664585828
0,0,32,Lawschool,0.6,0.7868580894533407,0.0474958661133159
0,0,32,Lawschool,0.8,0.7867890668139149,0.038911095428282
0,0,32,Lawschool,1.0,0.7862023743787963,0.0273357407477115
0,0,32,Lawschool,1.2,0.785753727222529,0.0187100966564991
0,0,32,Lawschool,1.4,0.7851325234676974,0.0095293911042997
0,0,32,Lawschool,1.6,0.7841662065157372,0.0005748900549242
0,0,32,Lawschool,1.8,0.7839591385974599,0.0093125775010154
0,0,33,Lawschool,0.0,0.7962451684152402,0.0761244700927799
0,0,33,Lawschool,0.2,0.7961416344561016,0.0662083869618742
0,0,33,Lawschool,0.4,0.79576200993926,0.0567635408488428
0,0,33,Lawschool,0.6,0.7949337382661513,0.0483792581183229
0,0,33,Lawschool,0.8,0.7940709552733296,0.0395950401256567
0,0,33,Lawschool,1.0,0.7936568194367752,0.0317857259852216
0,0,33,Lawschool,1.2,0.7928975704030922,0.0224600895881291
0,0,33,Lawschool,1.4,0.7924489232468249,0.0152017900576734
0,0,33,Lawschool,1.6,0.7915516289342904,0.0066996980726849
0,0,33,Lawschool,1.8,0.7905508006626173,0.0008258095063081
0,0,34,Lawschool,0.0,0.7893083931529542,0.0805362171166652
0,0,34,Lawschool,0.2,0.7883765875207068,0.0680181652008177
0,0,34,Lawschool,0.4,0.788859745996687,0.060492045916291
0,0,34,Lawschool,0.6,0.788065985643291,0.0506556128765824
0,0,34,Lawschool,0.8,0.7875828271673109,0.0446651200318889
0,0,34,Lawschool,1.0,0.7865474875759249,0.0338581858089155
0,0,34,Lawschool,1.2,0.7852705687465489,0.0230206178279187
0,0,34,Lawschool,1.4,0.784959966869133,0.0118735810061355
0,0,34,Lawschool,1.6,0.7842352291551629,0.0024445298569149
0,0,34,Lawschool,1.8,0.7836830480397571,0.0088771420138517
0,0,35,Lawschool,0.0,0.794243511871894,0.0718474031357203
0,0,35,Lawschool,0.2,0.7944160684704583,0.0682055654937578
0,0,35,Lawschool,0.4,0.7941399779127554,0.0598000089682077
0,0,35,Lawschool,0.6,0.7939329099944782,0.049825724753976
0,0,35,Lawschool,0.8,0.7936913307564881,0.0431775581720837
0,0,35,Lawschool,1.0,0.7930701270016566,0.0314710658617109
0,0,35,Lawschool,1.2,0.7916551628934291,0.0173050731342676
0,0,35,Lawschool,1.4,0.7918277194919934,0.0046420738210563
0,0,35,Lawschool,1.6,0.7900676421866372,0.0053611799033461
0,0,35,Lawschool,1.8,0.7887562120375483,0.0149758072211666
0,0,36,Lawschool,0.0,0.7893429044726671,0.0754839469703612
0,0,36,Lawschool,0.2,0.788583655438984,0.0689267910157183
0,0,36,Lawschool,0.4,0.7886181667586969,0.0564228470173694
0,0,36,Lawschool,0.6,0.7878244064053009,0.0497909804568108
0,0,36,Lawschool,0.8,0.7873067366096079,0.0375406011897655
0,0,36,Lawschool,1.0,0.7869616234124793,0.0288836077786592
0,0,36,Lawschool,1.2,0.7861678630590834,0.0200062717809896
0,0,36,Lawschool,1.4,0.785236057426836,0.0065381011901878
0,0,36,Lawschool,1.6,0.7861678630590834,0.0027455996828823
0,0,36,Lawschool,1.8,0.7854086140254003,0.0112092698979347
0,0,37,Lawschool,0.0,0.7901366648260629,0.0851865814515394
0,0,37,Lawschool,0.2,0.7905162893429045,0.0756693204437313
0,0,37,Lawschool,0.4,0.7899641082274986,0.0677044436444722
0,0,37,Lawschool,0.6,0.7896535063500828,0.0564907672557316
0,0,37,Lawschool,0.8,0.7885146327995582,0.0473452159352046
0,0,37,Lawschool,1.0,0.7874102705687466,0.0373225614466069
0,0,37,Lawschool,1.2,0.7875138045278851,0.029941780918975
0,0,37,Lawschool,1.4,0.7870996686913307,0.0199393629126062
0,0,37,Lawschool,1.6,0.7873757592490337,0.010322595817271
0,0,37,Lawschool,1.8,0.7870996686913307,0.0001893763292251
0,0,38,Lawschool,0.0,0.787789895085588,0.0758999947699261
0,0,38,Lawschool,0.2,0.7883075648812811,0.0693163569623274
0,0,38,Lawschool,0.4,0.7881350082827168,0.0597104263841361
0,0,38,Lawschool,0.6,0.7878934290447267,0.0506761601211025
0,0,38,Lawschool,0.8,0.7870996686913307,0.0434838855304214
0,0,38,Lawschool,1.0,0.7865819988956377,0.0310811893775719
0,0,38,Lawschool,1.2,0.7834759801214799,0.02298186257528
0,0,38,Lawschool,1.4,0.7855466593042518,0.0129814901784776
0,0,38,Lawschool,1.6,0.7851670347874102,0.0017670386173055
0,0,38,Lawschool,1.8,0.7836485367200442,0.0050511265829202
0,0,39,Lawschool,0.0,0.7878589177250138,0.0775680515335804
0,0,39,Lawschool,0.2,0.7883765875207068,0.0632502394275815
0,0,39,Lawschool,0.4,0.7888942573163997,0.0544397298832755
0,0,39,Lawschool,0.6,0.7892048591938156,0.0458908344532055
0,0,39,Lawschool,0.8,0.7874792932081722,0.0354677247450303
0,0,39,Lawschool,1.0,0.7873757592490337,0.0292872231153906
0,0,39,Lawschool,1.2,0.7867545554942021,0.0233690204536891
0,0,39,Lawschool,1.4,0.7855811706239647,0.0133478410802196
0,0,39,Lawschool,1.6,0.7858572611816675,0.003034817059182
0,0,39,Lawschool,1.8,0.785753727222529,0.004238856534804
0,0,40,Lawschool,0.0,0.7906543346217559,0.0716448876369141
0,0,40,Lawschool,0.2,0.791172004417449,0.0599377755965009
0,0,40,Lawschool,0.4,0.7905853119823302,0.0534422909220624
0,0,40,Lawschool,0.6,0.7887562120375483,0.0446282896893234
0,0,40,Lawschool,0.8,0.7884456101601325,0.0355130499682472
0,0,40,Lawschool,1.0,0.787789895085588,0.023936081748297
0,0,40,Lawschool,1.2,0.7872377139701823,0.0141717533866201
0,0,40,Lawschool,1.4,0.7877208724461623,0.0059448466097342
0,0,40,Lawschool,1.6,0.7861678630590834,0.0080115698051802
0,0,40,Lawschool,1.8,0.7853050800662618,0.0146010350256457
0,0,41,Lawschool,0.0,0.7904472667034788,0.0781322805511551
0,0,41,Lawschool,0.2,0.790378244064053,0.067161624650813
0,0,41,Lawschool,0.4,0.7893429044726671,0.0582658453228755
0,0,41,Lawschool,0.6,0.7889287686361126,0.0441139485699314
0,0,41,Lawschool,0.8,0.7887217007178354,0.0375338979302272
0,0,41,Lawschool,1.0,0.7878589177250138,0.0226674894362893
0,0,41,Lawschool,1.2,0.7882385422418553,0.0147758762909649
0,0,41,Lawschool,1.4,0.7868235781336278,0.001101090323675
0,0,41,Lawschool,1.6,0.7858572611816675,0.0067860265914345
0,0,41,Lawschool,1.8,0.7843732744340144,0.0187163724511843
0,0,42,Lawschool,0.0,0.7891703478741027,0.0729886638597119
0,0,42,Lawschool,0.2,0.7892048591938156,0.0668474697573311
0,0,42,Lawschool,0.4,0.7891358365543898,0.0619907445869703
0,0,42,Lawschool,0.6,0.7881004969630039,0.0560517024244768
0,0,42,Lawschool,0.8,0.7884110988404197,0.0465579903959773
0,0,42,Lawschool,1.0,0.7882040309221424,0.0380065315957356
0,0,42,Lawschool,1.2,0.7871686913307565,0.0282930812550139
0,0,42,Lawschool,1.4,0.7861678630590834,0.0192608531742333
0,0,42,Lawschool,1.6,0.7860988404196576,0.0069079611540662
0,0,42,Lawschool,1.8,0.7850980121479846,0.0041029043193622
0,0,43,Lawschool,0.0,0.7925524572059636,0.0834575656653892
0,0,43,Lawschool,0.2,0.7920347874102706,0.0683581860455607
0,0,43,Lawschool,0.4,0.7909649364991718,0.0606204240446132
0,0,43,Lawschool,0.6,0.7908614025400331,0.0519206235359844
0,0,43,Lawschool,0.8,0.7904817780231916,0.0452920088193362
0,0,43,Lawschool,1.0,0.7896880176697957,0.0369188309867192
0,0,43,Lawschool,1.2,0.7874102705687466,0.0268227157960745
0,0,43,Lawschool,1.4,0.7869616234124793,0.0134741024541152
0,0,43,Lawschool,1.6,0.7878244064053009,0.002315107767294
0,0,43,Lawschool,1.8,0.7876863611264495,0.0020154548305462
0,0,44,Lawschool,0.0,0.7915861402540033,0.0820106693431241
0,0,44,Lawschool,0.2,0.7913790723357261,0.0742244928867024
0,0,44,Lawschool,0.4,0.7899986195472115,0.0633408632830059
0,0,44,Lawschool,0.6,0.7892738818332413,0.0549306739802062
0,0,44,Lawschool,0.8,0.7889977912755384,0.0414849695891771
0,0,44,Lawschool,1.0,0.7888252346769741,0.0341469366251597
0,0,44,Lawschool,1.2,0.7884110988404197,0.0300475976603391
0,0,44,Lawschool,1.4,0.7882730535615682,0.0160350958782381
0,0,44,Lawschool,1.6,0.7874792932081722,0.0086437326079253
0,0,44,Lawschool,1.8,0.7869616234124793,0.000932194448957
0,0,45,Lawschool,0.0,0.7892738818332413,0.0779284493573014
0,0,45,Lawschool,0.2,0.7893429044726671,0.0738485624047956
0,0,45,Lawschool,0.4,0.7891703478741027,0.064694265727159
0,0,45,Lawschool,0.6,0.7884110988404197,0.0546374190928908
0,0,45,Lawschool,0.8,0.788342076200994,0.0478438974887534
0,0,45,Lawschool,1.0,0.7878244064053009,0.0363403890393118
0,0,45,Lawschool,1.2,0.7870996686913307,0.0305770078450059
0,0,45,Lawschool,1.4,0.7865474875759249,0.017367145349156
0,0,45,Lawschool,1.6,0.7856847045831032,0.0075103189734043
0,0,45,Lawschool,1.8,0.784718387631143,0.006441147114697
0,0,46,Lawschool,0.0,0.7887217007178354,0.0892422979199547
0,0,46,Lawschool,0.2,0.7886526780784097,0.0739258045916674
0,0,46,Lawschool,0.4,0.7882385422418553,0.0659577997854076
0,0,46,Lawschool,0.6,0.7873067366096079,0.0591518373414277
0,0,46,Lawschool,0.8,0.7865819988956377,0.0508241052894283
0,0,46,Lawschool,1.0,0.7874792932081722,0.04215474184925
0,0,46,Lawschool,1.2,0.7863749309773606,0.0312600909326043
0,0,46,Lawschool,1.4,0.7868926007730536,0.0243700042206287
0,0,46,Lawschool,1.6,0.786029817780232,0.0130546522195474
0,0,46,Lawschool,1.8,0.7858227498619548,0.0072451335715054
0,0,47,Lawschool,0.0,0.7863404196576477,0.0850897692341918
0,0,47,Lawschool,0.2,0.7865819988956377,0.0800275842605101
0,0,47,Lawschool,0.4,0.7857192159028161,0.0713470084948783
0,0,47,Lawschool,0.6,0.7849254555494202,0.0623336955525517
0,0,47,Lawschool,0.8,0.7853395913859746,0.051554854642027
0,0,47,Lawschool,1.0,0.7843387631143015,0.042128732390803
0,0,47,Lawschool,1.2,0.7836485367200442,0.0340363096939157
0,0,47,Lawschool,1.4,0.7846838763114301,0.026971210145631
0,0,47,Lawschool,1.6,0.7846148536720045,0.017903117080098
0,0,47,Lawschool,1.8,0.7837175593594699,0.0042359955398376
0,0,48,Lawschool,0.0,0.7894464384318056,0.0674173765994044
0,0,48,Lawschool,0.2,0.788342076200994,0.0562966664280338
0,0,48,Lawschool,0.4,0.7887907233572612,0.0487665261312648
0,0,48,Lawschool,0.6,0.7881004969630039,0.0401678104919771
0,0,48,Lawschool,0.8,0.7876173384870238,0.0291668682146844
0,0,48,Lawschool,1.0,0.7874792932081722,0.023422265993077
0,0,48,Lawschool,1.2,0.7864094422970734,0.020465846801578
0,0,48,Lawschool,1.4,0.7849944781888459,0.0019612718228131
0,0,48,Lawschool,1.6,0.7844768083931529,0.0131290474872928
0,0,48,Lawschool,1.8,0.7835104914411927,0.0247475973863897
0,0,49,Lawschool,0.0,0.7877553837658752,0.0901249507431172
0,0,49,Lawschool,0.2,0.7882385422418553,0.0751799714163044
0,0,49,Lawschool,0.4,0.7878934290447267,0.06726220933538
0,0,49,Lawschool,0.6,0.7880314743235781,0.0585233031616547
0,0,49,Lawschool,0.8,0.7875828271673109,0.0520608491592511
0,0,49,Lawschool,1.0,0.7868926007730536,0.0381435497499416
0,0,49,Lawschool,1.2,0.7864094422970734,0.0289873569099809
0,0,49,Lawschool,1.4,0.7853741027056874,0.0129755862304222
0,0,49,Lawschool,1.6,0.7850635008282717,0.0077646001321358
0,0,49,Lawschool,1.8,0.7844077857537273,0.0009345574526398
