,Unnamed: 0,seed,dataset,lambda,acc,disparity
0,0,0,COMPAS,0.05,0.6553030303030303,0.2766088283669447
0,0,0,COMPAS,0.15,0.6524621212121212,0.245099056114511
0,0,0,COMPAS,0.25,0.6505681818181818,0.201372116111251
0,0,0,COMPAS,0.35,0.6477272727272727,0.1649873308933572
0,0,0,COMPAS,0.45,0.6410984848484849,0.1378191355372146
0,0,0,COMPAS,0.55,0.6448863636363636,0.095485056381229
0,0,0,COMPAS,0.65,0.6477272727272727,0.0724954435669091
0,0,0,COMPAS,0.75,0.6486742424242424,0.0570628417324818
0,0,0,COMPAS,0.8500000000000001,0.6477272727272727,0.0508468297598055
0,0,0,COMPAS,0.95,0.6429924242424242,0.0179441966600975
0,0,1,COMPAS,0.05,0.6666666666666666,0.2392690654077773
0,0,1,COMPAS,0.15,0.6647727272727273,0.2060198962673242
0,0,1,COMPAS,0.25,0.6770833333333334,0.1381722199014428
0,0,1,COMPAS,0.35,0.6761363636363636,0.1143462364557879
0,0,1,COMPAS,0.45,0.6751893939393939,0.0899805177761429
0,0,1,COMPAS,0.55,0.6723484848484849,0.0545761045164009
0,0,1,COMPAS,0.65,0.6695075757575758,0.0268462826659963
0,0,1,COMPAS,0.75,0.6666666666666666,0.0011349227180474
0,0,1,COMPAS,0.8500000000000001,0.6638257575757576,0.0325171994395626
0,0,1,COMPAS,0.95,0.6695075757575758,0.0438220648199834
0,0,2,COMPAS,0.05,0.6808712121212122,0.2293523074876978
0,0,2,COMPAS,0.15,0.6732954545454546,0.1955712195770714
0,0,2,COMPAS,0.25,0.6770833333333334,0.1558939575298133
0,0,2,COMPAS,0.35,0.6808712121212122,0.1104091856186549
0,0,2,COMPAS,0.45,0.6723484848484849,0.0736800106397127
0,0,2,COMPAS,0.55,0.6742424242424242,0.0366626767743937
0,0,2,COMPAS,0.65,0.6685606060606061,0.0256239748193465
0,0,2,COMPAS,0.75,0.6619318181818182,0.0025047657046592
0,0,2,COMPAS,0.8500000000000001,0.6581439393939394,0.0228975484328589
0,0,2,COMPAS,0.95,0.6600378787878788,0.0282174047967371
0,0,3,COMPAS,0.05,0.6751893939393939,0.229525333173475
0,0,3,COMPAS,0.15,0.678030303030303,0.1969929150290555
0,0,3,COMPAS,0.25,0.6875,0.1456858858836356
0,0,3,COMPAS,0.35,0.6818181818181818,0.1044873980434839
0,0,3,COMPAS,0.45,0.6827651515151515,0.0744053082955231
0,0,3,COMPAS,0.55,0.6893939393939394,0.0330157398006017
0,0,3,COMPAS,0.65,0.6884469696969697,0.0060733674780725
0,0,3,COMPAS,0.75,0.6732954545454546,0.0326747919656204
0,0,3,COMPAS,0.8500000000000001,0.6714015151515151,0.0438548836094011
0,0,3,COMPAS,0.95,0.6837121212121212,0.0478750707185756
0,0,4,COMPAS,0.05,0.6789772727272727,0.1696065846107377
0,0,4,COMPAS,0.15,0.6723484848484849,0.0976515895189911
0,0,4,COMPAS,0.25,0.6685606060606061,0.0529034206750735
0,0,4,COMPAS,0.35,0.6676136363636364,0.0292154345692063
0,0,4,COMPAS,0.45,0.6676136363636364,0.0145812882277429
0,0,4,COMPAS,0.55,0.6723484848484849,0.0099977346522691
0,0,4,COMPAS,0.65,0.6732954545454546,0.0438646832288756
0,0,4,COMPAS,0.75,0.6714015151515151,0.0514158423317979
0,0,4,COMPAS,0.8500000000000001,0.6732954545454546,0.0784338896020538
0,0,4,COMPAS,0.95,0.6666666666666666,0.1070452314430265
0,0,5,COMPAS,0.05,0.6732954545454546,0.2177212929341032
0,0,5,COMPAS,0.15,0.6676136363636364,0.1713197214119888
0,0,5,COMPAS,0.25,0.6704545454545454,0.1407375439014227
0,0,5,COMPAS,0.35,0.6695075757575758,0.1116435502113221
0,0,5,COMPAS,0.45,0.6647727272727273,0.0864783618072504
0,0,5,COMPAS,0.55,0.6666666666666666,0.0746919459491636
0,0,5,COMPAS,0.65,0.6619318181818182,0.0502708494553247
0,0,5,COMPAS,0.75,0.6695075757575758,0.0227692124531222
0,0,5,COMPAS,0.8500000000000001,0.6581439393939394,0.008452884100244
0,0,5,COMPAS,0.95,0.6458333333333334,0.0324572891243526
0,0,6,COMPAS,0.05,0.6903409090909091,0.2263525947736474
0,0,6,COMPAS,0.15,0.6846590909090909,0.1853760274812906
0,0,6,COMPAS,0.25,0.6770833333333334,0.1183903815482763
0,0,6,COMPAS,0.35,0.6723484848484849,0.0853882959146117
0,0,6,COMPAS,0.45,0.6723484848484849,0.0515274199484726
0,0,6,COMPAS,0.55,0.6751893939393939,0.0398724082934609
0,0,6,COMPAS,0.65,0.6685606060606061,0.0211017053122316
0,0,6,COMPAS,0.75,0.6695075757575758,0.00380321432953
0,0,6,COMPAS,0.8500000000000001,0.6647727272727273,0.01324990798675
0,0,6,COMPAS,0.95,0.6676136363636364,0.0388909336277757
0,0,7,COMPAS,0.05,0.6903409090909091,0.2075997647085271
0,0,7,COMPAS,0.15,0.6950757575757576,0.1554122658793644
0,0,7,COMPAS,0.25,0.6893939393939394,0.1238877045218675
0,0,7,COMPAS,0.35,0.6893939393939394,0.0953754734866225
0,0,7,COMPAS,0.45,0.6922348484848485,0.061336890181077
0,0,7,COMPAS,0.55,0.6941287878787878,0.0407376462610011
0,0,7,COMPAS,0.65,0.6922348484848485,0.0004608415791504
0,0,7,COMPAS,0.75,0.6865530303030303,0.0100073809586254
0,0,7,COMPAS,0.8500000000000001,0.6789772727272727,0.0306066248787012
0,0,7,COMPAS,0.95,0.6714015151515151,0.0625133475457376
0,0,8,COMPAS,0.05,0.6865530303030303,0.2537505900774873
0,0,8,COMPAS,0.15,0.6837121212121212,0.2259449875076278
0,0,8,COMPAS,0.25,0.6695075757575758,0.1707137347011617
0,0,8,COMPAS,0.35,0.6676136363636364,0.1463967853729865
0,0,8,COMPAS,0.45,0.6676136363636364,0.1291492521847259
0,0,8,COMPAS,0.55,0.6732954545454546,0.0998353539889238
0,0,8,COMPAS,0.65,0.6751893939393939,0.0856044120525486
0,0,8,COMPAS,0.75,0.6761363636363636,0.0577988094826891
0,0,8,COMPAS,0.8500000000000001,0.6723484848484849,0.0486569260704869
0,0,8,COMPAS,0.95,0.6837121212121212,0.0140697500374195
0,0,9,COMPAS,0.05,0.6799242424242424,0.2592292363292464
0,0,9,COMPAS,0.15,0.6893939393939394,0.2306549126895666
0,0,9,COMPAS,0.25,0.6837121212121212,0.187061618310985
0,0,9,COMPAS,0.35,0.6723484848484849,0.1451345965481136
0,0,9,COMPAS,0.45,0.6628787878787878,0.0894495671068779
0,0,9,COMPAS,0.55,0.6590909090909091,0.063171997613177
0,0,9,COMPAS,0.65,0.6581439393939394,0.043458191193524
0,0,9,COMPAS,0.75,0.6571969696969697,0.0164488127807612
0,0,9,COMPAS,0.8500000000000001,0.6505681818181818,0.008061156708436
0,0,9,COMPAS,0.95,0.6505681818181818,0.0107632204095878
0,0,10,COMPAS,0.05,0.6723484848484849,0.2673551826094199
0,0,10,COMPAS,0.15,0.6704545454545454,0.1978928080622995
0,0,10,COMPAS,0.25,0.6666666666666666,0.152667305209678
0,0,10,COMPAS,0.35,0.6647727272727273,0.1246824636655145
0,0,10,COMPAS,0.45,0.6609848484848485,0.082871777787032
0,0,10,COMPAS,0.55,0.6704545454545454,0.0548869362428684
0,0,10,COMPAS,0.65,0.6666666666666666,0.0370632574022404
0,0,10,COMPAS,0.75,0.6619318181818182,0.0235289218340065
0,0,10,COMPAS,0.8500000000000001,0.6628787878787878,0.0019989172531545
0,0,10,COMPAS,0.95,0.6638257575757576,0.0130346062549452
0,0,11,COMPAS,0.05,0.65625,0.3095889485594623
0,0,11,COMPAS,0.15,0.6571969696969697,0.2517084923610407
0,0,11,COMPAS,0.25,0.6543560606060606,0.208847006901521
0,0,11,COMPAS,0.35,0.6505681818181818,0.1731797660463178
0,0,11,COMPAS,0.45,0.646780303030303,0.1343826347372806
0,0,11,COMPAS,0.55,0.6439393939393939,0.1119667646164758
0,0,11,COMPAS,0.65,0.6439393939393939,0.0690039517681629
0,0,11,COMPAS,0.75,0.6382575757575758,0.0333367109129598
0,0,11,COMPAS,0.8500000000000001,0.6278409090909091,0.0157845554542281
0,0,11,COMPAS,0.95,0.6287878787878788,0.018813118519269
0,0,12,COMPAS,0.05,0.6865530303030303,0.2753735341389369
0,0,12,COMPAS,0.15,0.6799242424242424,0.2494642538246325
0,0,12,COMPAS,0.25,0.6770833333333334,0.1982856122388237
0,0,12,COMPAS,0.35,0.6751893939393939,0.1668551699505923
0,0,12,COMPAS,0.45,0.6676136363636364,0.1054824691945949
0,0,12,COMPAS,0.55,0.6609848484848485,0.0732037621286981
0,0,12,COMPAS,0.65,0.6590909090909091,0.0543038276087862
0,0,12,COMPAS,0.75,0.6581439393939394,0.0231859039228525
0,0,12,COMPAS,0.8500000000000001,0.6619318181818182,0.0072921007202809
0,0,12,COMPAS,0.95,0.6619318181818182,0.0196142627537353
0,0,13,COMPAS,0.05,0.6714015151515151,0.2080514766540174
0,0,13,COMPAS,0.15,0.6714015151515151,0.1534400263982841
0,0,13,COMPAS,0.25,0.6704545454545454,0.1423032502887312
0,0,13,COMPAS,0.35,0.6723484848484849,0.0870318429302095
0,0,13,COMPAS,0.45,0.6704545454545454,0.069542979706319
0,0,13,COMPAS,0.55,0.6723484848484849,0.0251608645438046
0,0,13,COMPAS,0.65,0.6704545454545454,0.0076720013199141
0,0,13,COMPAS,0.75,0.6647727272727273,0.0192212506187097
0,0,13,COMPAS,0.8500000000000001,0.6628787878787878,0.0325853819501732
0,0,13,COMPAS,0.95,0.6638257575757576,0.0554363966342187
0,0,14,COMPAS,0.05,0.6875,0.2212942686702408
0,0,14,COMPAS,0.15,0.6865530303030303,0.1971381106999924
0,0,14,COMPAS,0.25,0.6893939393939394,0.1725590878199803
0,0,14,COMPAS,0.35,0.6865530303030303,0.1422109793853356
0,0,14,COMPAS,0.45,0.6818181818181818,0.1012157366155704
0,0,14,COMPAS,0.55,0.6799242424242424,0.0759797628936042
0,0,14,COMPAS,0.65,0.6742424242424242,0.0529487276296911
0,0,14,COMPAS,0.75,0.6685606060606061,0.0400966548365173
0,0,14,COMPAS,0.8500000000000001,0.6695075757575758,0.0318885448916408
0,0,14,COMPAS,0.95,0.6647727272727273,0.0010722645926149
0,0,15,COMPAS,0.05,0.7102272727272727,0.2505021789140965
0,0,15,COMPAS,0.15,0.7111742424242424,0.2322741130042829
0,0,15,COMPAS,0.25,0.6979166666666666,0.1817756747152449
0,0,15,COMPAS,0.35,0.7026515151515151,0.1525501711335964
0,0,15,COMPAS,0.45,0.696969696969697,0.1216974956515233
0,0,15,COMPAS,0.55,0.6941287878787878,0.1051227860175434
0,0,15,COMPAS,0.65,0.6922348484848485,0.0592702040510969
0,0,15,COMPAS,0.75,0.6912878787878788,0.0347952942936764
0,0,15,COMPAS,0.8500000000000001,0.6865530303030303,0.0213701909589092
0,0,15,COMPAS,0.95,0.7026515151515151,0.0173415377709615
0,0,16,COMPAS,0.05,0.6856060606060606,0.2244074596923991
0,0,16,COMPAS,0.15,0.6808712121212122,0.1875027862396909
0,0,16,COMPAS,0.25,0.6818181818181818,0.1623671892413998
0,0,16,COMPAS,0.35,0.6827651515151515,0.1261906530945835
0,0,16,COMPAS,0.45,0.6808712121212122,0.107303662976447
0,0,16,COMPAS,0.55,0.6799242424242424,0.0875473660747455
0,0,16,COMPAS,0.65,0.6742424242424242,0.0696708522178468
0,0,16,COMPAS,0.75,0.6647727272727273,0.0436659484359907
0,0,16,COMPAS,0.8500000000000001,0.6609848484848485,0.0382866483394011
0,0,16,COMPAS,0.95,0.6685606060606061,0.0329073482428114
0,0,17,COMPAS,0.05,0.6884469696969697,0.2222371967654986
0,0,17,COMPAS,0.15,0.6808712121212122,0.187466307277628
0,0,17,COMPAS,0.25,0.6818181818181818,0.1566936208445642
0,0,17,COMPAS,0.35,0.678030303030303,0.1440251572327044
0,0,17,COMPAS,0.45,0.6789772727272727,0.1250224618149146
0,0,17,COMPAS,0.55,0.6751893939393939,0.0989667565139263
0,0,17,COMPAS,0.65,0.6732954545454546,0.0609613656783468
0,0,17,COMPAS,0.75,0.6742424242424242,0.0443845462713387
0,0,17,COMPAS,0.8500000000000001,0.6770833333333334,0.0126235399820305
0,0,17,COMPAS,0.95,0.6751893939393939,0.0041778975741239
0,0,18,COMPAS,0.05,0.6581439393939394,0.2655487804878049
0,0,18,COMPAS,0.15,0.6534090909090909,0.2217073170731707
0,0,18,COMPAS,0.25,0.6553030303030303,0.1946341463414634
0,0,18,COMPAS,0.35,0.6695075757575758,0.1548170731707317
0,0,18,COMPAS,0.45,0.6676136363636364,0.1327439024390244
0,0,18,COMPAS,0.55,0.6666666666666666,0.0851219512195122
0,0,18,COMPAS,0.65,0.6695075757575758,0.0625
0,0,18,COMPAS,0.75,0.6676136363636364,0.0365243902439024
0,0,18,COMPAS,0.8500000000000001,0.6628787878787878,0.0069512195121951
0,0,18,COMPAS,0.95,0.6553030303030303,0.0251219512195122
0,0,19,COMPAS,0.05,0.6685606060606061,0.182388279353783
0,0,19,COMPAS,0.15,0.665719696969697,0.1470352432099985
0,0,19,COMPAS,0.25,0.6638257575757576,0.1293532338308458
0,0,19,COMPAS,0.35,0.6619318181818182,0.0934620495755219
0,0,19,COMPAS,0.45,0.6581439393939394,0.0697176369806595
0,0,19,COMPAS,0.55,0.6581439393939394,0.0421073440743303
0,0,19,COMPAS,0.65,0.6553030303030303,0.0161554259607042
0,0,19,COMPAS,0.75,0.6543560606060606,0.0056670290929458
0,0,19,COMPAS,0.8500000000000001,0.6553030303030303,0.0092583440413825
0,0,19,COMPAS,0.95,0.6524621212121212,0.0175282527758557
0,0,20,COMPAS,0.05,0.6979166666666666,0.2491323889173351
0,0,20,COMPAS,0.15,0.6941287878787878,0.2189565909996017
0,0,20,COMPAS,0.25,0.6922348484848485,0.1720999032826989
0,0,20,COMPAS,0.35,0.6875,0.1496045969164248
0,0,20,COMPAS,0.45,0.6818181818181818,0.1222279114752232
0,0,20,COMPAS,0.55,0.6732954545454546,0.062479376457871
0,0,20,COMPAS,0.65,0.6695075757575758,0.0375149342891278
0,0,20,COMPAS,0.75,0.6685606060606061,0.0301075268817204
0,0,20,COMPAS,0.8500000000000001,0.665719696969697,0.0116174546282072
0,0,20,COMPAS,0.95,0.6666666666666666,0.013426637082551
0,0,21,COMPAS,0.05,0.6789772727272727,0.2454471446662244
0,0,21,COMPAS,0.15,0.6789772727272727,0.2136073086896219
0,0,21,COMPAS,0.25,0.6761363636363636,0.1677923174335162
0,0,21,COMPAS,0.35,0.6789772727272727,0.1264397274317071
0,0,21,COMPAS,0.45,0.6827651515151515,0.0875143218959174
0,0,21,COMPAS,0.55,0.6818181818181818,0.0717903877464873
0,0,21,COMPAS,0.65,0.6770833333333334,0.0516945064222396
0,0,21,COMPAS,0.75,0.6732954545454546,0.0446089368630525
0,0,21,COMPAS,0.8500000000000001,0.6742424242424242,0.0307242356630284
0,0,21,COMPAS,0.95,0.6732954545454546,0.0049900500512573
0,0,22,COMPAS,0.05,0.6723484848484849,0.2186588487409965
0,0,22,COMPAS,0.15,0.6714015151515151,0.2003988332638848
0,0,22,COMPAS,0.25,0.6714015151515151,0.176617655812846
0,0,22,COMPAS,0.35,0.6732954545454546,0.1405143163283528
0,0,22,COMPAS,0.45,0.6704545454545454,0.1278796356926007
0,0,22,COMPAS,0.55,0.6714015151515151,0.1090838740401214
0,0,22,COMPAS,0.65,0.6695075757575758,0.0972974581820346
0,0,22,COMPAS,0.75,0.6666666666666666,0.083174593725817
0,0,22,COMPAS,0.8500000000000001,0.6600378787878788,0.0666111078040359
0,0,22,COMPAS,0.95,0.665719696969697,0.0535448538603488
0,0,23,COMPAS,0.05,0.6818181818181818,0.2630507467122371
0,0,23,COMPAS,0.15,0.6856060606060606,0.212779552715655
0,0,23,COMPAS,0.25,0.6827651515151515,0.1800802437030983
0,0,23,COMPAS,0.35,0.6789772727272727,0.1455011516457389
0,0,23,COMPAS,0.45,0.6770833333333334,0.1266141615276023
0,0,23,COMPAS,0.55,0.6761363636363636,0.090437625380786
0,0,23,COMPAS,0.65,0.6770833333333334,0.0692250538673006
0,0,23,COMPAS,0.75,0.678030303030303,0.0490229586150531
0,0,23,COMPAS,0.8500000000000001,0.6742424242424242,0.0247566684003269
0,0,23,COMPAS,0.95,0.6704545454545454,0.0228545954379968
0,0,24,COMPAS,0.05,0.6581439393939394,0.3197340069841742
0,0,24,COMPAS,0.15,0.6590909090909091,0.294152611635337
0,0,24,COMPAS,0.25,0.6647727272727273,0.2382197785868192
0,0,24,COMPAS,0.35,0.665719696969697,0.1848948658889962
0,0,24,COMPAS,0.45,0.6638257575757576,0.1667360130767516
0,0,24,COMPAS,0.55,0.6638257575757576,0.1285162344899323
0,0,24,COMPAS,0.65,0.6647727272727273,0.1043911137528791
0,0,24,COMPAS,0.75,0.6638257575757576,0.0763429675310201
0,0,24,COMPAS,0.8500000000000001,0.6628787878787878,0.0544022587116427
0,0,24,COMPAS,0.95,0.6619318181818182,0.0388513262500929
0,0,25,COMPAS,0.05,0.6638257575757576,0.2532051282051282
0,0,25,COMPAS,0.15,0.6590909090909091,0.2124287749287749
0,0,25,COMPAS,0.25,0.6685606060606061,0.16755698005698
0,0,25,COMPAS,0.35,0.6590909090909091,0.1087962962962962
0,0,25,COMPAS,0.45,0.6619318181818182,0.0833333333333333
0,0,25,COMPAS,0.55,0.6647727272727273,0.0582264957264957
0,0,25,COMPAS,0.65,0.6609848484848485,0.0144230769230769
0,0,25,COMPAS,0.75,0.6619318181818182,0.0081908831908831
0,0,25,COMPAS,0.8500000000000001,0.6628787878787878,0.0151353276353276
0,0,25,COMPAS,0.95,0.6609848484848485,0.0268874643874643
0,0,26,COMPAS,0.05,0.6846590909090909,0.2722929936305732
0,0,26,COMPAS,0.15,0.6818181818181818,0.2377820108339782
0,0,26,COMPAS,0.25,0.6837121212121212,0.2007262337043872
0,0,26,COMPAS,0.35,0.6875,0.1562295374724686
0,0,26,COMPAS,0.45,0.6856060606060606,0.1498601107208762
0,0,26,COMPAS,0.55,0.6818181818181818,0.1334007976665278
0,0,26,COMPAS,0.65,0.6827651515151515,0.1114203226382523
0,0,26,COMPAS,0.75,0.678030303030303,0.0918804690755402
0,0,26,COMPAS,0.8500000000000001,0.6770833333333334,0.0902881123876421
0,0,26,COMPAS,0.95,0.6695075757575758,0.0600184534793737
0,0,27,COMPAS,0.05,0.7054924242424242,0.27848158131177
0,0,27,COMPAS,0.15,0.7054924242424242,0.2349955076370171
0,0,27,COMPAS,0.25,0.7083333333333334,0.1830188679245283
0,0,27,COMPAS,0.35,0.7045454545454546,0.145822102425876
0,0,27,COMPAS,0.45,0.7017045454545454,0.1039083557951482
0,0,27,COMPAS,0.55,0.7007575757575758,0.0706199460916442
0,0,27,COMPAS,0.65,0.696969696969697,0.0492362982929021
0,0,27,COMPAS,0.75,0.6931818181818182,0.030188679245283
0,0,27,COMPAS,0.8500000000000001,0.6941287878787878,0.0079514824797843
0,0,27,COMPAS,0.95,0.6912878787878788,8.984725965860418e-05
0,0,28,COMPAS,0.05,0.6818181818181818,0.2377569013291449
0,0,28,COMPAS,0.15,0.6799242424242424,0.2096774193548387
0,0,28,COMPAS,0.25,0.6808712121212122,0.1781676471024049
0,0,28,COMPAS,0.35,0.6732954545454546,0.1298324121682694
0,0,28,COMPAS,0.45,0.6751893939393939,0.1077540859721131
0,0,28,COMPAS,0.55,0.6714015151515151,0.0750663090669314
0,0,28,COMPAS,0.65,0.6666666666666666,0.0610265680797783
0,0,28,COMPAS,0.75,0.6704545454545454,0.0532028390653014
0,0,28,COMPAS,0.8500000000000001,0.6647727272727273,0.0276423607509594
0,0,28,COMPAS,0.95,0.6685606060606061,0.0032228429178953
0,0,29,COMPAS,0.05,0.6837121212121212,0.2010306934444866
0,0,29,COMPAS,0.15,0.6875,0.1465555134520651
0,0,29,COMPAS,0.25,0.6865530303030303,0.1010003789314134
0,0,29,COMPAS,0.35,0.6865530303030303,0.0594543387646835
0,0,29,COMPAS,0.45,0.6827651515151515,0.0265176203107237
0,0,29,COMPAS,0.55,0.6846590909090909,0.0104206138688897
0,0,29,COMPAS,0.65,0.6875,0.0436680560818492
0,0,29,COMPAS,0.75,0.6856060606060606,0.064600227358848
0,0,29,COMPAS,0.8500000000000001,0.6893939393939394,0.0904585070102311
0,0,29,COMPAS,0.95,0.6884469696969697,0.1018491852974611
0,0,30,COMPAS,0.05,0.6922348484848485,0.318846425330241
0,0,30,COMPAS,0.15,0.6893939393939394,0.2762372133149585
0,0,30,COMPAS,0.25,0.6875,0.2336392054048603
0,0,30,COMPAS,0.35,0.6818181818181818,0.1926321804309099
0,0,30,COMPAS,0.45,0.6789772727272727,0.1579330666756299
0,0,30,COMPAS,0.55,0.6789772727272727,0.1374295541886547
0,0,30,COMPAS,0.65,0.6742424242424242,0.1066518772478236
0,0,30,COMPAS,0.75,0.6695075757575758,0.066440343741947
0,0,30,COMPAS,0.8500000000000001,0.6742424242424242,0.0609167198861663
0,0,30,COMPAS,0.95,0.6666666666666666,0.0254445228731807
0,0,31,COMPAS,0.05,0.6770833333333334,0.2626262626262626
0,0,31,COMPAS,0.15,0.678030303030303,0.2257575757575758
0,0,31,COMPAS,0.25,0.6856060606060606,0.1883838383838384
0,0,31,COMPAS,0.35,0.6827651515151515,0.1585858585858586
0,0,31,COMPAS,0.45,0.6789772727272727,0.1373737373737373
0,0,31,COMPAS,0.55,0.6799242424242424,0.1207070707070707
0,0,31,COMPAS,0.65,0.6770833333333334,0.098989898989899
0,0,31,COMPAS,0.75,0.6837121212121212,0.0732323232323232
0,0,31,COMPAS,0.8500000000000001,0.6865530303030303,0.0676767676767676
0,0,31,COMPAS,0.95,0.6827651515151515,0.0353535353535353
0,0,32,COMPAS,0.05,0.6704545454545454,0.2150781370010828
0,0,32,COMPAS,0.15,0.6704545454545454,0.1700505427065263
0,0,32,COMPAS,0.25,0.6695075757575758,0.1447417226483029
0,0,32,COMPAS,0.35,0.6714015151515151,0.1170462677452107
0,0,32,COMPAS,0.45,0.6742424242424242,0.0909206715548345
0,0,32,COMPAS,0.55,0.665719696969697,0.0593324166457477
0,0,32,COMPAS,0.65,0.6714015151515151,0.0387331727256718
0,0,32,COMPAS,0.75,0.6685606060606061,0.007834306845558
0,0,32,COMPAS,0.8500000000000001,0.665719696969697,0.0096889132006758
0,0,32,COMPAS,0.95,0.6676136363636364,0.0287819919596257
0,0,33,COMPAS,0.05,0.6714015151515151,0.2549126960639242
0,0,33,COMPAS,0.15,0.6676136363636364,0.2229801716484166
0,0,33,COMPAS,0.25,0.6685606060606061,0.1811186741639538
0,0,33,COMPAS,0.35,0.6647727272727273,0.1602249186149748
0,0,33,COMPAS,0.45,0.6638257575757576,0.1234536845220479
0,0,33,COMPAS,0.55,0.6619318181818182,0.0947469665581532
0,0,33,COMPAS,0.65,0.6638257575757576,0.0874371115714708
0,0,33,COMPAS,0.75,0.6619318181818182,0.0476916247410476
0,0,33,COMPAS,0.8500000000000001,0.6676136363636364,0.0378366380585972
0,0,33,COMPAS,0.95,0.6676136363636364,0.0184817993489198
0,0,34,COMPAS,0.05,0.6998106060606061,0.1747285747285747
0,0,34,COMPAS,0.15,0.6988636363636364,0.1629706629706629
0,0,34,COMPAS,0.25,0.6979166666666666,0.1229383229383229
0,0,34,COMPAS,0.35,0.6988636363636364,0.1203742203742203
0,0,34,COMPAS,0.45,0.6922348484848485,0.0966042966042965
0,0,34,COMPAS,0.55,0.6893939393939394,0.0929775929775929
0,0,34,COMPAS,0.65,0.6865530303030303,0.067082467082467
0,0,34,COMPAS,0.75,0.6818181818181818,0.0583275583275583
0,0,34,COMPAS,0.8500000000000001,0.6856060606060606,0.0519519519519519
0,0,34,COMPAS,0.95,0.678030303030303,0.0406329406329406
0,0,35,COMPAS,0.05,0.6732954545454546,0.2291675537577177
0,0,35,COMPAS,0.15,0.6751893939393939,0.1860762188631041
0,0,35,COMPAS,0.25,0.6742424242424242,0.1533319139876516
0,0,35,COMPAS,0.35,0.6695075757575758,0.1314030232063018
0,0,35,COMPAS,0.45,0.6704545454545454,0.0920161805407707
0,0,35,COMPAS,0.55,0.6714015151515151,0.0723014690227805
0,0,35,COMPAS,0.65,0.6676136363636364,0.0425803704492229
0,0,35,COMPAS,0.75,0.6647727272727273,0.0173302107728337
0,0,35,COMPAS,0.8500000000000001,0.6666666666666666,0.0094102618692782
0,0,35,COMPAS,0.95,0.6676136363636364,0.030572705982542
0,0,36,COMPAS,0.05,0.6695075757575758,0.2060771066518772
0,0,36,COMPAS,0.15,0.6742424242424242,0.1579554748859982
0,0,36,COMPAS,0.25,0.6742424242424242,0.1216765822997546
0,0,36,COMPAS,0.35,0.6742424242424242,0.0932853797631452
0,0,36,COMPAS,0.45,0.6723484848484849,0.0570288953872698
0,0,36,COMPAS,0.55,0.6770833333333334,0.0483233056591935
0,0,36,COMPAS,0.65,0.6742424242424242,0.0191590198648785
0,0,36,COMPAS,0.75,0.6638257575757576,0.0045152543892081
0,0,36,COMPAS,0.8500000000000001,0.6666666666666666,0.0171422809317334
0,0,36,COMPAS,0.95,0.6581439393939394,0.0265873416019629
0,0,37,COMPAS,0.05,0.6647727272727273,0.1557800751879699
0,0,37,COMPAS,0.15,0.6666666666666666,0.1146616541353383
0,0,37,COMPAS,0.25,0.6676136363636364,0.0730733082706767
0,0,37,COMPAS,0.35,0.6695075757575758,0.0525140977443609
0,0,37,COMPAS,0.45,0.6723484848484849,0.015625
0,0,37,COMPAS,0.55,0.6676136363636364,0.0116306390977443
0,0,37,COMPAS,0.65,0.6685606060606061,0.025140977443609
0,0,37,COMPAS,0.75,0.665719696969697,0.0619125939849624
0,0,37,COMPAS,0.8500000000000001,0.6581439393939394,0.0836466165413533
0,0,37,COMPAS,0.95,0.6714015151515151,0.0884633458646616
0,0,38,COMPAS,0.05,0.6571969696969697,0.2218171693735499
0,0,38,COMPAS,0.15,0.6543560606060606,0.1831758700696055
0,0,38,COMPAS,0.25,0.6534090909090909,0.1612547563805104
0,0,38,COMPAS,0.35,0.6496212121212122,0.1402134570765661
0,0,38,COMPAS,0.45,0.6429924242424242,0.0958106728538282
0,0,38,COMPAS,0.55,0.6401515151515151,0.063168445475638
0,0,38,COMPAS,0.65,0.6429924242424242,0.0166867749419953
0,0,38,COMPAS,0.75,0.6439393939393939,0.0118867749419953
0,0,38,COMPAS,0.8500000000000001,0.6382575757575758,0.0091545243619489
0,0,38,COMPAS,0.95,0.6382575757575758,0.0241150812064965
0,0,39,COMPAS,0.05,0.6846590909090909,0.2655884995507637
0,0,39,COMPAS,0.15,0.6808712121212122,0.2371967654986523
0,0,39,COMPAS,0.25,0.6818181818181818,0.1865678346810422
0,0,39,COMPAS,0.35,0.6799242424242424,0.1580862533692722
0,0,39,COMPAS,0.45,0.6818181818181818,0.1367026055705301
0,0,39,COMPAS,0.55,0.6808712121212122,0.1026954177897574
0,0,39,COMPAS,0.65,0.6808712121212122,0.080503144654088
0,0,39,COMPAS,0.75,0.6799242424242424,0.0741689128481581
0,0,39,COMPAS,0.8500000000000001,0.6742424242424242,0.0733602875112309
0,0,39,COMPAS,0.95,0.6685606060606061,0.0218778077268643
0,0,40,COMPAS,0.05,0.6676136363636364,0.2698571786519669
0,0,40,COMPAS,0.15,0.665719696969697,0.2329358704143145
0,0,40,COMPAS,0.25,0.6714015151515151,0.1848865830471502
0,0,40,COMPAS,0.35,0.6723484848484849,0.1340295075684996
0,0,40,COMPAS,0.45,0.6628787878787878,0.0990095361622473
0,0,40,COMPAS,0.55,0.65625,0.0676080003537371
0,0,40,COMPAS,0.65,0.6515151515151515,0.0420873435818827
0,0,40,COMPAS,0.75,0.6505681818181818,0.0217253526316564
0,0,40,COMPAS,0.8500000000000001,0.6515151515151515,0.0065220275030583
0,0,40,COMPAS,0.95,0.6486742424242424,0.0008990817574837
0,0,41,COMPAS,0.05,0.6515151515151515,0.1985691929353901
0,0,41,COMPAS,0.15,0.6496212121212122,0.1537670467247932
0,0,41,COMPAS,0.25,0.6410984848484849,0.1176615247037782
0,0,41,COMPAS,0.35,0.6316287878787878,0.0822490498546836
0,0,41,COMPAS,0.45,0.6287878787878788,0.0493181310082718
0,0,41,COMPAS,0.55,0.6259469696969697,0.0359266711379387
0,0,41,COMPAS,0.65,0.625,0.0084507042253521
0,0,41,COMPAS,0.75,0.6145833333333334,0.0378046054102392
0,0,41,COMPAS,0.8500000000000001,0.6145833333333334,0.0378046054102392
0,0,41,COMPAS,0.95,0.6117424242424242,0.070735524256651
0,0,42,COMPAS,0.05,0.6732954545454546,0.2353187050711894
0,0,42,COMPAS,0.15,0.6685606060606061,0.172383538121472
0,0,42,COMPAS,0.25,0.6723484848484849,0.1300200708693736
0,0,42,COMPAS,0.35,0.665719696969697,0.1174014060905486
0,0,42,COMPAS,0.45,0.6638257575757576,0.0759040363911597
0,0,42,COMPAS,0.55,0.6609848484848485,0.0615531765069156
0,0,42,COMPAS,0.65,0.6553030303030303,0.0447810091166182
0,0,42,COMPAS,0.75,0.6515151515151515,0.0141889372983028
0,0,42,COMPAS,0.8500000000000001,0.6515151515151515,0.0022593849201119
0,0,42,COMPAS,0.95,0.6534090909090909,0.0245519827985494
0,0,43,COMPAS,0.05,0.6704545454545454,0.2608190963747842
0,0,43,COMPAS,0.15,0.6761363636363636,0.2215310435144949
0,0,43,COMPAS,0.25,0.6714015151515151,0.1931811417346271
0,0,43,COMPAS,0.35,0.6647727272727273,0.1569736293827013
0,0,43,COMPAS,0.45,0.6619318181818182,0.123206738496339
0,0,43,COMPAS,0.55,0.6619318181818182,0.0974016310494672
0,0,43,COMPAS,0.65,0.6619318181818182,0.0512084052622179
0,0,43,COMPAS,0.75,0.6590909090909091,0.0432466218227275
0,0,43,COMPAS,0.8500000000000001,0.6515151515151515,0.0275314006786118
0,0,43,COMPAS,0.95,0.6486742424242424,0.0168015953330555
0,0,44,COMPAS,0.05,0.6638257575757576,0.2377990162156096
0,0,44,COMPAS,0.15,0.6609848484848485,0.1983765687246338
0,0,44,COMPAS,0.25,0.6600378787878788,0.1944526530383227
0,0,44,COMPAS,0.35,0.6619318181818182,0.1706996839171825
0,0,44,COMPAS,0.45,0.6571969696969697,0.1264219051003423
0,0,44,COMPAS,0.55,0.6581439393939394,0.108246207941347
0,0,44,COMPAS,0.65,0.6553030303030303,0.0971702171432846
0,0,44,COMPAS,0.75,0.6496212121212122,0.0837189294331082
0,0,44,COMPAS,0.8500000000000001,0.6486742424242424,0.065543232274113
0,0,44,COMPAS,0.95,0.6524621212121212,0.0448875007013672
0,0,45,COMPAS,0.05,0.6600378787878788,0.236670819059483
0,0,45,COMPAS,0.15,0.6590909090909091,0.2175957645593272
0,0,45,COMPAS,0.25,0.6619318181818182,0.1672843350981002
0,0,45,COMPAS,0.35,0.6600378787878788,0.1391622547492992
0,0,45,COMPAS,0.45,0.6609848484848485,0.1235440672687636
0,0,45,COMPAS,0.55,0.6647727272727273,0.0913111180317657
0,0,45,COMPAS,0.65,0.6647727272727273,0.060230457801308
0,0,45,COMPAS,0.75,0.665719696969697,0.0206010588601681
0,0,45,COMPAS,0.8500000000000001,0.6619318181818182,0.0118810339458112
0,0,45,COMPAS,0.95,0.65625,0.0390999688570539
0,0,46,COMPAS,0.05,0.6647727272727273,0.2082989605675631
0,0,46,COMPAS,0.15,0.6628787878787878,0.1784359016663916
0,0,46,COMPAS,0.25,0.6590909090909091,0.1284441511301765
0,0,46,COMPAS,0.35,0.665719696969697,0.1054281471704339
0,0,46,COMPAS,0.45,0.6638257575757576,0.0777099488533245
0,0,46,COMPAS,0.55,0.6638257575757576,0.0658307210031348
0,0,46,COMPAS,0.65,0.6581439393939394,0.0381125226860254
0,0,46,COMPAS,0.75,0.6571969696969697,0.0190562613430126
0,0,46,COMPAS,0.8500000000000001,0.6571969696969697,0.0038772479788813
0,0,46,COMPAS,0.95,0.6571969696969697,0.0358851674641148
0,0,47,COMPAS,0.05,0.6770833333333334,0.1862664305024704
0,0,47,COMPAS,0.15,0.6799242424242424,0.1333942388365805
0,0,47,COMPAS,0.25,0.6799242424242424,0.0923837046704577
0,0,47,COMPAS,0.35,0.6827651515151515,0.0759131164351636
0,0,47,COMPAS,0.45,0.6799242424242424,0.044459774401044
0,0,47,COMPAS,0.55,0.6723484848484849,0.0105565395730399
0,0,47,COMPAS,0.65,0.6685606060606061,0.0044262142257853
0,0,47,COMPAS,0.75,0.6638257575757576,0.0194574438333178
0,0,47,COMPAS,0.8500000000000001,0.665719696969697,0.0281010534166122
0,0,47,COMPAS,0.95,0.6619318181818182,0.029540412044374
0,0,48,COMPAS,0.05,0.665719696969697,0.2283663929439239
0,0,48,COMPAS,0.15,0.6647727272727273,0.1585878778488642
0,0,48,COMPAS,0.25,0.6609848484848485,0.1244714178283822
0,0,48,COMPAS,0.35,0.6609848484848485,0.0947385525823529
0,0,48,COMPAS,0.45,0.6553030303030303,0.06719748472355
0,0,48,COMPAS,0.55,0.6524621212121212,0.0430007973607736
0,0,48,COMPAS,0.65,0.6524621212121212,0.0172585149439013
0,0,48,COMPAS,0.75,0.6524621212121212,0.0080907555276751
0,0,48,COMPAS,0.8500000000000001,0.6505681818181818,0.0294494431700947
0,0,48,COMPAS,0.95,0.6571969696969697,0.0220011110145376
0,0,49,COMPAS,0.05,0.6685606060606061,0.2257872492410262
0,0,49,COMPAS,0.15,0.6704545454545454,0.1810822072742425
0,0,49,COMPAS,0.25,0.665719696969697,0.1385052681707244
0,0,49,COMPAS,0.35,0.6581439393939394,0.1127001607238526
0,0,49,COMPAS,0.45,0.6609848484848485,0.0907196856955771
0,0,49,COMPAS,0.55,0.665719696969697,0.075108637418894
0,0,49,COMPAS,0.65,0.6609848484848485,0.0420858384427644
0,0,49,COMPAS,0.75,0.6742424242424242,0.0050300613131734
0,0,49,COMPAS,0.8500000000000001,0.6723484848484849,0.0168462408476695
0,0,49,COMPAS,0.95,0.6695075757575758,0.0182302518007024
