,Unnamed: 0,seed,dataset,alpha,acc,disparity
0,0,0,COMPAS,0.0,0.6565656565656566,0.3027243589743589
0,0,0,COMPAS,0.2,0.6590909090909091,0.2584134615384615
0,0,0,COMPAS,0.4,0.6571969696969697,0.2259615384615384
0,0,0,COMPAS,0.6,0.6723484848484849,0.1464743589743589
0,0,0,COMPAS,0.8,0.6622474747474747,0.1047275641025641
0,0,0,COMPAS,1.0,0.6597222222222222,0.1086538461538461
0,0,0,COMPAS,1.2,0.6540404040404041,0.0757211538461538
0,0,0,COMPAS,1.4,0.6515151515151515,0.0410256410256409
0,0,0,COMPAS,1.6,0.6527777777777778,0.0307692307692307
0,0,0,COMPAS,1.8,0.639520202020202,0.005849358974359
0,0,1,COMPAS,0.0,0.6654040404040404,0.2280602438189525
0,0,1,COMPAS,0.2,0.6685606060606061,0.1828444666789541
0,0,1,COMPAS,0.4,0.6616161616161617,0.11354959319624
0,0,1,COMPAS,0.6,0.6584595959595959,0.1129505779509729
0,0,1,COMPAS,0.8,0.6628787878787878,0.0658785118091577
0,0,1,COMPAS,1.0,0.6521464646464646,0.0513375812949261
0,0,1,COMPAS,1.2,0.6426767676767676,0.0136654466942257
0,0,1,COMPAS,1.4,0.6439393939393939,0.0116643408199268
0,0,1,COMPAS,1.6,0.6357323232323232,0.0639498143710997
0,0,1,COMPAS,1.8,0.6369949494949495,0.0785104926406698
0,0,2,COMPAS,0.0,0.6736111111111112,0.2608354201549928
0,0,2,COMPAS,0.2,0.6748737373737373,0.2112456226137379
0,0,2,COMPAS,0.4,0.6748737373737373,0.1626930618736448
0,0,2,COMPAS,0.6,0.6672979797979798,0.1272491986110905
0,0,2,COMPAS,0.8,0.6660353535353535,0.0967050444283096
0,0,2,COMPAS,1.0,0.6534090909090909,0.0542968769293839
0,0,2,COMPAS,1.2,0.648989898989899,0.0313245513950835
0,0,2,COMPAS,1.4,0.6388888888888888,0.0045440850336608
0,0,2,COMPAS,1.6,0.6376262626262627,0.0091178054044976
0,0,2,COMPAS,1.8,0.63510101010101,0.039592810467201
0,0,3,COMPAS,0.0,0.6755050505050505,0.241382065773812
0,0,3,COMPAS,0.2,0.6666666666666666,0.1659128176528854
0,0,3,COMPAS,0.4,0.6654040404040404,0.1166598689850922
0,0,3,COMPAS,0.6,0.6609848484848485,0.0832668825277387
0,0,3,COMPAS,0.8,0.6559343434343434,0.0283571529644827
0,0,3,COMPAS,1.0,0.6433080808080808,0.0084169170710593
0,0,3,COMPAS,1.2,0.6376262626262627,0.0089945812766878
0,0,3,COMPAS,1.4,0.6363636363636364,0.0183037981005335
0,0,3,COMPAS,1.6,0.6287878787878788,0.0430451393802179
0,0,3,COMPAS,1.8,0.6256313131313131,0.0524692231498514
0,0,4,COMPAS,0.0,0.6824494949494949,0.235919941707723
0,0,4,COMPAS,0.2,0.6761363636363636,0.156917862705644
0,0,4,COMPAS,0.4,0.6672979797979798,0.1111798169675983
0,0,4,COMPAS,0.6,0.6761363636363636,0.1170558389207906
0,0,4,COMPAS,0.8,0.6679292929292929,0.0224478745379066
0,0,4,COMPAS,1.0,0.6527777777777778,0.0185773208281246
0,0,4,COMPAS,1.2,0.6420454545454546,0.0330200346277516
0,0,4,COMPAS,1.4,0.639520202020202,0.0556951955665781
0,0,4,COMPAS,1.6,0.6401515151515151,0.0801853052656911
0,0,4,COMPAS,1.8,0.6287878787878788,0.0934080258839101
0,0,5,COMPAS,0.0,0.6685606060606061,0.2293005866619378
0,0,5,COMPAS,0.2,0.6628787878787878,0.1815844305537083
0,0,5,COMPAS,0.4,0.6540404040404041,0.1251052888238684
0,0,5,COMPAS,0.6,0.6571969696969697,0.0593902853511844
0,0,5,COMPAS,0.8,0.6546717171717171,0.03323432489545
0,0,5,COMPAS,1.0,0.648989898989899,0.0088664272731303
0,0,5,COMPAS,1.2,0.6382575757575758,0.017156536773507
0,0,5,COMPAS,1.4,0.6338383838383839,0.0273677055163955
0,0,5,COMPAS,1.6,0.625,0.0541443158812489
0,0,5,COMPAS,1.8,0.6212121212121212,0.0653160142453931
0,0,6,COMPAS,0.0,0.6805555555555556,0.2421782762691853
0,0,6,COMPAS,0.2,0.6698232323232324,0.1915584415584415
0,0,6,COMPAS,0.4,0.6698232323232324,0.1384297520661157
0,0,6,COMPAS,0.6,0.6654040404040404,0.1149645808736717
0,0,6,COMPAS,0.8,0.6597222222222222,0.0675914994096812
0,0,6,COMPAS,1.0,0.6515151515151515,0.0317296340023612
0,0,6,COMPAS,1.2,0.6452020202020202,0.001918536009445
0,0,6,COMPAS,1.4,0.6369949494949495,0.031582054309327
0,0,6,COMPAS,1.6,0.6287878787878788,0.0562278630460448
0,0,6,COMPAS,1.8,0.6243686868686869,0.0646399055489964
0,0,7,COMPAS,0.0,0.6792929292929293,0.2557352500748727
0,0,7,COMPAS,0.2,0.6818181818181818,0.1970350404312668
0,0,7,COMPAS,0.4,0.67739898989899,0.1430967355495657
0,0,7,COMPAS,0.6,0.6679292929292929,0.0806528900868523
0,0,7,COMPAS,0.8,0.6628787878787878,0.0671758011380653
0,0,7,COMPAS,1.0,0.6559343434343434,0.0420485175202156
0,0,7,COMPAS,1.2,0.6553030303030303,0.0147050014974542
0,0,7,COMPAS,1.4,0.6477272727272727,0.00062893081761
0,0,7,COMPAS,1.6,0.6445707070707071,0.0161725067385444
0,0,7,COMPAS,1.8,0.6388888888888888,0.0381850853548966
0,0,8,COMPAS,0.0,0.6799242424242424,0.268278361578489
0,0,8,COMPAS,0.2,0.6748737373737373,0.2204539472352143
0,0,8,COMPAS,0.4,0.6761363636363636,0.1639838830508817
0,0,8,COMPAS,0.6,0.6755050505050505,0.1209884792160197
0,0,8,COMPAS,0.8,0.6717171717171717,0.1014497155236996
0,0,8,COMPAS,1.0,0.6578282828282829,0.0382170118852376
0,0,8,COMPAS,1.2,0.6483585858585859,0.0153272996011257
0,0,8,COMPAS,1.4,0.63510101010101,0.0305229909494016
0,0,8,COMPAS,1.6,0.6300505050505051,0.0427929295997084
0,0,8,COMPAS,1.8,0.6218434343434344,0.0670999615298953
0,0,9,COMPAS,0.0,0.6767676767676768,0.3055321268470861
0,0,9,COMPAS,0.2,0.6704545454545454,0.1934418064087664
0,0,9,COMPAS,0.4,0.6723484848484849,0.1628955669931927
0,0,9,COMPAS,0.6,0.6590909090909091,0.1108185289722729
0,0,9,COMPAS,0.8,0.6578282828282829,0.0960617632409098
0,0,9,COMPAS,1.0,0.6540404040404041,0.0608102274613979
0,0,9,COMPAS,1.2,0.6470959595959596,0.0344944379877137
0,0,9,COMPAS,1.4,0.6464646464646465,0.0108152083679229
0,0,9,COMPAS,1.6,0.6464646464646465,0.0034036194587415
0,0,9,COMPAS,1.8,0.6300505050505051,0.032359289390669
0,0,10,COMPAS,0.0,0.6710858585858586,0.2492929023880672
0,0,10,COMPAS,0.2,0.672979797979798,0.2069802478795395
0,0,10,COMPAS,0.4,0.6704545454545454,0.168198503400228
0,0,10,COMPAS,0.6,0.6742424242424242,0.1281016156285635
0,0,10,COMPAS,0.8,0.6571969696969697,0.0757838836680844
0,0,10,COMPAS,1.0,0.6515151515151515,0.092958989170877
0,0,10,COMPAS,1.2,0.6414141414141414,0.0399836855642214
0,0,10,COMPAS,1.4,0.6433080808080808,0.0247430060180291
0,0,10,COMPAS,1.6,0.63510101010101,0.0044581692872422
0,0,10,COMPAS,1.8,0.6287878787878788,0.0271085992059197
0,0,11,COMPAS,0.0,0.6691919191919192,0.2617695375895629
0,0,11,COMPAS,0.2,0.6691919191919192,0.2066263774623095
0,0,11,COMPAS,0.4,0.6628787878787878,0.1512284457444045
0,0,11,COMPAS,0.6,0.6553030303030303,0.1085657848371199
0,0,11,COMPAS,0.8,0.6458333333333334,0.040126525527617
0,0,11,COMPAS,1.0,0.6426767676767676,0.039198429018815
0,0,11,COMPAS,1.2,0.6420454545454546,0.0034592688055348
0,0,11,COMPAS,1.4,0.639520202020202,0.0072014333383515
0,0,11,COMPAS,1.6,0.6332070707070707,0.0470748416362953
0,0,11,COMPAS,1.8,0.6268939393939394,0.0593005692656126
0,0,12,COMPAS,0.0,0.6685606060606061,0.2881587248879296
0,0,12,COMPAS,0.2,0.6672979797979798,0.1960650838452598
0,0,12,COMPAS,0.4,0.6691919191919192,0.1555371077536111
0,0,12,COMPAS,0.6,0.6628787878787878,0.1229022082018927
0,0,12,COMPAS,0.8,0.6641414141414141,0.1055420886601361
0,0,12,COMPAS,1.0,0.6477272727272727,0.0797277104433006
0,0,12,COMPAS,1.2,0.6363636363636364,0.0265847584260335
0,0,12,COMPAS,1.4,0.6420454545454546,0.0165997011456084
0,0,12,COMPAS,1.6,0.6445707070707071,0.0171177154242072
0,0,12,COMPAS,1.8,0.6338383838383839,0.0092179976755769
0,0,13,COMPAS,0.0,0.6672979797979798,0.2186951868108162
0,0,13,COMPAS,0.2,0.6584595959595959,0.1623374791533566
0,0,13,COMPAS,0.4,0.6578282828282829,0.0991246484073579
0,0,13,COMPAS,0.6,0.6483585858585859,0.062741551405126
0,0,13,COMPAS,0.8,0.6363636363636364,0.0227574819743949
0,0,13,COMPAS,1.0,0.6243686868686869,0.0005061274611484
0,0,13,COMPAS,1.2,0.6256313131313131,0.032071886693826
0,0,13,COMPAS,1.4,0.61489898989899,0.0457705168308123
0,0,13,COMPAS,1.6,0.6111111111111112,0.0605228877475668
0,0,13,COMPAS,1.8,0.615530303030303,0.0710486795051567
0,0,14,COMPAS,0.0,0.6805555555555556,0.3026859504132231
0,0,14,COMPAS,0.2,0.6805555555555556,0.2634297520661157
0,0,14,COMPAS,0.4,0.6736111111111112,0.1992325855962219
0,0,14,COMPAS,0.6,0.6691919191919192,0.144185360094451
0,0,14,COMPAS,0.8,0.6742424242424242,0.1093565525383707
0,0,14,COMPAS,1.0,0.6761363636363636,0.069952774498229
0,0,14,COMPAS,1.2,0.6616161616161617,0.0497343565525383
0,0,14,COMPAS,1.4,0.6609848484848485,0.0233175914994096
0,0,14,COMPAS,1.6,0.6458333333333334,0.0026564344746163
0,0,14,COMPAS,1.8,0.6363636363636364,0.0343860684769775
0,0,15,COMPAS,0.0,0.696969696969697,0.2866681570906924
0,0,15,COMPAS,0.2,0.6919191919191919,0.2448468589313659
0,0,15,COMPAS,0.4,0.6849747474747475,0.190371860794396
0,0,15,COMPAS,0.6,0.6818181818181818,0.1434085997466279
0,0,15,COMPAS,0.8,0.6805555555555556,0.0975631567180863
0,0,15,COMPAS,1.0,0.6767676767676768,0.062925702362322
0,0,15,COMPAS,1.2,0.6685606060606061,0.0559356136820925
0,0,15,COMPAS,1.4,0.6628787878787878,0.0174677695804456
0,0,15,COMPAS,1.6,0.6559343434343434,0.0037409643043445
0,0,15,COMPAS,1.8,0.6565656565656566,0.0021760190774275
0,0,16,COMPAS,0.0,0.6893939393939394,0.2494743481917577
0,0,16,COMPAS,0.2,0.6875,0.2074484861227922
0,0,16,COMPAS,0.4,0.6824494949494949,0.1833736333052985
0,0,16,COMPAS,0.6,0.6837121212121212,0.1271814550042052
0,0,16,COMPAS,0.8,0.6799242424242424,0.0957474768713204
0,0,16,COMPAS,1.0,0.6786616161616161,0.0920416316232127
0,0,16,COMPAS,1.2,0.6704545454545454,0.0538004625735912
0,0,16,COMPAS,1.4,0.6597222222222222,0.023444070647603
0,0,16,COMPAS,1.6,0.6616161616161617,0.0072802775441547
0,0,16,COMPAS,1.8,0.6521464646464646,0.0302249789739277
0,0,17,COMPAS,0.0,0.6710858585858586,0.2610659979301011
0,0,17,COMPAS,0.2,0.6660353535353535,0.200919512777645
0,0,17,COMPAS,0.4,0.6622474747474747,0.1450720484037895
0,0,17,COMPAS,0.6,0.6584595959595959,0.1354390573998885
0,0,17,COMPAS,0.8,0.6546717171717171,0.0860401241939335
0,0,17,COMPAS,1.0,0.6515151515151515,0.0563649390972056
0,0,17,COMPAS,1.2,0.6464646464646465,0.0390096329910039
0,0,17,COMPAS,1.4,0.6477272727272727,0.010588328954701
0,0,17,COMPAS,1.6,0.639520202020202,0.000537377597325
0,0,17,COMPAS,1.8,0.6407828282828283,0.0063888225459756
0,0,18,COMPAS,0.0,0.6603535353535354,0.266370755162351
0,0,18,COMPAS,0.2,0.6597222222222222,0.2401133692750448
0,0,18,COMPAS,0.4,0.6609848484848485,0.1784860464061368
0,0,18,COMPAS,0.6,0.6521464646464646,0.1757509370437634
0,0,18,COMPAS,0.8,0.6553030303030303,0.1390134453809748
0,0,18,COMPAS,1.0,0.6590909090909091,0.1047640968174952
0,0,18,COMPAS,1.2,0.6540404040404041,0.0961051572267872
0,0,18,COMPAS,1.4,0.6470959595959596,0.0392810761680916
0,0,18,COMPAS,1.6,0.6445707070707071,0.0260658610302357
0,0,18,COMPAS,1.8,0.6357323232323232,0.013452101145285
0,0,19,COMPAS,0.0,0.6717171717171717,0.263567170780331
0,0,19,COMPAS,0.2,0.6628787878787878,0.1983602553354413
0,0,19,COMPAS,0.4,0.6609848484848485,0.1757675576122043
0,0,19,COMPAS,0.6,0.6590909090909091,0.117673463729561
0,0,19,COMPAS,0.8,0.6584595959595959,0.0960445450764752
0,0,19,COMPAS,1.0,0.6546717171717171,0.0686758599747833
0,0,19,COMPAS,1.2,0.6515151515151515,0.0589489527154145
0,0,19,COMPAS,1.4,0.6565656565656566,0.0286757279502531
0,0,19,COMPAS,1.6,0.6496212121212122,0.0196353482477044
0,0,19,COMPAS,1.8,0.6426767676767676,0.017473446566372
0,0,20,COMPAS,0.0,0.6799242424242424,0.2748185677118993
0,0,20,COMPAS,0.2,0.6755050505050505,0.2294642992986139
0,0,20,COMPAS,0.4,0.6742424242424242,0.1684239353690264
0,0,20,COMPAS,0.6,0.6691919191919192,0.1277709312763399
0,0,20,COMPAS,0.8,0.6571969696969697,0.0731054209076939
0,0,20,COMPAS,1.0,0.6470959595959596,0.0534787834527667
0,0,20,COMPAS,1.2,0.6426767676767676,0.018318194957932
0,0,20,COMPAS,1.4,0.6414141414141414,0.0060857790557913
0,0,20,COMPAS,1.6,0.6332070707070707,0.0213154411429093
0,0,20,COMPAS,1.8,0.63510101010101,0.0485949457604941
0,0,21,COMPAS,0.0,0.6843434343434344,0.244600004994215
0,0,21,COMPAS,0.2,0.6755050505050505,0.2033344709045355
0,0,21,COMPAS,0.4,0.6736111111111112,0.1409350835282464
0,0,21,COMPAS,0.6,0.6799242424242424,0.1331774028417083
0,0,21,COMPAS,0.8,0.6704545454545454,0.1081613797351401
0,0,21,COMPAS,1.0,0.6622474747474747,0.048398937896936
0,0,21,COMPAS,1.2,0.6616161616161617,0.0215250667976261
0,0,21,COMPAS,1.4,0.6540404040404041,0.0184219945230108
0,0,21,COMPAS,1.6,0.6521464646464646,0.0124872023239747
0,0,21,COMPAS,1.8,0.6496212121212122,0.0150475698982012
0,0,22,COMPAS,0.0,0.6811868686868687,0.2391449576817063
0,0,22,COMPAS,0.2,0.672979797979798,0.2051402169771328
0,0,22,COMPAS,0.4,0.6704545454545454,0.1736015003983577
0,0,22,COMPAS,0.6,0.6685606060606061,0.1293301816610281
0,0,22,COMPAS,0.8,0.6660353535353535,0.1011036901288106
0,0,22,COMPAS,1.0,0.6565656565656566,0.0699328152758235
0,0,22,COMPAS,1.2,0.6540404040404041,0.0407496053536641
0,0,22,COMPAS,1.4,0.6540404040404041,0.0113453604931388
0,0,22,COMPAS,1.6,0.6445707070707071,0.0162394699120314
0,0,22,COMPAS,1.8,0.6376262626262627,0.012097539089369
0,0,23,COMPAS,0.0,0.6843434343434344,0.3288323685651562
0,0,23,COMPAS,0.2,0.6837121212121212,0.2663885134408558
0,0,23,COMPAS,0.4,0.6849747474747475,0.1741909761226079
0,0,23,COMPAS,0.6,0.6862373737373737,0.1124303720823275
0,0,23,COMPAS,0.8,0.672979797979798,0.0816774558575131
0,0,23,COMPAS,1.0,0.6578282828282829,0.0422573424676117
0,0,23,COMPAS,1.2,0.6540404040404041,0.0125648716298598
0,0,23,COMPAS,1.4,0.6477272727272727,0.0003391440005426
0,0,23,COMPAS,1.6,0.6433080808080808,0.0077060134367198
0,0,23,COMPAS,1.8,0.6325757575757576,0.0320962573391588
0,0,24,COMPAS,0.0,0.6698232323232324,0.3297081597760865
0,0,24,COMPAS,0.2,0.6679292929292929,0.2681814281093427
0,0,24,COMPAS,0.4,0.6679292929292929,0.2255375048684045
0,0,24,COMPAS,0.6,0.6685606060606061,0.1903562681946305
0,0,24,COMPAS,0.8,0.6654040404040404,0.1423818545485751
0,0,24,COMPAS,1.0,0.6534090909090909,0.0962623855512354
0,0,24,COMPAS,1.2,0.6502525252525253,0.0657548172450441
0,0,24,COMPAS,1.4,0.6464646464646465,0.050697419580558
0,0,24,COMPAS,1.6,0.6426767676767676,0.0205694217985701
0,0,24,COMPAS,1.8,0.63510101010101,6.601226507885194e-05
0,0,25,COMPAS,0.0,0.6609848484848485,0.2716382150344414
0,0,25,COMPAS,0.2,0.6590909090909091,0.2166217430368373
0,0,25,COMPAS,0.4,0.6641414141414141,0.1910452231206948
0,0,25,COMPAS,0.6,0.6660353535353535,0.130817610062893
0,0,25,COMPAS,0.8,0.6483585858585859,0.1208146151542378
0,0,25,COMPAS,1.0,0.6470959595959596,0.0657082958969751
0,0,25,COMPAS,1.2,0.6426767676767676,0.0552560646900269
0,0,25,COMPAS,1.4,0.6388888888888888,0.0326145552560647
0,0,25,COMPAS,1.6,0.6357323232323232,0.0167115902964959
0,0,25,COMPAS,1.8,0.6369949494949495,0.0287511230907457
0,0,26,COMPAS,0.0,0.67739898989899,0.2676878455542464
0,0,26,COMPAS,0.2,0.67739898989899,0.2310704250883712
0,0,26,COMPAS,0.4,0.6717171717171717,0.1739146197770325
0,0,26,COMPAS,0.6,0.6723484848484849,0.1262213359920239
0,0,26,COMPAS,0.8,0.6622474747474747,0.1084201939635638
0,0,26,COMPAS,1.0,0.6603535353535354,0.0741049578537116
0,0,26,COMPAS,1.2,0.6515151515151515,0.0581528142844194
0,0,26,COMPAS,1.4,0.6508838383838383,0.0207559140759539
0,0,26,COMPAS,1.6,0.6401515151515151,0.0069609353756911
0,0,26,COMPAS,1.8,0.6300505050505051,0.0328831686757908
0,0,27,COMPAS,0.0,0.6938131313131313,0.2943715700709409
0,0,27,COMPAS,0.2,0.6912878787878788,0.227981528577165
0,0,27,COMPAS,0.4,0.6843434343434344,0.1762280819167447
0,0,27,COMPAS,0.6,0.6748737373737373,0.1318498193012983
0,0,27,COMPAS,0.8,0.6723484848484849,0.0905969749698835
0,0,27,COMPAS,1.0,0.6603535353535354,0.0433409182171061
0,0,27,COMPAS,1.2,0.6477272727272727,0.0141748092624816
0,0,27,COMPAS,1.4,0.648989898989899,0.0043769241065453
0,0,27,COMPAS,1.6,0.639520202020202,0.0179828670860661
0,0,27,COMPAS,1.8,0.6332070707070707,0.0526770178021684
0,0,28,COMPAS,0.0,0.6824494949494949,0.2619293235855497
0,0,28,COMPAS,0.2,0.6685606060606061,0.1925286926707232
0,0,28,COMPAS,0.4,0.6691919191919192,0.1625726972356362
0,0,28,COMPAS,0.6,0.6660353535353535,0.1204768240963615
0,0,28,COMPAS,0.8,0.6590909090909091,0.0737064003468536
0,0,28,COMPAS,1.0,0.6578282828282829,0.0553072096720339
0,0,28,COMPAS,1.2,0.6483585858585859,0.0237664518765479
0,0,28,COMPAS,1.4,0.6426767676767676,0.0209507577456506
0,0,28,COMPAS,1.6,0.639520202020202,0.0240853977604018
0,0,28,COMPAS,1.8,0.6313131313131313,0.0440643672661852
0,0,29,COMPAS,0.0,0.6755050505050505,0.258921308576481
0,0,29,COMPAS,0.2,0.6691919191919192,0.1940987747884299
0,0,29,COMPAS,0.4,0.6597222222222222,0.1342023493747631
0,0,29,COMPAS,0.6,0.6609848484848485,0.091337627889352
0,0,29,COMPAS,0.8,0.6502525252525253,0.0480535556397625
0,0,29,COMPAS,1.0,0.6382575757575758,0.0017986611090059
0,0,29,COMPAS,1.2,0.63510101010101,0.0134849058986989
0,0,29,COMPAS,1.4,0.6287878787878788,0.0528735632183908
0,0,29,COMPAS,1.6,0.6199494949494949,0.0703145130731337
0,0,29,COMPAS,1.8,0.6130050505050505,0.0883668056081849
0,0,30,COMPAS,0.0,0.696969696969697,0.336901650319191
0,0,30,COMPAS,0.2,0.6912878787878788,0.280430895659626
0,0,30,COMPAS,0.4,0.67739898989899,0.2115494380229725
0,0,30,COMPAS,0.6,0.6748737373737373,0.1950972377344586
0,0,30,COMPAS,0.8,0.6622474747474747,0.1383287577947274
0,0,30,COMPAS,1.0,0.6534090909090909,0.1038189435522738
0,0,30,COMPAS,1.2,0.6420454545454546,0.0685327407339174
0,0,30,COMPAS,1.4,0.6407828282828283,0.0150507531133675
0,0,30,COMPAS,1.6,0.6325757575757576,0.0127002038020011
0,0,30,COMPAS,1.8,0.6332070707070707,0.0085633028096384
0,0,31,COMPAS,0.0,0.6748737373737373,0.2708187027666646
0,0,31,COMPAS,0.2,0.6723484848484849,0.2297318814224346
0,0,31,COMPAS,0.4,0.6571969696969697,0.1673759174308082
0,0,31,COMPAS,0.6,0.6672979797979798,0.1266276592713516
0,0,31,COMPAS,0.8,0.6464646464646465,0.0913282571203022
0,0,31,COMPAS,1.0,0.6376262626262627,0.072375422994474
0,0,31,COMPAS,1.2,0.63510101010101,0.0661706660141224
0,0,31,COMPAS,1.4,0.6262626262626263,0.041351638092716
0,0,31,COMPAS,1.6,0.6167929292929293,0.0072556436974451
0,0,31,COMPAS,1.8,0.6167929292929293,0.0072254747007822
0,0,32,COMPAS,0.0,0.6837121212121212,0.2087114337568058
0,0,32,COMPAS,0.2,0.6755050505050505,0.1406808557443766
0,0,32,COMPAS,0.4,0.6704545454545454,0.0791948523345982
0,0,32,COMPAS,0.6,0.6672979797979798,0.0563713358631688
0,0,32,COMPAS,0.8,0.6622474747474747,0.0254633448825826
0,0,32,COMPAS,1.0,0.6521464646464646,0.015453995490293
0,0,32,COMPAS,1.2,0.6445707070707071,0.0388824726392784
0,0,32,COMPAS,1.4,0.6363636363636364,0.0661057031292965
0,0,32,COMPAS,1.6,0.6357323232323232,0.0728702634328768
0,0,32,COMPAS,1.8,0.6313131313131313,0.0922840015398999
0,0,33,COMPAS,0.0,0.6666666666666666,0.2999194906673383
0,0,33,COMPAS,0.2,0.6660353535353535,0.2360405213843653
0,0,33,COMPAS,0.4,0.6571969696969697,0.2157106800815959
0,0,33,COMPAS,0.6,0.6597222222222222,0.1916270294031937
0,0,33,COMPAS,0.8,0.6571969696969697,0.1570821047016462
0,0,33,COMPAS,1.0,0.6534090909090909,0.0870933167375445
0,0,33,COMPAS,1.2,0.6609848484848485,0.0460088609658156
0,0,33,COMPAS,1.4,0.6502525252525253,0.0185714779636572
0,0,33,COMPAS,1.6,0.6439393939393939,0.0227994527341068
0,0,33,COMPAS,1.8,0.6407828282828283,0.01829982070621
0,0,34,COMPAS,0.0,0.6881313131313131,0.2253145994611737
0,0,34,COMPAS,0.2,0.6868686868686869,0.1669099341813593
0,0,34,COMPAS,0.4,0.6786616161616161,0.1102547488319748
0,0,34,COMPAS,0.6,0.6736111111111112,0.0875422023667428
0,0,34,COMPAS,0.8,0.6553030303030303,0.0265354840909865
0,0,34,COMPAS,1.0,0.6502525252525253,0.003713808273369
0,0,34,COMPAS,1.2,0.6496212121212122,0.0039081949323057
0,0,34,COMPAS,1.4,0.6477272727272727,0.0075060532687651
0,0,34,COMPAS,1.6,0.6433080808080808,0.0367356682467687
0,0,34,COMPAS,1.8,0.6426767676767676,0.0376325751116871
0,0,35,COMPAS,0.0,0.6578282828282829,0.2211574841607792
0,0,35,COMPAS,0.2,0.6527777777777778,0.1655671507288449
0,0,35,COMPAS,0.4,0.6521464646464646,0.1448368611858262
0,0,35,COMPAS,0.6,0.6578282828282829,0.1080575371301602
0,0,35,COMPAS,0.8,0.6470959595959596,0.0800353587815666
0,0,35,COMPAS,1.0,0.6407828282828283,0.0270247029931139
0,0,35,COMPAS,1.2,0.6388888888888888,0.0050424099004588
0,0,35,COMPAS,1.4,0.6243686868686869,0.0306293725536057
0,0,35,COMPAS,1.6,0.6243686868686869,0.0356373867521514
0,0,35,COMPAS,1.8,0.6231060606060606,0.0371851933382404
0,0,36,COMPAS,0.0,0.6755050505050505,0.2489141949152542
0,0,36,COMPAS,0.2,0.6818181818181818,0.2012976694915254
0,0,36,COMPAS,0.4,0.6761363636363636,0.1592690677966102
0,0,36,COMPAS,0.6,0.6767676767676768,0.1483050847457627
0,0,36,COMPAS,0.8,0.6723484848484849,0.0945974576271186
0,0,36,COMPAS,1.0,0.6584595959595959,0.0086599576271186
0,0,36,COMPAS,1.2,0.6559343434343434,0.0030455508474576
0,0,36,COMPAS,1.4,0.6521464646464646,0.0272510593220339
0,0,36,COMPAS,1.6,0.6470959595959596,0.0459216101694915
0,0,36,COMPAS,1.8,0.6414141414141414,0.0760328389830508
0,0,37,COMPAS,0.0,0.6736111111111112,0.2279220779220779
0,0,37,COMPAS,0.2,0.6672979797979798,0.1755411255411255
0,0,37,COMPAS,0.4,0.672979797979798,0.1225108225108225
0,0,37,COMPAS,0.6,0.672979797979798,0.0731601731601732
0,0,37,COMPAS,0.8,0.6672979797979798,0.0426406926406926
0,0,37,COMPAS,1.0,0.6515151515151515,0.0047619047619047
0,0,37,COMPAS,1.2,0.6426767676767676,0.0255411255411255
0,0,37,COMPAS,1.4,0.6325757575757576,0.045021645021645
0,0,37,COMPAS,1.6,0.625,0.0813852813852814
0,0,37,COMPAS,1.8,0.6243686868686869,0.111038961038961
0,0,38,COMPAS,0.0,0.6578282828282829,0.246493977891437
0,0,38,COMPAS,0.2,0.6546717171717171,0.2146510476819007
0,0,38,COMPAS,0.4,0.648989898989899,0.1545399549029313
0,0,38,COMPAS,0.6,0.6521464646464646,0.108507946983446
0,0,38,COMPAS,0.8,0.6439393939393939,0.0905241159324644
0,0,38,COMPAS,1.0,0.6382575757575758,0.0633008854424462
0,0,38,COMPAS,1.2,0.6287878787878788,0.024308419952703
0,0,38,COMPAS,1.4,0.6300505050505051,0.0005499642523235
0,0,38,COMPAS,1.6,0.6262626262626263,0.0140790848594841
0,0,38,COMPAS,1.8,0.6218434343434344,0.0396524225925314
0,0,39,COMPAS,0.0,0.6818181818181818,0.295109662565222
0,0,39,COMPAS,0.2,0.678030303030303,0.2104494645197622
0,0,39,COMPAS,0.4,0.6672979797979798,0.1699682549174976
0,0,39,COMPAS,0.6,0.6660353535353535,0.0994812145857939
0,0,39,COMPAS,0.8,0.6603535353535354,0.1011108287111098
0,0,39,COMPAS,1.0,0.6571969696969697,0.0795670309626684
0,0,39,COMPAS,1.2,0.6470959595959596,0.0311570260289742
0,0,39,COMPAS,1.4,0.6407828282828283,0.0217281883375444
0,0,39,COMPAS,1.6,0.6414141414141414,0.003015035308306
0,0,39,COMPAS,1.8,0.6388888888888888,0.0208959389218632
0,0,40,COMPAS,0.0,0.6685606060606061,0.2646131202691337
0,0,40,COMPAS,0.2,0.672979797979798,0.2114434398654331
0,0,40,COMPAS,0.4,0.6622474747474747,0.1616116484440706
0,0,40,COMPAS,0.6,0.6723484848484849,0.1249737174095879
0,0,40,COMPAS,0.8,0.663510101010101,0.1288372582001682
0,0,40,COMPAS,1.0,0.6584595959595959,0.0744322960470983
0,0,40,COMPAS,1.2,0.6534090909090909,0.0438130782169891
0,0,40,COMPAS,1.4,0.6458333333333334,0.004284062237174
0,0,40,COMPAS,1.6,0.6470959595959596,0.0059924306139613
0,0,40,COMPAS,1.8,0.6388888888888888,0.0300147182506307
0,0,41,COMPAS,0.0,0.6666666666666666,0.2189657010366975
0,0,41,COMPAS,0.2,0.663510101010101,0.1446979186099192
0,0,41,COMPAS,0.4,0.6546717171717171,0.1101324520960477
0,0,41,COMPAS,0.6,0.6439393939393939,0.0838885483570077
0,0,41,COMPAS,0.8,0.6464646464646465,0.0500559656743863
0,0,41,COMPAS,1.0,0.6376262626262627,0.0033379527223302
0,0,41,COMPAS,1.2,0.6332070707070707,0.0317671827945526
0,0,41,COMPAS,1.4,0.6287878787878788,0.0509087759507501
0,0,41,COMPAS,1.6,0.6294191919191919,0.073608186978653
0,0,41,COMPAS,1.8,0.6224747474747475,0.080743810462916
0,0,42,COMPAS,0.0,0.6755050505050505,0.2664676676918129
0,0,42,COMPAS,0.2,0.6755050505050505,0.1993105389053046
0,0,42,COMPAS,0.4,0.6647727272727273,0.1488472130093067
0,0,42,COMPAS,0.6,0.6622474747474747,0.098253231220728
0,0,42,COMPAS,0.8,0.6477272727272727,0.0461014291744557
0,0,42,COMPAS,1.0,0.6496212121212122,0.0134877082956441
0,0,42,COMPAS,1.2,0.6470959595959596,0.0142716436511286
0,0,42,COMPAS,1.4,0.6452020202020202,0.0095378801583951
0,0,42,COMPAS,1.6,0.6357323232323232,0.0244829041789784
0,0,42,COMPAS,1.8,0.6275252525252525,0.0397495427043759
0,0,43,COMPAS,0.0,0.6736111111111112,0.2752700420742839
0,0,43,COMPAS,0.2,0.6691919191919192,0.2174734384160426
0,0,43,COMPAS,0.4,0.6647727272727273,0.1859569769986119
0,0,43,COMPAS,0.6,0.6502525252525253,0.1447762914166122
0,0,43,COMPAS,0.8,0.6483585858585859,0.117101467672619
0,0,43,COMPAS,1.0,0.6458333333333334,0.0730094888450533
0,0,43,COMPAS,1.2,0.63510101010101,0.0456553583329296
0,0,43,COMPAS,1.4,0.6224747474747475,0.0219875297100565
0,0,43,COMPAS,1.6,0.6174242424242424,0.0062902641209414
0,0,43,COMPAS,1.8,0.6161616161616161,0.0150859441158638
0,0,44,COMPAS,0.0,0.6672979797979798,0.2756165389775719
0,0,44,COMPAS,0.2,0.6647727272727273,0.2339531121011542
0,0,44,COMPAS,0.4,0.6578282828282829,0.2025781561485152
0,0,44,COMPAS,0.6,0.6647727272727273,0.1849178527056246
0,0,44,COMPAS,0.8,0.6559343434343434,0.1038243862734361
0,0,44,COMPAS,1.0,0.6540404040404041,0.0755695551257893
0,0,44,COMPAS,1.2,0.6515151515151515,0.0591020459482218
0,0,44,COMPAS,1.4,0.6527777777777778,0.0317753113093771
0,0,44,COMPAS,1.6,0.6477272727272727,0.0352726304174118
0,0,44,COMPAS,1.8,0.6401515151515151,0.010142887157692
0,0,45,COMPAS,0.0,0.6647727272727273,0.2822386098253073
0,0,45,COMPAS,0.2,0.6704545454545454,0.241579683092402
0,0,45,COMPAS,0.4,0.6685606060606061,0.2100345702160429
0,0,45,COMPAS,0.6,0.6717171717171717,0.2092159341073267
0,0,45,COMPAS,0.8,0.6590909090909091,0.1003122201109929
0,0,45,COMPAS,1.0,0.6452020202020202,0.0543815446943507
0,0,45,COMPAS,1.2,0.6439393939393939,0.0447788929160353
0,0,45,COMPAS,1.4,0.6338383838383839,0.0020792352699908
0,0,45,COMPAS,1.6,0.6287878787878788,0.0141662551164756
0,0,45,COMPAS,1.8,0.6237373737373737,0.0460779964341617
0,0,46,COMPAS,0.0,0.6736111111111112,0.2440520985051262
0,0,46,COMPAS,0.2,0.6691919191919192,0.1901384254130219
0,0,46,COMPAS,0.4,0.6584595959595959,0.1494991108526261
0,0,46,COMPAS,0.6,0.6515151515151515,0.0890722865920598
0,0,46,COMPAS,0.8,0.6420454545454546,0.0608424859923672
0,0,46,COMPAS,1.0,0.6306818181818182,0.0416114266750916
0,0,46,COMPAS,1.2,0.615530303030303,0.0041046596015346
0,0,46,COMPAS,1.4,0.6193181818181818,0.0238955214124453
0,0,46,COMPAS,1.6,0.6117424242424242,0.0463982408122834
0,0,46,COMPAS,1.8,0.6085858585858586,0.0545321375236952
0,0,47,COMPAS,0.0,0.672979797979798,0.2270892687559354
0,0,47,COMPAS,0.2,0.6717171717171717,0.1667853751187084
0,0,47,COMPAS,0.4,0.6654040404040404,0.1188271604938271
0,0,47,COMPAS,0.6,0.648989898989899,0.0708689458689458
0,0,47,COMPAS,0.8,0.6496212121212122,0.0201804368471035
0,0,47,COMPAS,1.0,0.639520202020202,0.0097340930674263
0,0,47,COMPAS,1.2,0.63510101010101,0.0233855650522317
0,0,47,COMPAS,1.4,0.6338383838383839,0.069681861348528
0,0,47,COMPAS,1.6,0.6313131313131313,0.0734805318138651
0,0,47,COMPAS,1.8,0.6287878787878788,0.0988841405508072
0,0,48,COMPAS,0.0,0.6622474747474747,0.2394293160302095
0,0,48,COMPAS,0.2,0.6616161616161617,0.2068396979044782
0,0,48,COMPAS,0.4,0.6597222222222222,0.1585336666312094
0,0,48,COMPAS,0.6,0.6565656565656566,0.1305978087437506
0,0,48,COMPAS,0.8,0.6534090909090909,0.0692080629720242
0,0,48,COMPAS,1.0,0.6508838383838383,0.0303292202957132
0,0,48,COMPAS,1.2,0.639520202020202,0.0085496223805978
0,0,48,COMPAS,1.4,0.6458333333333334,0.001715243059249
0,0,48,COMPAS,1.6,0.6369949494949495,0.0316322731624295
0,0,48,COMPAS,1.8,0.6287878787878788,0.0673598553345388
0,0,49,COMPAS,0.0,0.6792929292929293,0.2560500317230128
0,0,49,COMPAS,0.2,0.672979797979798,0.2227680594579896
0,0,49,COMPAS,0.4,0.6717171717171717,0.1626574820991571
0,0,49,COMPAS,0.6,0.6742424242424242,0.1353213088008701
0,0,49,COMPAS,0.8,0.663510101010101,0.1142391008791806
0,0,49,COMPAS,1.0,0.6464646464646465,0.0540016314692286
0,0,49,COMPAS,1.2,0.6458333333333334,0.0528958578809027
0,0,49,COMPAS,1.4,0.6357323232323232,0.0068521707604459
0,0,49,COMPAS,1.6,0.6332070707070707,0.0112027553702528
0,0,49,COMPAS,1.8,0.6199494949494949,0.0298921417565485
