,Unnamed: 0,seed,dataset,level,acc,disparity
0,0,0,COMPAS,0.0,0.6515151515151515,0.0119949027220057
0,0,0,COMPAS,0.03,0.6420454545454546,0.0513802658289744
0,0,0,COMPAS,0.06,0.6429924242424242,0.0750663090669314
0,0,0,COMPAS,0.09,0.646780303030303,0.182509223998696
0,0,0,COMPAS,0.12,0.646780303030303,0.182509223998696
0,0,0,COMPAS,0.15,0.646780303030303,0.182509223998696
0,0,0,COMPAS,0.18,0.6458333333333334,0.194029961325885
0,0,0,COMPAS,0.21,0.6505681818181818,0.2550120763998993
0,0,0,COMPAS,0.24,0.6524621212121212,0.2589239409071377
0,0,0,COMPAS,0.2699999999999999,0.6524621212121212,0.2805725547142412
0,0,1,COMPAS,0.0,0.6647727272727273,0.0173047988377208
0,0,1,COMPAS,0.03,0.665719696969697,0.0065359718746187
0,0,1,COMPAS,0.06,0.6714015151515151,0.0475780305578865
0,0,1,COMPAS,0.09,0.6742424242424242,0.0563283956185328
0,0,1,COMPAS,0.12,0.6761363636363636,0.1330595224452224
0,0,1,COMPAS,0.15,0.6761363636363636,0.1330595224452224
0,0,1,COMPAS,0.18,0.6761363636363636,0.1362905402158201
0,0,1,COMPAS,0.21,0.6732954545454546,0.1587708823931712
0,0,1,COMPAS,0.24,0.6704545454545454,0.1961937575553691
0,0,1,COMPAS,0.2699999999999999,0.6723484848484849,0.2053470756331723
0,0,2,COMPAS,0.0,0.6723484848484849,0.0105067163186594
0,0,2,COMPAS,0.03,0.6704545454545454,0.0306778383650308
0,0,2,COMPAS,0.06,0.6761363636363636,0.0748326461852196
0,0,2,COMPAS,0.09,0.6761363636363636,0.1223123642328323
0,0,2,COMPAS,0.12,0.6761363636363636,0.1223123642328323
0,0,2,COMPAS,0.15,0.678030303030303,0.1438134503701733
0,0,2,COMPAS,0.18,0.6837121212121212,0.1853969942811544
0,0,2,COMPAS,0.21,0.6875,0.2113756261914261
0,0,2,COMPAS,0.24,0.6856060606060606,0.2432504322383295
0,0,2,COMPAS,0.2699999999999999,0.678030303030303,0.2647515183756705
0,0,3,COMPAS,0.0,0.6761363636363636,0.0151515719193864
0,0,3,COMPAS,0.03,0.6856060606060606,0.0244133636564594
0,0,3,COMPAS,0.06,0.6837121212121212,0.113906550319779
0,0,3,COMPAS,0.09,0.6837121212121212,0.113906550319779
0,0,3,COMPAS,0.12,0.6827651515151515,0.1154764090324949
0,0,3,COMPAS,0.15,0.6837121212121212,0.1392790639295923
0,0,3,COMPAS,0.18,0.6846590909090909,0.2001963260060771
0,0,3,COMPAS,0.21,0.6846590909090909,0.2001963260060771
0,0,3,COMPAS,0.24,0.6837121212121212,0.2469211661165292
0,0,3,COMPAS,0.2699999999999999,0.6846590909090909,0.2524475183868296
0,0,4,COMPAS,0.0,0.6751893939393939,0.0620176697123008
0,0,4,COMPAS,0.03,0.6732954545454546,0.0540436456996148
0,0,4,COMPAS,0.06,0.6704545454545454,0.0006493996828513
0,0,4,COMPAS,0.09,0.6704545454545454,0.0006493996828513
0,0,4,COMPAS,0.12,0.6751893939393939,0.011953484859926
0,0,4,COMPAS,0.15,0.6761363636363636,0.0307634221853054
0,0,4,COMPAS,0.18,0.6742424242424242,0.0777165294872763
0,0,4,COMPAS,0.21,0.6761363636363636,0.0976515895189911
0,0,4,COMPAS,0.24,0.6770833333333334,0.1279996979536359
0,0,4,COMPAS,0.2699999999999999,0.6827651515151515,0.2001887789775731
0,0,5,COMPAS,0.0,0.6553030303030303,0.0216233109113637
0,0,5,COMPAS,0.03,0.665719696969697,0.0733079349961307
0,0,5,COMPAS,0.06,0.665719696969697,0.0733079349961307
0,0,5,COMPAS,0.09,0.665719696969697,0.0733079349961307
0,0,5,COMPAS,0.12,0.6723484848484849,0.0935918804690755
0,0,5,COMPAS,0.15,0.6704545454545454,0.1746086076552175
0,0,5,COMPAS,0.18,0.6704545454545454,0.1746086076552175
0,0,5,COMPAS,0.21,0.6723484848484849,0.1832103101375082
0,0,5,COMPAS,0.24,0.6723484848484849,0.2202660872670992
0,0,5,COMPAS,0.2699999999999999,0.6742424242424242,0.2359813084112149
0,0,6,COMPAS,0.0,0.6638257575757576,0.0280947123052386
0,0,6,COMPAS,0.03,0.6695075757575758,0.0038032143295301
0,0,6,COMPAS,0.06,0.6742424242424242,0.0338608759661391
0,0,6,COMPAS,0.09,0.6789772727272727,0.0982701509017298
0,0,6,COMPAS,0.12,0.6789772727272727,0.0982701509017298
0,0,6,COMPAS,0.15,0.6808712121212122,0.113237639553429
0,0,6,COMPAS,0.18,0.6912878787878788,0.1720034351613298
0,0,6,COMPAS,0.21,0.6931818181818182,0.2051282051282051
0,0,6,COMPAS,0.24,0.6893939393939394,0.2176420071156913
0,0,6,COMPAS,0.2699999999999999,0.6875,0.2546926757453073
0,0,7,COMPAS,0.0,0.6818181818181818,0.0186734506543576
0,0,7,COMPAS,0.03,0.6856060606060606,0.0082052281165816
0,0,7,COMPAS,0.06,0.6856060606060606,0.0255373675080459
0,0,7,COMPAS,0.09,0.6875,0.0858289341071475
0,0,7,COMPAS,0.12,0.6875,0.0858289341071475
0,0,7,COMPAS,0.15,0.6875,0.0858289341071475
0,0,7,COMPAS,0.18,0.6912878787878788,0.111074060613781
0,0,7,COMPAS,0.21,0.7007575757575758,0.1671543594489383
0,0,7,COMPAS,0.24,0.6998106060606061,0.1830440272308666
0,0,7,COMPAS,0.2699999999999999,0.696969696969697,0.2146322821399534
0,0,8,COMPAS,0.0,0.6846590909090909,0.0459281774953082
0,0,8,COMPAS,0.03,0.6865530303030303,0.1361265586680943
0,0,8,COMPAS,0.06,0.6865530303030303,0.1361265586680943
0,0,8,COMPAS,0.09,0.6865530303030303,0.1361265586680943
0,0,8,COMPAS,0.12,0.6865530303030303,0.1431959748080089
0,0,8,COMPAS,0.15,0.6865530303030303,0.2110577642683614
0,0,8,COMPAS,0.18,0.6865530303030303,0.2110577642683614
0,0,8,COMPAS,0.21,0.6884469696969697,0.2212358813167075
0,0,8,COMPAS,0.24,0.6903409090909091,0.2566750716728265
0,0,8,COMPAS,0.2699999999999999,0.6912878787878788,0.2662890170748276
0,0,9,COMPAS,0.0,0.6486742424242424,0.0163925197869873
0,0,9,COMPAS,0.03,0.6685606060606061,0.0955066932369597
0,0,9,COMPAS,0.06,0.6685606060606061,0.0955066932369597
0,0,9,COMPAS,0.09,0.6714015151515151,0.1097938550567996
0,0,9,COMPAS,0.12,0.6827651515151515,0.2074059062609067
0,0,9,COMPAS,0.15,0.6827651515151515,0.2074059062609067
0,0,9,COMPAS,0.18,0.6827651515151515,0.2153319597842852
0,0,9,COMPAS,0.21,0.6808712121212122,0.2605915267785771
0,0,9,COMPAS,0.24,0.6789772727272727,0.2733137433714999
0,0,9,COMPAS,0.2699999999999999,0.6789772727272727,0.2993886580876144
0,0,10,COMPAS,0.0,0.665719696969697,0.013950776662641
0,0,10,COMPAS,0.03,0.6666666666666666,0.0192395785616124
0,0,10,COMPAS,0.06,0.678030303030303,0.1234331403822929
0,0,10,COMPAS,0.09,0.678030303030303,0.1234331403822929
0,0,10,COMPAS,0.12,0.678030303030303,0.1234331403822929
0,0,10,COMPAS,0.15,0.678030303030303,0.1295964685795194
0,0,10,COMPAS,0.18,0.6742424242424242,0.1425061425061424
0,0,10,COMPAS,0.21,0.6742424242424242,0.2197143214092366
0,0,10,COMPAS,0.24,0.6732954545454546,0.2221713238662391
0,0,10,COMPAS,0.2699999999999999,0.6723484848484849,0.2646066713863324
0,0,11,COMPAS,0.0,0.6410984848484849,0.0192522038707062
0,0,11,COMPAS,0.03,0.6429924242424242,0.0588824714875986
0,0,11,COMPAS,0.06,0.6392045454545454,0.0816248409722926
0,0,11,COMPAS,0.09,0.6553030303030303,0.1903941635424054
0,0,11,COMPAS,0.12,0.6553030303030303,0.1903941635424054
0,0,11,COMPAS,0.15,0.6553030303030303,0.1903941635424054
0,0,11,COMPAS,0.18,0.6619318181818182,0.2647572083178527
0,0,11,COMPAS,0.21,0.6619318181818182,0.2647572083178527
0,0,11,COMPAS,0.24,0.6619318181818182,0.2647572083178527
0,0,11,COMPAS,0.2699999999999999,0.6619318181818182,0.3196091014512334
0,0,12,COMPAS,0.0,0.6543560606060606,0.0141972736472408
0,0,12,COMPAS,0.03,0.6590909090909091,0.0154324662182273
0,0,12,COMPAS,0.06,0.6543560606060606,0.0256265253884159
0,0,12,COMPAS,0.09,0.6808712121212122,0.1511399488064765
0,0,12,COMPAS,0.12,0.6808712121212122,0.1511399488064765
0,0,12,COMPAS,0.15,0.6818181818181818,0.1628221917971308
0,0,12,COMPAS,0.18,0.6827651515151515,0.196589082683493
0,0,12,COMPAS,0.21,0.6818181818181818,0.2588100482171558
0,0,12,COMPAS,0.24,0.6808712121212122,0.2611464968152867
0,0,12,COMPAS,0.2699999999999999,0.6789772727272727,0.2940651229239836
0,0,13,COMPAS,0.0,0.6638257575757576,0.0420722653027553
0,0,13,COMPAS,0.03,0.6695075757575758,0.0143540669856458
0,0,13,COMPAS,0.06,0.6732954545454546,0.0711103778254413
0,0,13,COMPAS,0.09,0.6732954545454546,0.0711103778254413
0,0,13,COMPAS,0.12,0.6751893939393939,0.0869493482923609
0,0,13,COMPAS,0.15,0.6732954545454546,0.1202771819831711
0,0,13,COMPAS,0.18,0.678030303030303,0.1748061376010559
0,0,13,COMPAS,0.21,0.6742424242424242,0.1993895396799208
0,0,13,COMPAS,0.24,0.6761363636363636,0.2254578452400593
0,0,13,COMPAS,0.2699999999999999,0.6723484848484849,0.2469064510806797
0,0,14,COMPAS,0.0,0.6751893939393939,0.0030884240730952
0,0,14,COMPAS,0.03,0.6761363636363636,0.013501472476025
0,0,14,COMPAS,0.06,0.6799242424242424,0.0994336630672808
0,0,14,COMPAS,0.09,0.6799242424242424,0.0994336630672808
0,0,14,COMPAS,0.12,0.6827651515151515,0.1049686626897228
0,0,14,COMPAS,0.15,0.6912878787878788,0.201359208638526
0,0,14,COMPAS,0.18,0.6912878787878788,0.201359208638526
0,0,14,COMPAS,0.21,0.6950757575757576,0.2447481688439174
0,0,14,COMPAS,0.24,0.6941287878787878,0.2511742052405044
0,0,14,COMPAS,0.2699999999999999,0.6979166666666666,0.2640262780336782
0,0,15,COMPAS,0.0,0.6893939393939394,0.0261469691585464
0,0,15,COMPAS,0.03,0.6922348484848485,0.0656741541511586
0,0,15,COMPAS,0.06,0.6941287878787878,0.0775244543363196
0,0,15,COMPAS,0.09,0.7017045454545454,0.1494267492097929
0,0,15,COMPAS,0.12,0.7017045454545454,0.1494267492097929
0,0,15,COMPAS,0.15,0.7017045454545454,0.1494267492097929
0,0,15,COMPAS,0.18,0.7054924242424242,0.1801746871902295
0,0,15,COMPAS,0.21,0.7073863636363636,0.1880748873136701
0,0,15,COMPAS,0.24,0.7064393939393939,0.223651972244562
0,0,15,COMPAS,0.2699999999999999,0.7111742424242424,0.2347279630426244
0,0,16,COMPAS,0.0,0.6704545454545454,0.0640092131659113
0,0,16,COMPAS,0.03,0.6856060606060606,0.1113678579389256
0,0,16,COMPAS,0.06,0.6856060606060606,0.1113678579389256
0,0,16,COMPAS,0.09,0.6865530303030303,0.1136934393342744
0,0,16,COMPAS,0.12,0.6856060606060606,0.1420239245114793
0,0,16,COMPAS,0.15,0.6846590909090909,0.1821234861431012
0,0,16,COMPAS,0.18,0.6846590909090909,0.1821234861431012
0,0,16,COMPAS,0.21,0.6808712121212122,0.252009807563712
0,0,16,COMPAS,0.24,0.6837121212121212,0.2825247046585928
0,0,16,COMPAS,0.2699999999999999,0.6827651515151515,0.292696337023553
0,0,17,COMPAS,0.0,0.6714015151515151,0.0220575022461815
0,0,17,COMPAS,0.03,0.6761363636363636,0.0640610961365678
0,0,17,COMPAS,0.06,0.6808712121212122,0.1321203953279425
0,0,17,COMPAS,0.09,0.6808712121212122,0.1321203953279425
0,0,17,COMPAS,0.12,0.6818181818181818,0.1399820305480683
0,0,17,COMPAS,0.15,0.6827651515151515,0.1621293800539083
0,0,17,COMPAS,0.18,0.6846590909090909,0.1906109613656783
0,0,17,COMPAS,0.21,0.6856060606060606,0.2000898472596585
0,0,17,COMPAS,0.24,0.6875,0.2379155435759209
0,0,17,COMPAS,0.2699999999999999,0.6893939393939394,0.2497753818508535
0,0,18,COMPAS,0.0,0.6638257575757576,0.005670731707317
0,0,18,COMPAS,0.03,0.6647727272727273,0.0469512195121951
0,0,18,COMPAS,0.06,0.6676136363636364,0.1338414634146341
0,0,18,COMPAS,0.09,0.6676136363636364,0.1338414634146341
0,0,18,COMPAS,0.12,0.6676136363636364,0.1338414634146341
0,0,18,COMPAS,0.15,0.6676136363636364,0.136890243902439
0,0,18,COMPAS,0.18,0.6600378787878788,0.1772560975609756
0,0,18,COMPAS,0.21,0.6534090909090909,0.2158536585365853
0,0,18,COMPAS,0.24,0.6553030303030303,0.2208536585365853
0,0,18,COMPAS,0.2699999999999999,0.6600378787878788,0.2466463414634146
0,0,19,COMPAS,0.0,0.6600378787878788,0.0164299913237345
0,0,19,COMPAS,0.03,0.6581439393939394,0.0004173393518061
0,0,19,COMPAS,0.06,0.6534090909090909,0.0117404149231766
0,0,19,COMPAS,0.09,0.6666666666666666,0.0929239014639825
0,0,19,COMPAS,0.12,0.6666666666666666,0.0929239014639825
0,0,19,COMPAS,0.15,0.6666666666666666,0.0929239014639825
0,0,19,COMPAS,0.18,0.6685606060606061,0.1061689345765652
0,0,19,COMPAS,0.21,0.6676136363636364,0.1586328841443994
0,0,19,COMPAS,0.24,0.6676136363636364,0.1586328841443994
0,0,19,COMPAS,0.2699999999999999,0.6676136363636364,0.1945240683997232
0,0,20,COMPAS,0.0,0.6695075757575758,0.0102747909199522
0,0,20,COMPAS,0.03,0.6704545454545454,0.0192979461796665
0,0,20,COMPAS,0.06,0.6704545454545454,0.0556181373385674
0,0,20,COMPAS,0.09,0.6856060606060606,0.1434602036752574
0,0,20,COMPAS,0.12,0.6856060606060606,0.1434602036752574
0,0,20,COMPAS,0.15,0.6903409090909091,0.1859816806053365
0,0,20,COMPAS,0.18,0.6922348484848485,0.1989304204357967
0,0,20,COMPAS,0.21,0.6912878787878788,0.2204926893098936
0,0,20,COMPAS,0.24,0.6903409090909091,0.227900096717301
0,0,20,COMPAS,0.2699999999999999,0.6865530303030303,0.2725038402457757
0,0,21,COMPAS,0.0,0.678030303030303,0.0223723089911355
0,0,21,COMPAS,0.03,0.6818181818181818,0.0471265754085509
0,0,21,COMPAS,0.06,0.6808712121212122,0.0623680878007598
0,0,21,COMPAS,0.09,0.6884469696969697,0.1088614846529578
0,0,21,COMPAS,0.12,0.6875,0.1528372429596575
0,0,21,COMPAS,0.15,0.6856060606060606,0.170988361575107
0,0,21,COMPAS,0.18,0.6856060606060606,0.1895314478682988
0,0,21,COMPAS,0.21,0.6846590909090909,0.2038985708255442
0,0,21,COMPAS,0.24,0.6865530303030303,0.2393264186214798
0,0,21,COMPAS,0.2699999999999999,0.6865530303030303,0.2649550744738587
0,0,22,COMPAS,0.0,0.6808712121212122,0.1304244300255967
0,0,22,COMPAS,0.03,0.6808712121212122,0.1304244300255967
0,0,22,COMPAS,0.06,0.6799242424242424,0.1288320733376987
0,0,22,COMPAS,0.09,0.6770833333333334,0.1461396511697125
0,0,22,COMPAS,0.12,0.6742424242424242,0.1806506339663075
0,0,22,COMPAS,0.15,0.6742424242424242,0.1806506339663075
0,0,22,COMPAS,0.18,0.6789772727272727,0.2028394547294482
0,0,22,COMPAS,0.21,0.6799242424242424,0.2233317459372582
0,0,22,COMPAS,0.24,0.6846590909090909,0.2428715994999702
0,0,22,COMPAS,0.2699999999999999,0.6827651515151515,0.2593309125543187
0,0,23,COMPAS,0.0,0.6827651515151515,0.0185080615201723
0,0,23,COMPAS,0.03,0.6884469696969697,0.0587487926294672
0,0,23,COMPAS,0.06,0.6856060606060606,0.1451965227728657
0,0,23,COMPAS,0.09,0.6856060606060606,0.1451965227728657
0,0,23,COMPAS,0.12,0.6893939393939394,0.1562374619213909
0,0,23,COMPAS,0.15,0.6903409090909091,0.1767218961289843
0,0,23,COMPAS,0.18,0.6903409090909091,0.2245263392525447
0,0,23,COMPAS,0.21,0.6903409090909091,0.2245263392525447
0,0,23,COMPAS,0.24,0.6837121212121212,0.2692770636748643
0,0,23,COMPAS,0.2699999999999999,0.678030303030303,0.3035738167768779
0,0,24,COMPAS,0.0,0.6666666666666666,0.0597815588082324
0,0,24,COMPAS,0.03,0.6714015151515151,0.0881120439854372
0,0,24,COMPAS,0.06,0.6676136363636364,0.1270599598781484
0,0,24,COMPAS,0.09,0.6647727272727273,0.1551081061000074
0,0,24,COMPAS,0.12,0.6609848484848485,0.2154097629838769
0,0,24,COMPAS,0.15,0.6609848484848485,0.2154097629838769
0,0,24,COMPAS,0.18,0.6600378787878788,0.227320008915967
0,0,24,COMPAS,0.21,0.6553030303030303,0.2828293335314659
0,0,24,COMPAS,0.24,0.6553030303030303,0.2828293335314659
0,0,24,COMPAS,0.2699999999999999,0.6534090909090909,0.3166802882829334
0,0,25,COMPAS,0.0,0.6770833333333334,0.0352564102564102
0,0,25,COMPAS,0.03,0.6770833333333334,0.0249287749287749
0,0,25,COMPAS,0.06,0.6742424242424242,0.1230413105413105
0,0,25,COMPAS,0.09,0.6742424242424242,0.1230413105413105
0,0,25,COMPAS,0.12,0.6742424242424242,0.1230413105413105
0,0,25,COMPAS,0.15,0.6732954545454546,0.1324786324786324
0,0,25,COMPAS,0.18,0.6638257575757576,0.2193732193732193
0,0,25,COMPAS,0.21,0.6638257575757576,0.2193732193732193
0,0,25,COMPAS,0.24,0.6647727272727273,0.2359330484330484
0,0,25,COMPAS,0.2699999999999999,0.6638257575757576,0.2674501424501424
0,0,26,COMPAS,0.0,0.678030303030303,0.0980415500922674
0,0,26,COMPAS,0.03,0.6865530303030303,0.1570778022501339
0,0,26,COMPAS,0.06,0.6865530303030303,0.1570778022501339
0,0,26,COMPAS,0.09,0.6865530303030303,0.1570778022501339
0,0,26,COMPAS,0.12,0.6827651515151515,0.1799065420560747
0,0,26,COMPAS,0.15,0.6789772727272727,0.1985981308411215
0,0,26,COMPAS,0.18,0.6808712121212122,0.2388386213465088
0,0,26,COMPAS,0.21,0.6799242424242424,0.2451038752306685
0,0,26,COMPAS,0.24,0.6770833333333334,0.2798232037621287
0,0,26,COMPAS,0.2699999999999999,0.6846590909090909,0.3119977379605929
0,0,27,COMPAS,0.0,0.6998106060606061,0.0318508535489667
0,0,27,COMPAS,0.03,0.7007575757575758,0.0508535489667565
0,0,27,COMPAS,0.06,0.7054924242424242,0.1323000898472596
0,0,27,COMPAS,0.09,0.7054924242424242,0.1323000898472596
0,0,27,COMPAS,0.12,0.7054924242424242,0.1323000898472596
0,0,27,COMPAS,0.15,0.7083333333333334,0.1442048517520215
0,0,27,COMPAS,0.18,0.7026515151515151,0.2049415992812219
0,0,27,COMPAS,0.21,0.7054924242424242,0.2239442946990116
0,0,27,COMPAS,0.24,0.7064393939393939,0.2255166217430368
0,0,27,COMPAS,0.2699999999999999,0.709280303030303,0.2665318957771788
0,0,28,COMPAS,0.0,0.6685606060606061,0.0138174759583327
0,0,28,COMPAS,0.03,0.6704545454545454,0.0379850934254004
0,0,28,COMPAS,0.06,0.6714015151515151,0.1178301006119696
0,0,28,COMPAS,0.09,0.6714015151515151,0.1178301006119696
0,0,28,COMPAS,0.12,0.6751893939393939,0.1270466904737208
0,0,28,COMPAS,0.15,0.6761363636363636,0.1463911568153866
0,0,28,COMPAS,0.18,0.6922348484848485,0.2177160045638419
0,0,28,COMPAS,0.21,0.6922348484848485,0.2177160045638419
0,0,28,COMPAS,0.24,0.6931818181818182,0.25061863766355
0,0,28,COMPAS,0.2699999999999999,0.6931818181818182,0.2637470920325396
0,0,29,COMPAS,0.0,0.6799242424242424,0.0913830996589617
0,0,29,COMPAS,0.03,0.6827651515151515,0.0790678287230011
0,0,29,COMPAS,0.06,0.6837121212121212,0.0627510420613868
0,0,29,COMPAS,0.09,0.6865530303030303,0.00834406972338
0,0,29,COMPAS,0.12,0.6856060606060606,0.0656006062902614
0,0,29,COMPAS,0.15,0.6856060606060606,0.0656006062902614
0,0,29,COMPAS,0.18,0.6856060606060606,0.0656006062902614
0,0,29,COMPAS,0.21,0.6846590909090909,0.0880712391057219
0,0,29,COMPAS,0.24,0.6865530303030303,0.148397120121258
0,0,29,COMPAS,0.2699999999999999,0.6846590909090909,0.1782569154982948
0,0,30,COMPAS,0.0,0.6761363636363636,0.0632695819748356
0,0,30,COMPAS,0.03,0.678030303030303,0.0900922097856654
0,0,30,COMPAS,0.06,0.6856060606060606,0.2052480028682509
0,0,30,COMPAS,0.09,0.6856060606060606,0.2052480028682509
0,0,30,COMPAS,0.12,0.6856060606060606,0.2052480028682509
0,0,30,COMPAS,0.15,0.6875,0.2131356929178851
0,0,30,COMPAS,0.18,0.6912878787878788,0.2849091907274825
0,0,30,COMPAS,0.21,0.6912878787878788,0.2849091907274825
0,0,30,COMPAS,0.24,0.6912878787878788,0.3014688581896407
0,0,30,COMPAS,0.2699999999999999,0.6912878787878788,0.3014688581896407
0,0,31,COMPAS,0.0,0.6723484848484849,0.0489898989898989
0,0,31,COMPAS,0.03,0.6732954545454546,0.0545454545454545
0,0,31,COMPAS,0.06,0.6732954545454546,0.0707070707070707
0,0,31,COMPAS,0.09,0.6742424242424242,0.0984848484848484
0,0,31,COMPAS,0.12,0.6818181818181818,0.154040404040404
0,0,31,COMPAS,0.15,0.6818181818181818,0.154040404040404
0,0,31,COMPAS,0.18,0.6827651515151515,0.1555555555555555
0,0,31,COMPAS,0.21,0.6818181818181818,0.2176767676767677
0,0,31,COMPAS,0.24,0.6818181818181818,0.2176767676767677
0,0,31,COMPAS,0.2699999999999999,0.6856060606060606,0.2469696969696969
0,0,32,COMPAS,0.0,0.6732954545454546,0.0274256939787113
0,0,32,COMPAS,0.03,0.6751893939393939,0.0544317598528303
0,0,32,COMPAS,0.06,0.6818181818181818,0.1145322457971622
0,0,32,COMPAS,0.09,0.6818181818181818,0.1145322457971622
0,0,32,COMPAS,0.12,0.6818181818181818,0.1145322457971622
0,0,32,COMPAS,0.15,0.6742424242424242,0.1715567078676523
0,0,32,COMPAS,0.18,0.6742424242424242,0.1715567078676523
0,0,32,COMPAS,0.21,0.6723484848484849,0.1912117885523954
0,0,32,COMPAS,0.24,0.6723484848484849,0.2126278086046241
0,0,32,COMPAS,0.2699999999999999,0.6742424242424242,0.2528821332094431
0,0,33,COMPAS,0.0,0.6666666666666666,0.0382657591003255
0,0,33,COMPAS,0.03,0.6628787878787878,0.0754661142349807
0,0,33,COMPAS,0.06,0.6628787878787878,0.0929564960047351
0,0,33,COMPAS,0.09,0.6628787878787878,0.1508730393607575
0,0,33,COMPAS,0.12,0.6628787878787878,0.1508730393607575
0,0,33,COMPAS,0.15,0.6619318181818182,0.1623409292690145
0,0,33,COMPAS,0.18,0.6628787878787878,0.1960639242379402
0,0,33,COMPAS,0.21,0.6676136363636364,0.2301124593074874
0,0,33,COMPAS,0.24,0.6676136363636364,0.237925421722403
0,0,33,COMPAS,0.2699999999999999,0.6647727272727273,0.2617934300088784
0,0,34,COMPAS,0.0,0.6884469696969697,0.0637098637098637
0,0,34,COMPAS,0.03,0.6884469696969697,0.0688380688380688
0,0,34,COMPAS,0.06,0.6912878787878788,0.0989835989835989
0,0,34,COMPAS,0.09,0.6922348484848485,0.1361977361977362
0,0,34,COMPAS,0.12,0.6979166666666666,0.1503349503349503
0,0,34,COMPAS,0.15,0.6998106060606061,0.1777315777315777
0,0,34,COMPAS,0.18,0.7054924242424242,0.2104412104412104
0,0,34,COMPAS,0.21,0.7054924242424242,0.2104412104412104
0,0,34,COMPAS,0.24,0.7064393939393939,0.2250173250173249
0,0,34,COMPAS,0.2699999999999999,0.7064393939393939,0.2250173250173249
0,0,35,COMPAS,0.0,0.6666666666666666,0.0087289759420907
0,0,35,COMPAS,0.03,0.6666666666666666,0.0165637641047476
0,0,35,COMPAS,0.06,0.6666666666666666,0.0451777730466255
0,0,35,COMPAS,0.09,0.6723484848484849,0.1053864168618267
0,0,35,COMPAS,0.12,0.6723484848484849,0.1053864168618267
0,0,35,COMPAS,0.15,0.6704545454545454,0.1165424739195231
0,0,35,COMPAS,0.18,0.6761363636363636,0.1827123695976155
0,0,35,COMPAS,0.21,0.6751893939393939,0.1853097721950181
0,0,35,COMPAS,0.24,0.678030303030303,0.2246966148605492
0,0,35,COMPAS,0.2699999999999999,0.678030303030303,0.2481158186076218
0,0,36,COMPAS,0.0,0.6581439393939394,0.0131872318017321
0,0,36,COMPAS,0.03,0.6628787878787878,0.0254557269783649
0,0,36,COMPAS,0.06,0.6714015151515151,0.0743840543175019
0,0,36,COMPAS,0.09,0.6714015151515151,0.0743840543175019
0,0,36,COMPAS,0.12,0.678030303030303,0.0885796555858066
0,0,36,COMPAS,0.15,0.6837121212121212,0.1098674554356716
0,0,36,COMPAS,0.18,0.6818181818181818,0.1366676750361332
0,0,36,COMPAS,0.21,0.6742424242424242,0.1658655731460007
0,0,36,COMPAS,0.24,0.6704545454545454,0.2084411728457307
0,0,36,COMPAS,0.2699999999999999,0.6685606060606061,0.2250008403078887
0,0,37,COMPAS,0.0,0.6695075757575758,0.0649671052631579
0,0,37,COMPAS,0.03,0.6723484848484849,0.0511043233082706
0,0,37,COMPAS,0.06,0.6714015151515151,0.009515977443609
0,0,37,COMPAS,0.09,0.6666666666666666,0.0619125939849624
0,0,37,COMPAS,0.12,0.6666666666666666,0.0619125939849624
0,0,37,COMPAS,0.15,0.6666666666666666,0.0619125939849624
0,0,37,COMPAS,0.18,0.6638257575757576,0.0885808270676691
0,0,37,COMPAS,0.21,0.6685606060606061,0.1504934210526315
0,0,37,COMPAS,0.24,0.6695075757575758,0.1521381578947368
0,0,37,COMPAS,0.2699999999999999,0.6751893939393939,0.1870300751879699
0,0,38,COMPAS,0.0,0.6420454545454546,0.0109141531322505
0,0,38,COMPAS,0.03,0.6420454545454546,0.1191721577726218
0,0,38,COMPAS,0.06,0.6420454545454546,0.1191721577726218
0,0,38,COMPAS,0.09,0.6420454545454546,0.1191721577726218
0,0,38,COMPAS,0.12,0.6401515151515151,0.1238125290023202
0,0,38,COMPAS,0.15,0.6543560606060606,0.1920556844547564
0,0,38,COMPAS,0.18,0.6543560606060606,0.1920556844547564
0,0,38,COMPAS,0.21,0.6543560606060606,0.1998960556844547
0,0,38,COMPAS,0.24,0.6600378787878788,0.2319777262180974
0,0,38,COMPAS,0.2699999999999999,0.6581439393939394,0.2611786542923434
0,0,39,COMPAS,0.0,0.6761363636363636,0.0455974842767295
0,0,39,COMPAS,0.03,0.6789772727272727,0.1414195867026055
0,0,39,COMPAS,0.06,0.6789772727272727,0.1414195867026055
0,0,39,COMPAS,0.09,0.6789772727272727,0.1414195867026055
0,0,39,COMPAS,0.12,0.6789772727272727,0.1414195867026055
0,0,39,COMPAS,0.15,0.6856060606060606,0.1785714285714285
0,0,39,COMPAS,0.18,0.6875,0.2236747529200359
0,0,39,COMPAS,0.21,0.6893939393939394,0.2299640610961366
0,0,39,COMPAS,0.24,0.6846590909090909,0.2615453728661275
0,0,39,COMPAS,0.2699999999999999,0.6837121212121212,0.2678796046720575
0,0,40,COMPAS,0.0,0.6609848484848485,0.0144663728683655
0,0,40,COMPAS,0.03,0.6647727272727273,0.0029993956991466
0,0,40,COMPAS,0.06,0.665719696969697,0.055846242280425
0,0,40,COMPAS,0.09,0.6695075757575758,0.0914999926304773
0,0,40,COMPAS,0.12,0.6770833333333334,0.1465208483794419
0,0,40,COMPAS,0.15,0.678030303030303,0.1481495128745559
0,0,40,COMPAS,0.18,0.6770833333333334,0.1653426091057821
0,0,40,COMPAS,0.21,0.6723484848484849,0.2318525505917726
0,0,40,COMPAS,0.24,0.6704545454545454,0.2383672085722287
0,0,40,COMPAS,0.2699999999999999,0.6647727272727273,0.2610800772325969
0,0,41,COMPAS,0.0,0.6183712121212122,0.0441538117594455
0,0,41,COMPAS,0.03,0.6297348484848485,0.0634697071316789
0,0,41,COMPAS,0.06,0.6297348484848485,0.0634697071316789
0,0,41,COMPAS,0.09,0.6297348484848485,0.0634697071316789
0,0,41,COMPAS,0.12,0.6316287878787878,0.0713391459870332
0,0,41,COMPAS,0.15,0.6429924242424242,0.1539682539682539
0,0,41,COMPAS,0.18,0.6429924242424242,0.1539682539682539
0,0,41,COMPAS,0.21,0.6458333333333334,0.1728146657724122
0,0,41,COMPAS,0.24,0.6524621212121212,0.2184439973172367
0,0,41,COMPAS,0.2699999999999999,0.65625,0.2641403979432148
0,0,42,COMPAS,0.0,0.6619318181818182,0.0363045500246649
0,0,42,COMPAS,0.03,0.6628787878787878,0.0081262544293358
0,0,42,COMPAS,0.06,0.6647727272727273,0.0231662267142142
0,0,42,COMPAS,0.09,0.6647727272727273,0.0885227011699848
0,0,42,COMPAS,0.12,0.6647727272727273,0.0885227011699848
0,0,42,COMPAS,0.15,0.6619318181818182,0.1037396586069385
0,0,42,COMPAS,0.18,0.6609848484848485,0.1326183635275024
0,0,42,COMPAS,0.21,0.6685606060606061,0.1684070206620751
0,0,42,COMPAS,0.24,0.6704545454545454,0.1891557055117695
0,0,42,COMPAS,0.2699999999999999,0.6704545454545454,0.244826949943327
0,0,43,COMPAS,0.0,0.6571969696969697,0.0449431513780582
0,0,43,COMPAS,0.03,0.665719696969697,0.0856152151913804
0,0,43,COMPAS,0.06,0.6704545454545454,0.1760819096374784
0,0,43,COMPAS,0.09,0.6704545454545454,0.1760819096374784
0,0,43,COMPAS,0.12,0.6704545454545454,0.1760819096374784
0,0,43,COMPAS,0.15,0.6704545454545454,0.1760819096374784
0,0,43,COMPAS,0.18,0.6714015151515151,0.2014554437764153
0,0,43,COMPAS,0.21,0.6732954545454546,0.2444639561878683
0,0,43,COMPAS,0.24,0.6732954545454546,0.2444639561878683
0,0,43,COMPAS,0.2699999999999999,0.6732954545454546,0.2945859872611465
0,0,44,COMPAS,0.0,0.6458333333333334,0.0497690164026408
0,0,44,COMPAS,0.03,0.65625,0.1311986832999794
0,0,44,COMPAS,0.06,0.65625,0.1311986832999794
0,0,44,COMPAS,0.09,0.65625,0.1311986832999794
0,0,44,COMPAS,0.12,0.6619318181818182,0.1494005648343838
0,0,44,COMPAS,0.15,0.6609848484848485,0.191276862363701
0,0,44,COMPAS,0.18,0.6609848484848485,0.1991770624871416
0,0,44,COMPAS,0.21,0.6638257575757576,0.239400003740625
0,0,44,COMPAS,0.24,0.6647727272727273,0.2409748068902313
0,0,44,COMPAS,0.2699999999999999,0.6647727272727273,0.2409748068902313
0,0,45,COMPAS,0.0,0.6553030303030303,0.0020242914979757
0,0,45,COMPAS,0.03,0.6590909090909091,0.0284957957022734
0,0,45,COMPAS,0.06,0.6619318181818182,0.0516817190906259
0,0,45,COMPAS,0.09,0.6695075757575758,0.1286359389598255
0,0,45,COMPAS,0.12,0.6695075757575758,0.1286359389598255
0,0,45,COMPAS,0.15,0.6676136363636364,0.1514948614138897
0,0,45,COMPAS,0.18,0.6666666666666666,0.1705699159140454
0,0,45,COMPAS,0.21,0.6628787878787878,0.2194020554344441
0,0,45,COMPAS,0.24,0.6609848484848485,0.224665213329181
0,0,45,COMPAS,0.2699999999999999,0.65625,0.2667549050140144
0,0,46,COMPAS,0.0,0.6553030303030303,0.0317604355716878
0,0,46,COMPAS,0.03,0.65625,0.0118792278501897
0,0,46,COMPAS,0.06,0.6619318181818182,0.0173238739481933
0,0,46,COMPAS,0.09,0.6600378787878788,0.0894241874278172
0,0,46,COMPAS,0.12,0.6600378787878788,0.0894241874278172
0,0,46,COMPAS,0.15,0.6666666666666666,0.1163999340042897
0,0,46,COMPAS,0.18,0.6676136363636364,0.1227520211186272
0,0,46,COMPAS,0.21,0.6647727272727273,0.1781059231149975
0,0,46,COMPAS,0.24,0.6638257575757576,0.1892426992245504
0,0,46,COMPAS,0.2699999999999999,0.6723484848484849,0.218528295660782
0,0,47,COMPAS,0.0,0.6638257575757576,0.0414505453528479
0,0,47,COMPAS,0.03,0.665719696969697,0.0114850377551971
0,0,47,COMPAS,0.06,0.6742424242424242,0.0294770206022186
0,0,47,COMPAS,0.09,0.6770833333333334,0.0728404959448121
0,0,47,COMPAS,0.12,0.6770833333333334,0.0728404959448121
0,0,47,COMPAS,0.15,0.6770833333333334,0.0893595599888132
0,0,47,COMPAS,0.18,0.6761363636363636,0.1185084366551691
0,0,47,COMPAS,0.21,0.6846590909090909,0.1468891581989372
0,0,47,COMPAS,0.24,0.6856060606060606,0.176806189987881
0,0,47,COMPAS,0.2699999999999999,0.6846590909090909,0.2256437028060035
0,0,48,COMPAS,0.0,0.6647727272727273,0.069895662886446
0,0,48,COMPAS,0.03,0.6647727272727273,0.069895662886446
0,0,48,COMPAS,0.06,0.6647727272727273,0.069895662886446
0,0,48,COMPAS,0.09,0.6676136363636364,0.0883029819781349
0,0,48,COMPAS,0.12,0.6676136363636364,0.1592340801819947
0,0,48,COMPAS,0.15,0.6676136363636364,0.1592340801819947
0,0,48,COMPAS,0.18,0.6638257575757576,0.2256682147810281
0,0,48,COMPAS,0.21,0.665719696969697,0.2305581903311503
0,0,48,COMPAS,0.24,0.6676136363636364,0.2593916628562143
0,0,48,COMPAS,0.2699999999999999,0.6695075757575758,0.2575928774142836
0,0,49,COMPAS,0.0,0.6770833333333334,0.0120691707839752
0,0,49,COMPAS,0.03,0.6789772727272727,0.0129918447526638
0,0,49,COMPAS,0.06,0.6732954545454546,0.1222543008512411
0,0,49,COMPAS,0.09,0.6732954545454546,0.1222543008512411
0,0,49,COMPAS,0.12,0.6732954545454546,0.1222543008512411
0,0,49,COMPAS,0.15,0.6761363636363636,0.1324483600214298
0,0,49,COMPAS,0.18,0.6770833333333334,0.1598458241561998
0,0,49,COMPAS,0.21,0.6742424242424242,0.1864991963807369
0,0,49,COMPAS,0.24,0.6732954545454546,0.1966932555509256
0,0,49,COMPAS,0.2699999999999999,0.6770833333333334,0.2330049407702839
