,Unnamed: 0,seed,dataset,lambda,acc,disparity
0,0,0,Lawschool,0.05,0.7942090005521811,0.0776131432847813
0,0,0,Lawschool,0.15,0.794243511871894,0.0730524943516911
0,0,0,Lawschool,0.25,0.7945886250690226,0.066429056562778
0,0,0,Lawschool,0.35,0.7941054665930425,0.0555084181864229
0,0,0,Lawschool,0.45,0.7941054665930425,0.0484795454577776
0,0,0,Lawschool,0.55,0.7936913307564881,0.0392517305286555
0,0,0,Lawschool,0.65,0.7935877967973495,0.0309887278239803
0,0,0,Lawschool,0.75,0.7928975704030922,0.0225955496501002
0,0,0,Lawschool,0.8500000000000001,0.7923108779679735,0.01420532425744
0,0,0,Lawschool,0.95,0.790895913859746,0.003823357540756
0,0,1,Lawschool,0.05,0.7890323025952513,0.0643998093317472
0,0,1,Lawschool,0.15,0.7886526780784097,0.0592411372563597
0,0,1,Lawschool,0.25,0.7886871893981225,0.0534085047953607
0,0,1,Lawschool,0.35,0.7883075648812811,0.0454720936644238
0,0,1,Lawschool,0.45,0.7876518498067366,0.0371168048275776
0,0,1,Lawschool,0.55,0.787548315847598,0.0288139846102375
0,0,1,Lawschool,0.65,0.787030646051905,0.0222958719006728
0,0,1,Lawschool,0.75,0.7869271120927664,0.0185670181096117
0,0,1,Lawschool,0.8500000000000001,0.7866165102153506,0.0114295433565047
0,0,1,Lawschool,0.95,0.7866855328547764,0.0076566430306184
0,0,2,Lawschool,0.05,0.7885146327995582,0.0620354813799946
0,0,2,Lawschool,0.15,0.788342076200994,0.0552480775657862
0,0,2,Lawschool,0.25,0.7887562120375483,0.049574592219339
0,0,2,Lawschool,0.35,0.7885491441192711,0.0400250281254944
0,0,2,Lawschool,0.45,0.7878934290447267,0.0321444844450534
0,0,2,Lawschool,0.55,0.7876518498067366,0.0236843456409654
0,0,2,Lawschool,0.65,0.7873757592490337,0.0156093653938166
0,0,2,Lawschool,0.75,0.7866510215350635,0.0069301574726525
0,0,2,Lawschool,0.8500000000000001,0.7858572611816675,0.0006616915055386
0,0,2,Lawschool,0.95,0.7854086140254003,0.0059084610919898
0,0,3,Lawschool,0.05,0.788065985643291,0.0820933568418633
0,0,3,Lawschool,0.15,0.7884456101601325,0.0758117175370496
0,0,3,Lawschool,0.25,0.787789895085588,0.0678898075675354
0,0,3,Lawschool,0.35,0.7876173384870238,0.0601376745877223
0,0,3,Lawschool,0.45,0.7879969630038652,0.0525615130649697
0,0,3,Lawschool,0.55,0.7881004969630039,0.041905948211775
0,0,3,Lawschool,0.65,0.7879624516841524,0.0315739653290075
0,0,3,Lawschool,0.75,0.7883765875207068,0.0234856671078179
0,0,3,Lawschool,0.8500000000000001,0.7877553837658752,0.0137445149509785
0,0,3,Lawschool,0.95,0.7864094422970734,0.0058793268688519
0,0,4,Lawschool,0.05,0.7904127553837659,0.0744046280776263
0,0,4,Lawschool,0.15,0.7899295969077857,0.0701573922223506
0,0,4,Lawschool,0.25,0.7890668139149641,0.0611687948372183
0,0,4,Lawschool,0.35,0.7892048591938156,0.0541802885289288
0,0,4,Lawschool,0.45,0.7895499723909443,0.0454034749512462
0,0,4,Lawschool,0.55,0.7892048591938156,0.0361795723752814
0,0,4,Lawschool,0.65,0.7888252346769741,0.0264733109068941
0,0,4,Lawschool,0.75,0.7881695196024296,0.018555344526966
0,0,4,Lawschool,0.8500000000000001,0.7868580894533407,0.0089667447896953
0,0,4,Lawschool,0.95,0.7861333517393705,0.0011278692136536
0,0,5,Lawschool,0.05,0.7874102705687466,0.0809525274499893
0,0,5,Lawschool,0.15,0.7869961347321922,0.0738554019772293
0,0,5,Lawschool,0.25,0.7874447818884595,0.0675288295085249
0,0,5,Lawschool,0.35,0.7874447818884595,0.0614483974382451
0,0,5,Lawschool,0.45,0.7874792932081722,0.0549783549783549
0,0,5,Lawschool,0.55,0.787030646051905,0.0475076850203753
0,0,5,Lawschool,0.65,0.7868235781336278,0.0407754362576697
0,0,5,Lawschool,0.75,0.7861678630590834,0.0331118289493923
0,0,5,Lawschool,0.8500000000000001,0.7853395913859746,0.0240641854855052
0,0,5,Lawschool,0.95,0.7839591385974599,0.0148360081355005
0,0,6,Lawschool,0.05,0.7861333517393705,0.0760411168595613
0,0,6,Lawschool,0.15,0.7862023743787963,0.0695758891955565
0,0,6,Lawschool,0.25,0.7865819988956377,0.061681554638669
0,0,6,Lawschool,0.35,0.7871341800110436,0.0533193019828085
0,0,6,Lawschool,0.45,0.7865474875759249,0.0457260902132301
0,0,6,Lawschool,0.55,0.7869961347321922,0.0368452142664691
0,0,6,Lawschool,0.65,0.7869616234124793,0.0295855931202185
0,0,6,Lawschool,0.75,0.7862368856985091,0.0189146636233837
0,0,6,Lawschool,0.8500000000000001,0.7856847045831032,0.0114208587997609
0,0,6,Lawschool,0.95,0.783441468801767,0.0014155563674538
0,0,7,Lawschool,0.05,0.7914826062948647,0.0848469532281333
0,0,7,Lawschool,0.15,0.7909994478188846,0.077452714155716
0,0,7,Lawschool,0.25,0.7911029817780232,0.0693205831274743
0,0,7,Lawschool,0.35,0.7910339591385974,0.0605015442634753
0,0,7,Lawschool,0.45,0.7907923799006074,0.0535826774848414
0,0,7,Lawschool,0.55,0.7905853119823302,0.0446260057748134
0,0,7,Lawschool,0.65,0.7900331308669244,0.0338800463710283
0,0,7,Lawschool,0.75,0.7893083931529542,0.0254853956807455
0,0,7,Lawschool,0.8500000000000001,0.7887907233572612,0.0153957657797536
0,0,7,Lawschool,0.95,0.7877208724461623,0.0049951448854281
0,0,8,Lawschool,0.05,0.7905853119823302,0.0807564038429354
0,0,8,Lawschool,0.15,0.7905162893429045,0.0718868871598472
0,0,8,Lawschool,0.25,0.790378244064053,0.0633658336885115
0,0,8,Lawschool,0.35,0.790378244064053,0.0546079240948699
0,0,8,Lawschool,0.45,0.7901366648260629,0.0467524847888242
0,0,8,Lawschool,0.55,0.7901366648260629,0.0406236054603611
0,0,8,Lawschool,0.65,0.78986057426836,0.0312408076275231
0,0,8,Lawschool,0.75,0.7900676421866372,0.0220442477646128
0,0,8,Lawschool,0.8500000000000001,0.7895154610712314,0.0114301615578648
0,0,8,Lawschool,0.95,0.7883075648812811,0.001041403667777
0,0,9,Lawschool,0.05,0.7910339591385974,0.0816920746707333
0,0,9,Lawschool,0.15,0.7913790723357261,0.0704972543496653
0,0,9,Lawschool,0.25,0.7907233572611817,0.0608734670912472
0,0,9,Lawschool,0.35,0.790378244064053,0.0534949935926826
0,0,9,Lawschool,0.45,0.790895913859746,0.0462680849936046
0,0,9,Lawschool,0.55,0.7906543346217559,0.0372055482253912
0,0,9,Lawschool,0.65,0.7898950855880729,0.02783793138581
0,0,9,Lawschool,0.75,0.7896880176697957,0.0209779613411381
0,0,9,Lawschool,0.8500000000000001,0.7890668139149641,0.0139133044006246
0,0,9,Lawschool,0.95,0.7889977912755384,0.0092837490129038
0,0,10,Lawschool,0.05,0.7902056874654887,0.0763380787591342
0,0,10,Lawschool,0.15,0.7904127553837659,0.0695925512521435
0,0,10,Lawschool,0.25,0.7898260629486472,0.0637315770365678
0,0,10,Lawschool,0.35,0.7899295969077857,0.0573067133742217
0,0,10,Lawschool,0.45,0.7896535063500828,0.0462532249841647
0,0,10,Lawschool,0.55,0.7897570403092214,0.0402976254847131
0,0,10,Lawschool,0.65,0.7892048591938156,0.0327928749092369
0,0,10,Lawschool,0.75,0.7888252346769741,0.0250454780701076
0,0,10,Lawschool,0.8500000000000001,0.7882730535615682,0.0187260540097946
0,0,10,Lawschool,0.95,0.7888942573163997,0.0099652010690726
0,0,11,Lawschool,0.05,0.7899641082274986,0.080142290917283
0,0,11,Lawschool,0.15,0.7904817780231916,0.0718448855477586
0,0,11,Lawschool,0.25,0.7906543346217559,0.0634290976905366
0,0,11,Lawschool,0.35,0.7905508006626173,0.0554398705090601
0,0,11,Lawschool,0.45,0.7900676421866372,0.0461789332054833
0,0,11,Lawschool,0.55,0.7894119271120927,0.0346090880993572
0,0,11,Lawschool,0.65,0.7884456101601325,0.021991644799836
0,0,11,Lawschool,0.75,0.7875828271673109,0.0125076337973927
0,0,11,Lawschool,0.8500000000000001,0.7867545554942021,0.0015494639258087
0,0,11,Lawschool,0.95,0.7860643290999448,0.0062432099540862
0,0,12,Lawschool,0.05,0.7859953064605191,0.0888483668277795
0,0,12,Lawschool,0.15,0.7863059083379348,0.0803193188602551
0,0,12,Lawschool,0.25,0.7863059083379348,0.0739483863400504
0,0,12,Lawschool,0.35,0.7863059083379348,0.0628388982160053
0,0,12,Lawschool,0.45,0.7867200441744893,0.0511398408153239
0,0,12,Lawschool,0.55,0.7865474875759249,0.0426797353956358
0,0,12,Lawschool,0.65,0.7862023743787963,0.0337065677429742
0,0,12,Lawschool,0.75,0.7858572611816675,0.0236049667289675
0,0,12,Lawschool,0.8500000000000001,0.7854431253451132,0.0154075059468714
0,0,12,Lawschool,0.95,0.7838556046383214,0.0043725214285896
0,0,13,Lawschool,0.05,0.7893429044726671,0.0789187315288763
0,0,13,Lawschool,0.15,0.7899641082274986,0.0672909747318432
0,0,13,Lawschool,0.25,0.7900676421866372,0.0606419457527067
0,0,13,Lawschool,0.35,0.7897225289895086,0.0549518297795527
0,0,13,Lawschool,0.45,0.78986057426836,0.0436053306816041
0,0,13,Lawschool,0.55,0.7896189950303699,0.0355076944816412
0,0,13,Lawschool,0.65,0.788859745996687,0.0266928200053622
0,0,13,Lawschool,0.75,0.789101325234677,0.0188492427161794
0,0,13,Lawschool,0.8500000000000001,0.789101325234677,0.0129770157720301
0,0,13,Lawschool,0.95,0.7892393705135284,0.0014518253980685
0,0,14,Lawschool,0.05,0.7905508006626173,0.0679687445206821
0,0,14,Lawschool,0.15,0.7905508006626173,0.0622102506360286
0,0,14,Lawschool,0.25,0.7904127553837659,0.0573050287449036
0,0,14,Lawschool,0.35,0.7904472667034788,0.0502001682421337
0,0,14,Lawschool,0.45,0.7903092214246272,0.0438585323571247
0,0,14,Lawschool,0.55,0.7898260629486472,0.0366507623012104
0,0,14,Lawschool,0.65,0.7898260629486472,0.0296316536923294
0,0,14,Lawschool,0.75,0.7896189950303699,0.0209017056145127
0,0,14,Lawschool,0.8500000000000001,0.7889287686361126,0.0116786507779785
0,0,14,Lawschool,0.95,0.7879624516841524,0.0044451320990512
0,0,15,Lawschool,0.05,0.7896189950303699,0.0713180053928564
0,0,15,Lawschool,0.15,0.7896189950303699,0.0641155815832829
0,0,15,Lawschool,0.25,0.7893429044726671,0.0579062024033264
0,0,15,Lawschool,0.35,0.7893429044726671,0.0475164319031094
0,0,15,Lawschool,0.45,0.7892048591938156,0.0375192222445089
0,0,15,Lawschool,0.55,0.7889632799558255,0.0279522063213986
0,0,15,Lawschool,0.65,0.7886871893981225,0.0208443719934747
0,0,15,Lawschool,0.75,0.7882385422418553,0.0160349461274737
0,0,15,Lawschool,0.8500000000000001,0.7877553837658752,0.0082033428444554
0,0,15,Lawschool,0.95,0.7873757592490337,0.0031419360099741
0,0,16,Lawschool,0.05,0.7891358365543898,0.0760302649213527
0,0,16,Lawschool,0.15,0.7889287686361126,0.0682591535108704
0,0,16,Lawschool,0.25,0.7885146327995582,0.059638459629177
0,0,16,Lawschool,0.35,0.7882730535615682,0.0513884207808228
0,0,16,Lawschool,0.45,0.7881004969630039,0.0434217617085985
0,0,16,Lawschool,0.55,0.7883765875207068,0.0356509287267056
0,0,16,Lawschool,0.65,0.7881004969630039,0.0261933511385995
0,0,16,Lawschool,0.75,0.7876173384870238,0.0184495862578397
0,0,16,Lawschool,0.8500000000000001,0.7876518498067366,0.0097684067914809
0,0,16,Lawschool,0.95,0.7870651573716179,0.0015307882793354
0,0,17,Lawschool,0.05,0.791413583655439,0.0738033658664518
0,0,17,Lawschool,0.15,0.7920002760905577,0.06885724689265
0,0,17,Lawschool,0.25,0.7918277194919934,0.0608958823125364
0,0,17,Lawschool,0.35,0.7916206515737162,0.0537367229283553
0,0,17,Lawschool,0.45,0.790895913859746,0.0463853543206291
0,0,17,Lawschool,0.55,0.7907923799006074,0.037432307228784
0,0,17,Lawschool,0.65,0.790895913859746,0.0305055551392648
0,0,17,Lawschool,0.75,0.7907233572611817,0.0213758121571455
0,0,17,Lawschool,0.8500000000000001,0.7895844837106571,0.0098065731261454
0,0,17,Lawschool,0.95,0.7878934290447267,0.0013379518185138
0,0,18,Lawschool,0.05,0.7866165102153506,0.0851019055875729
0,0,18,Lawschool,0.15,0.7873067366096079,0.0782837731161249
0,0,18,Lawschool,0.25,0.7868580894533407,0.0687572892175412
0,0,18,Lawschool,0.35,0.7867890668139149,0.0616559241176944
0,0,18,Lawschool,0.45,0.7873412479293208,0.0521913791819946
0,0,18,Lawschool,0.55,0.7873067366096079,0.039193890084803
0,0,18,Lawschool,0.65,0.7870651573716179,0.0305613046458681
0,0,18,Lawschool,0.75,0.7869271120927664,0.0217059715751533
0,0,18,Lawschool,0.8500000000000001,0.7863059083379348,0.0122887290086043
0,0,18,Lawschool,0.95,0.7856501932633904,0.0040470666327537
0,0,19,Lawschool,0.05,0.7907578685808946,0.072002654540425
0,0,19,Lawschool,0.15,0.7909994478188846,0.066801401602023
0,0,19,Lawschool,0.25,0.7907578685808946,0.0606829900336306
0,0,19,Lawschool,0.35,0.7905508006626173,0.0535285776375097
0,0,19,Lawschool,0.45,0.7902056874654887,0.044138411367601
0,0,19,Lawschool,0.55,0.7902747101049145,0.0371131975223119
0,0,19,Lawschool,0.65,0.7895154610712314,0.0298168178011917
0,0,19,Lawschool,0.75,0.7895844837106571,0.0211082701400851
0,0,19,Lawschool,0.8500000000000001,0.7896880176697957,0.0121288246499333
0,0,19,Lawschool,0.95,0.7888252346769741,0.0094738699707965
0,0,20,Lawschool,0.05,0.788859745996687,0.0714755109153011
0,0,20,Lawschool,0.15,0.7883075648812811,0.0627529581890241
0,0,20,Lawschool,0.25,0.7874792932081722,0.0557295606050513
0,0,20,Lawschool,0.35,0.7876863611264495,0.0497445356080422
0,0,20,Lawschool,0.45,0.7881350082827168,0.0418394987495965
0,0,20,Lawschool,0.55,0.7879279403644396,0.0350219602064875
0,0,20,Lawschool,0.65,0.7874102705687466,0.0279268706905572
0,0,20,Lawschool,0.75,0.7867890668139149,0.0206882579383483
0,0,20,Lawschool,0.8500000000000001,0.7874447818884595,0.0130419204256155
0,0,20,Lawschool,0.95,0.7868580894533407,0.0069684182163242
0,0,21,Lawschool,0.05,0.7895499723909443,0.0762562329469272
0,0,21,Lawschool,0.15,0.7896880176697957,0.0704329778615331
0,0,21,Lawschool,0.25,0.7897225289895086,0.0626380462242901
0,0,21,Lawschool,0.35,0.7889977912755384,0.0541015770325308
0,0,21,Lawschool,0.45,0.7887907233572612,0.0466563513556906
0,0,21,Lawschool,0.55,0.7879969630038652,0.037125347727903
0,0,21,Lawschool,0.65,0.7881695196024296,0.0266444633219788
0,0,21,Lawschool,0.75,0.788065985643291,0.0190132212504643
0,0,21,Lawschool,0.8500000000000001,0.7879624516841524,0.0116101819771468
0,0,21,Lawschool,0.95,0.7863404196576477,0.0062187207142679
0,0,22,Lawschool,0.05,0.7904127553837659,0.0661349463824421
0,0,22,Lawschool,0.15,0.7907923799006074,0.0589642179435512
0,0,22,Lawschool,0.25,0.7910339591385974,0.0532091914944035
0,0,22,Lawschool,0.35,0.7905508006626173,0.0460788389376123
0,0,22,Lawschool,0.45,0.7905162893429045,0.0373759988467749
0,0,22,Lawschool,0.55,0.790378244064053,0.0291919836259815
0,0,22,Lawschool,0.65,0.7904127553837659,0.0211581769937683
0,0,22,Lawschool,0.75,0.78986057426836,0.0138046987599978
0,0,22,Lawschool,0.8500000000000001,0.7889287686361126,0.0057611984803575
0,0,22,Lawschool,0.95,0.7863404196576477,0.0032324510332915
0,0,23,Lawschool,0.05,0.7903437327443401,0.0757890274090467
0,0,23,Lawschool,0.15,0.7897915516289343,0.0686504712786231
0,0,23,Lawschool,0.25,0.7900331308669244,0.061809146157688
0,0,23,Lawschool,0.35,0.7898950855880729,0.0552731454297871
0,0,23,Lawschool,0.45,0.7893774157923799,0.0481495230907799
0,0,23,Lawschool,0.55,0.7895844837106571,0.0413258295557765
0,0,23,Lawschool,0.65,0.7888942573163997,0.0296246554294412
0,0,23,Lawschool,0.75,0.7880314743235781,0.0236056540473371
0,0,23,Lawschool,0.8500000000000001,0.788583655438984,0.0177780941591315
0,0,23,Lawschool,0.95,0.7898950855880729,0.0110332121945659
0,0,24,Lawschool,0.05,0.788065985643291,0.0777947411686623
0,0,24,Lawschool,0.15,0.7882385422418553,0.0722589907317174
0,0,24,Lawschool,0.25,0.7881350082827168,0.0642378310903253
0,0,24,Lawschool,0.35,0.7876863611264495,0.0582851413079727
0,0,24,Lawschool,0.45,0.7877208724461623,0.0501944917756793
0,0,24,Lawschool,0.55,0.7878244064053009,0.0407692765513449
0,0,24,Lawschool,0.65,0.7872377139701823,0.0323511724693085
0,0,24,Lawschool,0.75,0.7869271120927664,0.0243300128279165
0,0,24,Lawschool,0.8500000000000001,0.7860988404196576,0.0178342699406587
0,0,24,Lawschool,0.95,0.7845458310325787,0.0091059227284203
0,0,25,Lawschool,0.05,0.7876863611264495,0.0800484163806315
0,0,25,Lawschool,0.15,0.7873412479293208,0.073629508946602
0,0,25,Lawschool,0.25,0.7874102705687466,0.0695988949123265
0,0,25,Lawschool,0.35,0.7871341800110436,0.0601476285085868
0,0,25,Lawschool,0.45,0.7864094422970734,0.0486332826879772
0,0,25,Lawschool,0.55,0.786271397018222,0.0462267125200258
0,0,25,Lawschool,0.65,0.7859607951408062,0.0405872650999081
0,0,25,Lawschool,0.75,0.7859262838210933,0.0336678995945478
0,0,25,Lawschool,0.8500000000000001,0.7857882385422419,0.0285344622223344
0,0,25,Lawschool,0.95,0.784718387631143,0.0211362115219371
0,0,26,Lawschool,0.05,0.7865819988956377,0.0840121915863574
0,0,26,Lawschool,0.15,0.786029817780232,0.0774064427663556
0,0,26,Lawschool,0.25,0.7856847045831032,0.0707755739362038
0,0,26,Lawschool,0.35,0.7857192159028161,0.0619795315039151
0,0,26,Lawschool,0.45,0.786029817780232,0.0550689474737004
0,0,26,Lawschool,0.55,0.7860643290999448,0.045556255931725
0,0,26,Lawschool,0.65,0.785753727222529,0.0382245473212919
0,0,26,Lawschool,0.75,0.7848219215902816,0.0298746037152896
0,0,26,Lawschool,0.8500000000000001,0.7845458310325787,0.0222191470049899
0,0,26,Lawschool,0.95,0.783441468801767,0.016148000103128
0,0,27,Lawschool,0.05,0.7879279403644396,0.0726429814513799
0,0,27,Lawschool,0.15,0.7876518498067366,0.0649596244067837
0,0,27,Lawschool,0.25,0.7878244064053009,0.0575843727804671
0,0,27,Lawschool,0.35,0.7870996686913307,0.0496968434426838
0,0,27,Lawschool,0.45,0.7871686913307565,0.0431493628601097
0,0,27,Lawschool,0.55,0.7871686913307565,0.0371546403668526
0,0,27,Lawschool,0.65,0.7869616234124793,0.0303891734396307
0,0,27,Lawschool,0.75,0.7866510215350635,0.0215479293401527
0,0,27,Lawschool,0.8500000000000001,0.7851325234676974,0.0150786773328133
0,0,27,Lawschool,0.95,0.7842697404748757,0.0075921046674077
0,0,28,Lawschool,0.05,0.7899295969077857,0.0795984914517204
0,0,28,Lawschool,0.15,0.7893774157923799,0.0730066237357761
0,0,28,Lawschool,0.25,0.7900676421866372,0.0678868544056813
0,0,28,Lawschool,0.35,0.7897570403092214,0.0608006691354083
0,0,28,Lawschool,0.45,0.7894809497515185,0.0538440343250394
0,0,28,Lawschool,0.55,0.7892738818332413,0.045486228741013
0,0,28,Lawschool,0.65,0.7892738818332413,0.0373050169437947
0,0,28,Lawschool,0.75,0.7889632799558255,0.0305242506765624
0,0,28,Lawschool,0.8500000000000001,0.7882385422418553,0.0209512718954797
0,0,28,Lawschool,0.95,0.787548315847598,0.0110345337085122
0,0,29,Lawschool,0.05,0.7903437327443401,0.0778928603402522
0,0,29,Lawschool,0.15,0.7897225289895086,0.0716181502843269
0,0,29,Lawschool,0.25,0.7893429044726671,0.0661659979266422
0,0,29,Lawschool,0.35,0.7894809497515185,0.0602560778800699
0,0,29,Lawschool,0.45,0.7887562120375483,0.0540032481527689
0,0,29,Lawschool,0.55,0.788342076200994,0.0467009003276653
0,0,29,Lawschool,0.65,0.7881350082827168,0.03983662240884
0,0,29,Lawschool,0.75,0.7867890668139149,0.0340010735322004
0,0,29,Lawschool,0.8500000000000001,0.7878934290447267,0.0306162007159543
0,0,29,Lawschool,0.95,0.7869616234124793,0.0205874078739249
0,0,30,Lawschool,0.05,0.7890323025952513,0.088060254321693
0,0,30,Lawschool,0.15,0.7892738818332413,0.0792964297866407
0,0,30,Lawschool,0.25,0.7887217007178354,0.0713118214082919
0,0,30,Lawschool,0.35,0.7887217007178354,0.0637958329608003
0,0,30,Lawschool,0.45,0.789101325234677,0.0546774207191506
0,0,30,Lawschool,0.55,0.7888252346769741,0.044028086756536
0,0,30,Lawschool,0.65,0.7884456101601325,0.0352935009423908
0,0,30,Lawschool,0.75,0.7879624516841524,0.026589881977618
0,0,30,Lawschool,0.8500000000000001,0.7877553837658752,0.018576034878362
0,0,30,Lawschool,0.95,0.7870651573716179,0.011225376784304
0,0,31,Lawschool,0.05,0.7879969630038652,0.0765876016400924
0,0,31,Lawschool,0.15,0.7882730535615682,0.0698616352489424
0,0,31,Lawschool,0.25,0.7877208724461623,0.0609734099610686
0,0,31,Lawschool,0.35,0.7878934290447267,0.052338804787137
0,0,31,Lawschool,0.45,0.7879969630038652,0.0455261528871162
0,0,31,Lawschool,0.55,0.7874447818884595,0.0357312903892849
0,0,31,Lawschool,0.65,0.7876863611264495,0.0253052533860818
0,0,31,Lawschool,0.75,0.7877553837658752,0.0160394737067784
0,0,31,Lawschool,0.8500000000000001,0.7869961347321922,0.0053292951449939
0,0,31,Lawschool,0.95,0.7867200441744893,0.0034818992530142
0,0,32,Lawschool,0.05,0.7883765875207068,0.0742903292074831
0,0,32,Lawschool,0.15,0.788342076200994,0.0691176680498901
0,0,32,Lawschool,0.25,0.7882730535615682,0.061766566283477
0,0,32,Lawschool,0.35,0.7883765875207068,0.0542610289958363
0,0,32,Lawschool,0.45,0.787789895085588,0.0466210421026761
0,0,32,Lawschool,0.55,0.7878244064053009,0.0382524859880306
0,0,32,Lawschool,0.65,0.7877208724461623,0.0293315973400349
0,0,32,Lawschool,0.75,0.787030646051905,0.0216034921028071
0,0,32,Lawschool,0.8500000000000001,0.7864439536167863,0.0121293632958615
0,0,32,Lawschool,0.95,0.7853395913859746,0.0038888973566995
0,0,33,Lawschool,0.05,0.7953133627829928,0.0690454052746737
0,0,33,Lawschool,0.15,0.7952788514632799,0.0640700284318034
0,0,33,Lawschool,0.25,0.7952098288238543,0.0575650919268998
0,0,33,Lawschool,0.35,0.7954514080618443,0.0493428852112364
0,0,33,Lawschool,0.45,0.7945541137493097,0.0403312444537159
0,0,33,Lawschool,0.55,0.7944160684704583,0.0321228353280166
0,0,33,Lawschool,0.65,0.794243511871894,0.0254535820699039
0,0,33,Lawschool,0.75,0.7933807288790723,0.0201845223677443
0,0,33,Lawschool,0.8500000000000001,0.7928630590833794,0.0122097711049239
0,0,33,Lawschool,0.95,0.7906888459414688,0.0024830790765089
0,0,34,Lawschool,0.05,0.7890668139149641,0.0790672950886429
0,0,34,Lawschool,0.15,0.7892048591938156,0.0722697687624627
0,0,34,Lawschool,0.25,0.7888942573163997,0.064937463497804
0,0,34,Lawschool,0.35,0.7885146327995582,0.0580823941432266
0,0,34,Lawschool,0.45,0.7883765875207068,0.0529962729498541
0,0,34,Lawschool,0.55,0.7879279403644396,0.0458094000600798
0,0,34,Lawschool,0.65,0.7876863611264495,0.0388392446487078
0,0,34,Lawschool,0.75,0.7874792932081722,0.0317946545260356
0,0,34,Lawschool,0.8500000000000001,0.7872377139701823,0.0221663524611827
0,0,34,Lawschool,0.95,0.7870651573716179,0.0111641731344168
0,0,35,Lawschool,0.05,0.7943470458310325,0.0759331059676824
0,0,35,Lawschool,0.15,0.7941054665930425,0.0695352672324294
0,0,35,Lawschool,0.25,0.7946576477084484,0.0632306416532683
0,0,35,Lawschool,0.35,0.794243511871894,0.0558462389792762
0,0,35,Lawschool,0.45,0.7945886250690226,0.0458351289094329
0,0,35,Lawschool,0.55,0.7944505797901712,0.0378787158650648
0,0,35,Lawschool,0.65,0.7939674213141911,0.0313970720390222
0,0,35,Lawschool,0.75,0.7937603533959139,0.0239841030576578
0,0,35,Lawschool,0.8500000000000001,0.7933462175593595,0.0158998869443789
0,0,35,Lawschool,0.95,0.7918622308117063,0.0065908262566151
0,0,36,Lawschool,0.05,0.7890323025952513,0.081275086912775
0,0,36,Lawschool,0.15,0.7889977912755384,0.0712990428184813
0,0,36,Lawschool,0.25,0.7883075648812811,0.059654107875357
0,0,36,Lawschool,0.35,0.787548315847598,0.0473209809706499
0,0,36,Lawschool,0.45,0.7874447818884595,0.0431031925672564
0,0,36,Lawschool,0.55,0.7876518498067366,0.0316475261014673
0,0,36,Lawschool,0.65,0.7872032026504694,0.0250783145992054
0,0,36,Lawschool,0.75,0.7866165102153506,0.0123867433191932
0,0,36,Lawschool,0.8500000000000001,0.7862368856985091,0.0040691757217827
0,0,36,Lawschool,0.95,0.7851670347874102,0.0011764356063483
0,0,37,Lawschool,0.05,0.7907578685808946,0.0790552891326593
0,0,37,Lawschool,0.15,0.7905162893429045,0.0714363741723152
0,0,37,Lawschool,0.25,0.7899295969077857,0.062703680856927
0,0,37,Lawschool,0.35,0.7899641082274986,0.0563662972121773
0,0,37,Lawschool,0.45,0.7895499723909443,0.0503894919834948
0,0,37,Lawschool,0.55,0.7888252346769741,0.0408848214926395
0,0,37,Lawschool,0.65,0.7885491441192711,0.0335686939931536
0,0,37,Lawschool,0.75,0.7889977912755384,0.0240194984174419
0,0,37,Lawschool,0.8500000000000001,0.788859745996687,0.0175198731782794
0,0,37,Lawschool,0.95,0.788859745996687,0.0096294299715808
0,0,38,Lawschool,0.05,0.7884456101601325,0.0777505979665094
0,0,38,Lawschool,0.15,0.7884801214798454,0.0704572685357714
0,0,38,Lawschool,0.25,0.7882385422418553,0.0622525264742425
0,0,38,Lawschool,0.35,0.7881350082827168,0.0553361121632933
0,0,38,Lawschool,0.45,0.7882040309221424,0.0472288418675643
0,0,38,Lawschool,0.55,0.7878589177250138,0.0401082894920918
0,0,38,Lawschool,0.65,0.787272225289895,0.0311055785745471
0,0,38,Lawschool,0.75,0.7863749309773606,0.0228852531765046
0,0,38,Lawschool,0.8500000000000001,0.7857192159028161,0.014045930445071
0,0,38,Lawschool,0.95,0.7850635008282717,0.0062930201203344
0,0,39,Lawschool,0.05,0.7886526780784097,0.0705425374058758
0,0,39,Lawschool,0.15,0.7885146327995582,0.0650721927014922
0,0,39,Lawschool,0.25,0.7882385422418553,0.0581179579046853
0,0,39,Lawschool,0.35,0.788342076200994,0.052413884146984
0,0,39,Lawschool,0.45,0.7886181667586969,0.0425159541972995
0,0,39,Lawschool,0.55,0.7885146327995582,0.0366581095711741
0,0,39,Lawschool,0.65,0.7889977912755384,0.0286457091373114
0,0,39,Lawschool,0.75,0.7887562120375483,0.0185885476715419
0,0,39,Lawschool,0.8500000000000001,0.7885146327995582,0.0121489652802991
0,0,39,Lawschool,0.95,0.7863749309773606,0.0038447201988684
0,0,40,Lawschool,0.05,0.791172004417449,0.0645097734424594
0,0,40,Lawschool,0.15,0.7910339591385974,0.0561713357563704
0,0,40,Lawschool,0.25,0.7908614025400331,0.0483997064069725
0,0,40,Lawschool,0.35,0.79010215350635,0.0415935241236123
0,0,40,Lawschool,0.45,0.7899295969077857,0.0339268916233625
0,0,40,Lawschool,0.55,0.7898950855880729,0.0283835965903076
0,0,40,Lawschool,0.65,0.789101325234677,0.0200422338436892
0,0,40,Lawschool,0.75,0.7889977912755384,0.0138682737767499
0,0,40,Lawschool,0.8500000000000001,0.7883765875207068,0.0067405668858904
0,0,40,Lawschool,0.95,0.7878589177250138,0.0013910830659483
0,0,41,Lawschool,0.05,0.7902401987852016,0.0721693557363877
0,0,41,Lawschool,0.15,0.7906888459414688,0.060772724555104
0,0,41,Lawschool,0.25,0.7897915516289343,0.0539385032365566
0,0,41,Lawschool,0.35,0.7898260629486472,0.0439627780189269
0,0,41,Lawschool,0.45,0.7890668139149641,0.0372974691327719
0,0,41,Lawschool,0.55,0.788342076200994,0.0277111903635821
0,0,41,Lawschool,0.65,0.7884456101601325,0.0198553040205047
0,0,41,Lawschool,0.75,0.7879279403644396,0.0114000337338785
0,0,41,Lawschool,0.8500000000000001,0.7881350082827168,0.0061876634136643
0,0,41,Lawschool,0.95,0.787548315847598,0.0031798312236697
0,0,42,Lawschool,0.05,0.7894809497515185,0.0795170626266612
0,0,42,Lawschool,0.15,0.7894464384318056,0.0745526939993196
0,0,42,Lawschool,0.25,0.7894809497515185,0.068082607940638
0,0,42,Lawschool,0.35,0.7892738818332413,0.0626134653652564
0,0,42,Lawschool,0.45,0.7889632799558255,0.0540618177916274
0,0,42,Lawschool,0.55,0.7886181667586969,0.0432630300845772
0,0,42,Lawschool,0.65,0.7886181667586969,0.0347230072979243
0,0,42,Lawschool,0.75,0.7876518498067366,0.0226075191253473
0,0,42,Lawschool,0.8500000000000001,0.7871341800110436,0.0128439829423636
0,0,42,Lawschool,0.95,0.7879279403644396,0.0042889374477641
0,0,43,Lawschool,0.05,0.7917932081722805,0.0779364712740743
0,0,43,Lawschool,0.15,0.791689674213142,0.071050992032136
0,0,43,Lawschool,0.25,0.7914826062948647,0.0648479763753371
0,0,43,Lawschool,0.35,0.7909304251794589,0.0563136564833355
0,0,43,Lawschool,0.45,0.7910684704583103,0.048981494743262
0,0,43,Lawschool,0.55,0.7906198233020431,0.0405534390363089
0,0,43,Lawschool,0.65,0.790378244064053,0.0324785126402067
0,0,43,Lawschool,0.75,0.7894464384318056,0.0236613639077311
0,0,43,Lawschool,0.8500000000000001,0.7891703478741027,0.0168196785013307
0,0,43,Lawschool,0.95,0.7873412479293208,0.0090310725093261
0,0,44,Lawschool,0.05,0.7911029817780232,0.0788842585634717
0,0,44,Lawschool,0.15,0.7907233572611817,0.0703882581433929
0,0,44,Lawschool,0.25,0.7907578685808946,0.0636548122807002
0,0,44,Lawschool,0.35,0.7906198233020431,0.0553876495504858
0,0,44,Lawschool,0.45,0.7905853119823302,0.0466366771773219
0,0,44,Lawschool,0.55,0.7901366648260629,0.0413451283561533
0,0,44,Lawschool,0.65,0.7897915516289343,0.0346445252748489
0,0,44,Lawschool,0.75,0.7894119271120927,0.0297615686465289
0,0,44,Lawschool,0.8500000000000001,0.7890668139149641,0.0215389041447348
0,0,44,Lawschool,0.95,0.7884456101601325,0.0119933584704887
0,0,45,Lawschool,0.05,0.7893429044726671,0.0791548869699386
0,0,45,Lawschool,0.15,0.7891703478741027,0.0720667164307028
0,0,45,Lawschool,0.25,0.7897225289895086,0.0665679450542464
0,0,45,Lawschool,0.35,0.7897225289895086,0.0574185659632243
0,0,45,Lawschool,0.45,0.7890323025952513,0.0481684460781019
0,0,45,Lawschool,0.55,0.789101325234677,0.0397901760990192
0,0,45,Lawschool,0.65,0.7891703478741027,0.0334421478223504
0,0,45,Lawschool,0.75,0.7887217007178354,0.0227945419882008
0,0,45,Lawschool,0.8500000000000001,0.7884456101601325,0.0148718673085966
0,0,45,Lawschool,0.95,0.7879969630038652,0.0069312504109989
0,0,46,Lawschool,0.05,0.7888252346769741,0.0820003909318652
0,0,46,Lawschool,0.15,0.7890323025952513,0.0745643552643778
0,0,46,Lawschool,0.25,0.7888942573163997,0.0673608421652619
0,0,46,Lawschool,0.35,0.7888942573163997,0.0595461675473368
0,0,46,Lawschool,0.45,0.7888252346769741,0.0519189782821185
0,0,46,Lawschool,0.55,0.7887562120375483,0.0427724240109701
0,0,46,Lawschool,0.65,0.7882385422418553,0.0328814306965307
0,0,46,Lawschool,0.75,0.7882730535615682,0.0240995355590808
0,0,46,Lawschool,0.8500000000000001,0.7876863611264495,0.0160164717696801
0,0,46,Lawschool,0.95,0.7868235781336278,0.0069035021833265
0,0,47,Lawschool,0.05,0.7860643290999448,0.0833690867609364
0,0,47,Lawschool,0.15,0.7860643290999448,0.0771475561734457
0,0,47,Lawschool,0.25,0.7860643290999448,0.0712088710109302
0,0,47,Lawschool,0.35,0.785753727222529,0.0627470392424314
0,0,47,Lawschool,0.45,0.7858572611816675,0.0553908417265001
0,0,47,Lawschool,0.55,0.7859607951408062,0.0454769632335985
0,0,47,Lawschool,0.65,0.7860988404196576,0.037910808644188
0,0,47,Lawschool,0.75,0.7860988404196576,0.029778963204827
0,0,47,Lawschool,0.8500000000000001,0.7855811706239647,0.0222034873107804
0,0,47,Lawschool,0.95,0.7850980121479846,0.0158159342680786
0,0,48,Lawschool,0.05,0.788342076200994,0.0647179553163207
0,0,48,Lawschool,0.15,0.7883765875207068,0.0577824945388548
0,0,48,Lawschool,0.25,0.7883075648812811,0.0525656256469691
0,0,48,Lawschool,0.35,0.7881004969630039,0.043436661358698
0,0,48,Lawschool,0.45,0.7881004969630039,0.0365161473822298
0,0,48,Lawschool,0.55,0.7875138045278851,0.0289467294077584
0,0,48,Lawschool,0.65,0.7862023743787963,0.0206292458105422
0,0,48,Lawschool,0.75,0.786029817780232,0.0113078112272242
0,0,48,Lawschool,0.8500000000000001,0.7857882385422419,0.0032451004483072
0,0,48,Lawschool,0.95,0.7853741027056874,0.0049041469875182
0,0,49,Lawschool,0.05,0.788065985643291,0.0802003995443861
0,0,49,Lawschool,0.15,0.7878244064053009,0.0721015387752141
0,0,49,Lawschool,0.25,0.7879969630038652,0.0644414318510197
0,0,49,Lawschool,0.35,0.7876518498067366,0.0545406513867405
0,0,49,Lawschool,0.45,0.7880314743235781,0.0451789519703733
0,0,49,Lawschool,0.55,0.7879624516841524,0.0383696412922653
0,0,49,Lawschool,0.65,0.7874102705687466,0.029513792907401
0,0,49,Lawschool,0.75,0.7868926007730536,0.0235784120561244
0,0,49,Lawschool,0.8500000000000001,0.7870996686913307,0.0169596593482211
0,0,49,Lawschool,0.95,0.7856501932633904,0.0068455794275811
