,Unnamed: 0,seed,dataset,level,acc,disparity
0,0,0,AdultCensus,0.0,0.836688732682727,0.0072932023499127
1,0,0,AdultCensus,0.02,0.8395550399235652,0.0265660454480407
2,0,0,AdultCensus,0.04,0.8429673104483724,0.0474805877047979
3,0,0,AdultCensus,0.06,0.8454923906367297,0.0709542208496632
4,0,0,AdultCensus,0.08,0.8485634341090562,0.0905295319101077
5,0,0,AdultCensus,0.1,0.8495871152664983,0.1058876443253736
6,0,0,AdultCensus,0.12,0.8503378147819559,0.1214573898913801
7,0,0,AdultCensus,0.14,0.8497918514979867,0.124427618986469
8,0,0,AdultCensus,0.16,0.8524534225073364,0.1638036599987326
9,0,0,AdultCensus,0.18,0.8519074592233672,0.1742488030326111
0,0,1,AdultCensus,0.0,0.8334811983894083,0.0058327204483567
1,0,1,AdultCensus,0.02,0.8377124138401693,0.0147442704745341
2,0,1,AdultCensus,0.04,0.8425578379853955,0.0385133671352263
3,0,1,AdultCensus,0.06,0.8450146727632567,0.0603341391526445
4,0,1,AdultCensus,0.08,0.8474715075411179,0.083014637363594
5,0,1,AdultCensus,0.1,0.8492458882140176,0.1012999108975757
6,0,1,AdultCensus,0.12,0.8495188698560022,0.1201129699283957
7,0,1,AdultCensus,0.14,0.8502695693714598,0.1536135664472766
8,0,1,AdultCensus,0.16,0.8512250051184058,0.1621902442209544
9,0,1,AdultCensus,0.18,0.8510885142974135,0.1670966563054095
0,0,2,AdultCensus,0.0,0.8268613935712823,0.0019266117810706
1,0,2,AdultCensus,0.02,0.8334811983894083,0.0408079515024406
2,0,2,AdultCensus,0.04,0.8335494437999045,0.0417416354146343
3,0,2,AdultCensus,0.06,0.8355968061147888,0.0602878673151724
4,0,2,AdultCensus,0.08,0.8383948679451307,0.0847395216054723
5,0,2,AdultCensus,0.1,0.8406469664915035,0.1006486156838191
6,0,2,AdultCensus,0.12,0.8418071384699379,0.1198763854983133
7,0,2,AdultCensus,0.14,0.8445369548897836,0.1393500261843921
8,0,2,AdultCensus,0.16,0.8445369548897836,0.163051517606632
9,0,2,AdultCensus,0.18,0.8447416911212721,0.1758450641227091
0,0,3,AdultCensus,0.0,0.8377124138401693,0.0009864960059316
1,0,3,AdultCensus,0.02,0.8407834573124957,0.0202680279461477
2,0,3,AdultCensus,0.04,0.8434450283218453,0.0412034179930266
3,0,3,AdultCensus,0.06,0.8441957278373029,0.0590494355476602
4,0,3,AdultCensus,0.08,0.8468572988466526,0.0797692967723067
5,0,3,AdultCensus,0.1,0.8489046611615368,0.0966876581096122
6,0,3,AdultCensus,0.12,0.8492458882140176,0.1173934448400194
7,0,3,AdultCensus,0.14,0.8510202688869174,0.1382964635501479
8,0,3,AdultCensus,0.16,0.8510202688869174,0.1382964635501479
9,0,3,AdultCensus,0.18,0.8512932505289019,0.1723965683274052
0,0,4,AdultCensus,0.0,0.8317750631270047,0.0065763393371725
1,0,4,AdultCensus,0.02,0.8352555790623081,0.0198071398101821
2,0,4,AdultCensus,0.04,0.8386678495871153,0.0380001063804115
3,0,4,AdultCensus,0.06,0.8429673104483724,0.0568130357528728
4,0,4,AdultCensus,0.08,0.8456971268682181,0.0776495513387191
5,0,4,AdultCensus,0.1,0.8473350167201256,0.0995222020256666
6,0,4,AdultCensus,0.12,0.8484269432880639,0.1215356404069189
7,0,4,AdultCensus,0.14,0.8503378147819559,0.1413016557230871
8,0,4,AdultCensus,0.16,0.8508837780659251,0.1621913825717974
9,0,4,AdultCensus,0.18,0.8519757046338634,0.1717220524950691
0,0,5,AdultCensus,0.0,0.8345731249573466,0.0018503409634137
1,0,5,AdultCensus,0.02,0.8376441684296732,0.0205676867697411
2,0,5,AdultCensus,0.04,0.8403739848495189,0.0403419600370946
3,0,5,AdultCensus,0.06,0.8440592370163107,0.0618303198147294
4,0,5,AdultCensus,0.08,0.849450624445506,0.1112548332007317
5,0,5,AdultCensus,0.1,0.849450624445506,0.1112548332007317
6,0,5,AdultCensus,0.12,0.8500648331399714,0.1170927020146993
7,0,5,AdultCensus,0.14,0.8505425510134443,0.1388746011395289
8,0,5,AdultCensus,0.16,0.8515662321708866,0.1599225252069682
9,0,5,AdultCensus,0.18,0.8512932505289019,0.163714317929591
0,0,6,AdultCensus,0.0,0.8379853954821538,0.0063003104069576
1,0,6,AdultCensus,0.02,0.8426943288063877,0.0282493711865145
2,0,6,AdultCensus,0.04,0.8471302804886371,0.0506051840506759
3,0,6,AdultCensus,0.06,0.8509520234764212,0.0730957720530594
4,0,6,AdultCensus,0.08,0.8517027229918788,0.0896412508230103
5,0,6,AdultCensus,0.1,0.8521121954548556,0.1076227695579784
6,0,6,AdultCensus,0.12,0.8558656930321435,0.1485257262674951
7,0,6,AdultCensus,0.14,0.8558656930321435,0.1485257262674951
8,0,6,AdultCensus,0.16,0.8570941104210742,0.1684913747498789
9,0,6,AdultCensus,0.18,0.8572988466525626,0.1693090148087216
0,0,7,AdultCensus,0.0,0.8274073568552515,0.000438513869862
1,0,7,AdultCensus,0.02,0.8323210264109738,0.0233484367406945
2,0,7,AdultCensus,0.04,0.8346413703678428,0.0441317410636769
3,0,7,AdultCensus,0.06,0.8426260833958916,0.0891420049203677
4,0,7,AdultCensus,0.08,0.8426260833958916,0.0891420049203677
5,0,7,AdultCensus,0.1,0.8445369548897836,0.1030152782233106
6,0,7,AdultCensus,0.12,0.8453558998157374,0.1230022666271298
7,0,7,AdultCensus,0.14,0.8471302804886371,0.1446253065859455
8,0,7,AdultCensus,0.16,0.8473350167201256,0.1641903951627993
9,0,7,AdultCensus,0.18,0.8477444891831024,0.171974526987249
0,0,8,AdultCensus,0.0,0.8302736640960895,0.0031276264694902
1,0,8,AdultCensus,0.02,0.8339589162628813,0.0172545731974733
2,0,8,AdultCensus,0.04,0.8387360949976114,0.0362669469734937
3,0,8,AdultCensus,0.06,0.8409881935439841,0.0575747597787227
4,0,8,AdultCensus,0.08,0.8427625742168839,0.0744219680493882
5,0,8,AdultCensus,0.1,0.8427625742168839,0.0837260122246432
6,0,8,AdultCensus,0.12,0.8427625742168839,0.0837260122246432
7,0,8,AdultCensus,0.14,0.8481539616460793,0.1386730441651881
8,0,8,AdultCensus,0.16,0.8484269432880639,0.1683907626344611
9,0,8,AdultCensus,0.18,0.8473350167201256,0.1800858378067868
0,0,9,AdultCensus,0.0,0.8352555790623081,0.0132233546788246
1,0,9,AdultCensus,0.02,0.8387360949976114,0.0056851764658739
2,0,9,AdultCensus,0.04,0.8431038012693647,0.025490859731356
3,0,9,AdultCensus,0.06,0.8458336176892104,0.0432219471172727
4,0,9,AdultCensus,0.08,0.8489729065720331,0.0666926361211779
5,0,9,AdultCensus,0.1,0.8507472872449328,0.0854635680220536
6,0,9,AdultCensus,0.12,0.8518392138128711,0.1034087360913851
7,0,9,AdultCensus,0.14,0.8521804408653518,0.1256993505770287
8,0,9,AdultCensus,0.16,0.8525899133283287,0.1312401509626601
9,0,9,AdultCensus,0.18,0.8514297413498942,0.1636669975390403
0,0,10,AdultCensus,0.0,0.8318433085375009,0.003511264154433
1,0,10,AdultCensus,0.02,0.8354603152937965,0.0243159625477503
2,0,10,AdultCensus,0.04,0.8384631133556268,0.0451130212155388
3,0,10,AdultCensus,0.06,0.8413976660069611,0.0659024401577984
4,0,10,AdultCensus,0.08,0.8441957278373029,0.0859451232832821
5,0,10,AdultCensus,0.1,0.8460383539206988,0.103938676280963
6,0,10,AdultCensus,0.12,0.8495871152664983,0.1523023901859959
7,0,10,AdultCensus,0.14,0.8495871152664983,0.1523023901859959
8,0,10,AdultCensus,0.16,0.849450624445506,0.1626525345915407
9,0,10,AdultCensus,0.18,0.8496553606769944,0.1786403334237192
0,0,11,AdultCensus,0.0,0.8345731249573466,0.011588735368162
1,0,11,AdultCensus,0.02,0.8372346959666962,0.0051933460179011
2,0,11,AdultCensus,0.04,0.839486794513069,0.0255554053924091
3,0,11,AdultCensus,0.06,0.8413294205964649,0.0459772136705153
4,0,11,AdultCensus,0.08,0.8439227461953184,0.0634180304095556
5,0,11,AdultCensus,0.1,0.8486999249300484,0.1189430471679314
6,0,11,AdultCensus,0.12,0.8486999249300484,0.1189430471679314
7,0,11,AdultCensus,0.14,0.8480857162355832,0.1234310482045633
8,0,11,AdultCensus,0.16,0.8489729065720331,0.1441008154871182
9,0,11,AdultCensus,0.18,0.8490411519825292,0.1640469524726893
0,0,12,AdultCensus,0.0,0.836142769398758,0.0027308675470701
1,0,12,AdultCensus,0.02,0.8386678495871153,0.0182841156144398
2,0,12,AdultCensus,0.04,0.8422848563434109,0.0409344930570945
3,0,12,AdultCensus,0.06,0.8467890534361564,0.0618319782676465
4,0,12,AdultCensus,0.08,0.8483586978775677,0.0798804862314129
5,0,12,AdultCensus,0.1,0.8495188698560022,0.1013212254331719
6,0,12,AdultCensus,0.12,0.8500648331399714,0.1416039318316125
7,0,12,AdultCensus,0.14,0.8498600969084829,0.142218190868228
8,0,12,AdultCensus,0.16,0.8499965877294752,0.1600119793063537
9,0,12,AdultCensus,0.18,0.8502013239609636,0.1656380849631269
0,0,13,AdultCensus,0.0,0.8303419095065857,0.0022164995552917
1,0,13,AdultCensus,0.02,0.8331399713369276,0.0176412944069034
2,0,13,AdultCensus,0.04,0.8370299597352078,0.0393420078681081
3,0,13,AdultCensus,0.06,0.8392820582815805,0.0630899718924284
4,0,13,AdultCensus,0.08,0.8405787210810073,0.0842791032402086
5,0,13,AdultCensus,0.1,0.8433085375008531,0.1060826109444328
6,0,13,AdultCensus,0.12,0.8452876544052412,0.128293732925258
7,0,13,AdultCensus,0.14,0.8474715075411179,0.1467194909620703
8,0,13,AdultCensus,0.16,0.8486316795195523,0.1650435445215384
9,0,13,AdultCensus,0.18,0.8486999249300484,0.1671933378432866
0,0,14,AdultCensus,0.0,0.8315703268955162,0.0012593353876828
1,0,14,AdultCensus,0.02,0.8360062785777657,0.0223509131067176
2,0,14,AdultCensus,0.04,0.8390773220500921,0.0405757363031896
3,0,14,AdultCensus,0.06,0.8417388930594417,0.0630997689852476
4,0,14,AdultCensus,0.08,0.8438545007848223,0.0815287974006281
5,0,14,AdultCensus,0.1,0.845628881457722,0.1035413947371565
6,0,14,AdultCensus,0.12,0.8471985258991332,0.157178236863381
7,0,14,AdultCensus,0.14,0.8471985258991332,0.157178236863381
8,0,14,AdultCensus,0.16,0.8473350167201256,0.1593279254514702
9,0,14,AdultCensus,0.18,0.846584317204668,0.1620919904475054
0,0,15,AdultCensus,0.0,0.8398962669760459,0.0177056344911274
1,0,15,AdultCensus,0.02,0.8425578379853955,0.0336372843764903
2,0,15,AdultCensus,0.04,0.8463795809731796,0.0543881277137381
3,0,15,AdultCensus,0.06,0.8474715075411179,0.0726539845113298
4,0,15,AdultCensus,0.08,0.850815532655429,0.0904178819536958
5,0,15,AdultCensus,0.1,0.8517027229918788,0.1113758075025817
6,0,15,AdultCensus,0.12,0.8533406128437863,0.1290309151145056
7,0,15,AdultCensus,0.14,0.8540230669487477,0.1464334515680575
8,0,15,AdultCensus,0.16,0.8542278031802362,0.1681777161665102
9,0,15,AdultCensus,0.18,0.8544325394117246,0.1725897434946168
0,0,16,AdultCensus,0.0,0.8306148911485702,0.0037695947435799
1,0,16,AdultCensus,0.02,0.8353238244728042,0.0196108788900216
2,0,16,AdultCensus,0.04,0.8394185491025729,0.0429946278760796
3,0,16,AdultCensus,0.06,0.8432402920903569,0.0624690757387882
4,0,16,AdultCensus,0.08,0.8467890534361564,0.1005365027323368
5,0,16,AdultCensus,0.1,0.847539752951614,0.102275861857559
6,0,16,AdultCensus,0.12,0.8493141336245138,0.1215241004422943
7,0,16,AdultCensus,0.14,0.850815532655429,0.1401548511056267
8,0,16,AdultCensus,0.16,0.8518392138128711,0.1537806322614406
9,0,16,AdultCensus,0.18,0.8518392138128711,0.1537806322614406
0,0,17,AdultCensus,0.0,0.837098205145704,0.0043477784355077
1,0,17,AdultCensus,0.02,0.8414659114174572,0.0170845953413318
2,0,17,AdultCensus,0.04,0.8469937896676448,0.0412672783765304
3,0,17,AdultCensus,0.06,0.8509520234764212,0.0593045603698057
4,0,17,AdultCensus,0.08,0.8539548215382515,0.079800876207172
5,0,17,AdultCensus,0.1,0.855592711390159,0.0982359875487896
6,0,17,AdultCensus,0.12,0.8573670920630587,0.1179060747332131
7,0,17,AdultCensus,0.14,0.8588684910939739,0.1396177142986477
8,0,17,AdultCensus,0.16,0.8604381355353853,0.1619413828647248
9,0,17,AdultCensus,0.18,0.8600286630724083,0.1757595279897973
0,0,18,AdultCensus,0.0,0.8287040196546782,0.0036019117007449
1,0,18,AdultCensus,0.02,0.8316385723060125,0.0169652127785278
2,0,18,AdultCensus,0.04,0.8350508428308197,0.0342583234655986
3,0,18,AdultCensus,0.06,0.8369617143247117,0.0522675886608625
4,0,18,AdultCensus,0.08,0.8411246843649764,0.0750890400684498
5,0,18,AdultCensus,0.1,0.8420118747014264,0.0966853001341676
6,0,18,AdultCensus,0.12,0.8431720466798608,0.1142865523098879
7,0,18,AdultCensus,0.14,0.8428990650378761,0.1397620472260143
8,0,18,AdultCensus,0.16,0.8434450283218453,0.1489749497814014
9,0,18,AdultCensus,0.18,0.8434450283218453,0.1489749497814014
0,0,19,AdultCensus,0.0,0.8312973452535317,0.0056269223581937
1,0,19,AdultCensus,0.02,0.8351190882413158,0.0131827896437187
2,0,19,AdultCensus,0.04,0.8386678495871153,0.0349666538719892
3,0,19,AdultCensus,0.06,0.8426943288063877,0.0581903401869033
4,0,19,AdultCensus,0.08,0.8449464273527605,0.0796534325930939
5,0,19,AdultCensus,0.1,0.8459018630997065,0.1019446015720618
6,0,19,AdultCensus,0.12,0.8473350167201256,0.1209259474374449
7,0,19,AdultCensus,0.14,0.8493823790350099,0.1387559617304464
8,0,19,AdultCensus,0.16,0.8506107964239404,0.1608979927508051
9,0,19,AdultCensus,0.18,0.8512932505289019,0.1713373973269225
0,0,20,AdultCensus,0.0,0.8343001433153621,0.0074774288429142
1,0,20,AdultCensus,0.02,0.8368934689142156,0.014502152180862
2,0,20,AdultCensus,0.04,0.8382583771241384,0.0324290483008895
3,0,20,AdultCensus,0.06,0.8403739848495189,0.0544244764152546
4,0,20,AdultCensus,0.08,0.8415341568279533,0.075984630824301
5,0,20,AdultCensus,0.1,0.8438545007848223,0.0983394751235082
6,0,20,AdultCensus,0.12,0.8456971268682181,0.1168252522554476
7,0,20,AdultCensus,0.14,0.8473350167201256,0.1628154066248762
8,0,20,AdultCensus,0.16,0.8473350167201256,0.1628154066248762
9,0,20,AdultCensus,0.18,0.8476762437726063,0.1672084912047604
0,0,21,AdultCensus,0.0,0.8318433085375009,0.0033214644851597
1,0,21,AdultCensus,0.02,0.834777861188835,0.0182073190527689
2,0,21,AdultCensus,0.04,0.839009076639596,0.0415218477456567
3,0,21,AdultCensus,0.06,0.8417388930594417,0.0605615672782391
4,0,21,AdultCensus,0.08,0.8449464273527605,0.0810226604349943
5,0,21,AdultCensus,0.1,0.8462430901521872,0.1038567853762298
6,0,21,AdultCensus,0.12,0.8478127345935986,0.1474796933072766
7,0,21,AdultCensus,0.14,0.8478127345935986,0.1474796933072766
8,0,21,AdultCensus,0.16,0.8484269432880639,0.1605896266688591
9,0,21,AdultCensus,0.18,0.8467890534361564,0.1761529964098315
0,0,22,AdultCensus,0.0,0.833344707568416,0.0018438904401776
1,0,22,AdultCensus,0.02,0.8378489046611616,0.0227392955706288
2,0,22,AdultCensus,0.04,0.8413976660069611,0.0434189713672807
3,0,22,AdultCensus,0.06,0.8450146727632567,0.0671019291651821
4,0,22,AdultCensus,0.08,0.847539752951614,0.0884906811368745
5,0,22,AdultCensus,0.1,0.8484269432880639,0.1045622410697123
6,0,22,AdultCensus,0.12,0.8491093973930253,0.1218690643711585
7,0,22,AdultCensus,0.14,0.8489729065720331,0.133992832582511
8,0,22,AdultCensus,0.16,0.8481539616460793,0.1510361915090019
9,0,22,AdultCensus,0.18,0.8480857162355832,0.1677079459584247
0,0,23,AdultCensus,0.0,0.831911553947997,0.0102646921978209
1,0,23,AdultCensus,0.02,0.8352555790623081,0.0073777796703991
2,0,23,AdultCensus,0.04,0.8394185491025729,0.0324092861467548
3,0,23,AdultCensus,0.06,0.8423531017539071,0.0527152726271389
4,0,23,AdultCensus,0.08,0.8435132737323415,0.0751750468287302
5,0,23,AdultCensus,0.1,0.8489046611615368,0.1414557741211269
6,0,23,AdultCensus,0.12,0.8489046611615368,0.1414557741211269
7,0,23,AdultCensus,0.14,0.8489046611615368,0.1414557741211269
8,0,23,AdultCensus,0.16,0.8482222070565755,0.156417408012197
9,0,23,AdultCensus,0.18,0.8468572988466526,0.1703480392113631
0,0,24,AdultCensus,0.0,0.8353238244728042,0.0072180569396379
1,0,24,AdultCensus,0.02,0.8392138128710844,0.010619861996641
2,0,24,AdultCensus,0.04,0.8431720466798608,0.033926498032877
3,0,24,AdultCensus,0.06,0.8459018630997065,0.0552329381656909
4,0,24,AdultCensus,0.08,0.8489046611615368,0.0736479654365201
5,0,24,AdultCensus,0.1,0.8510202688869174,0.09481563008568
6,0,24,AdultCensus,0.12,0.8519757046338634,0.11681007644753
7,0,24,AdultCensus,0.14,0.8523169316863441,0.1206066450626614
8,0,24,AdultCensus,0.16,0.8534088582542824,0.1573357067017428
9,0,24,AdultCensus,0.18,0.8528628949703132,0.1666236112789515
0,0,25,AdultCensus,0.0,0.8373711867876885,0.0047224423194509
1,0,25,AdultCensus,0.02,0.8392820582815805,0.0215617945091498
2,0,25,AdultCensus,0.04,0.84283081962738,0.0432151758294286
3,0,25,AdultCensus,0.06,0.8453558998157374,0.0607685223071731
4,0,25,AdultCensus,0.08,0.8476762437726063,0.0760444409329856
5,0,25,AdultCensus,0.1,0.8505425510134443,0.0970947460302355
6,0,25,AdultCensus,0.12,0.8510885142974135,0.1154529373787694
7,0,25,AdultCensus,0.14,0.851770968402375,0.1322655329254375
8,0,25,AdultCensus,0.16,0.8529311403808094,0.1508121146002166
9,0,25,AdultCensus,0.18,0.8534088582542824,0.1583845811394779
0,0,26,AdultCensus,0.0,0.8300689278646011,0.0087696727047247
1,0,26,AdultCensus,0.02,0.8340271616733774,0.014355525822891
2,0,26,AdultCensus,0.04,0.837098205145704,0.0380091729958387
3,0,26,AdultCensus,0.06,0.8392820582815805,0.0569149211210383
4,0,26,AdultCensus,0.08,0.8415341568279533,0.0812634915805688
5,0,26,AdultCensus,0.1,0.8435132737323415,0.0986906277969061
6,0,26,AdultCensus,0.12,0.8462430901521872,0.1292454363011791
7,0,26,AdultCensus,0.14,0.8463795809731796,0.1386472475706435
8,0,26,AdultCensus,0.16,0.8466525626151641,0.1605275751555317
9,0,26,AdultCensus,0.18,0.8463113355626835,0.1703511010431945
0,0,27,AdultCensus,0.0,0.8360062785777657,0.0076947473009057
1,0,27,AdultCensus,0.02,0.8398962669760459,0.0279302754004263
2,0,27,AdultCensus,0.04,0.8435132737323415,0.0473391820892054
3,0,27,AdultCensus,0.06,0.8434450283218453,0.0667669193760828
4,0,27,AdultCensus,0.08,0.8465160717941719,0.089492773151216
5,0,27,AdultCensus,0.1,0.8479492254145908,0.102494819911692
6,0,27,AdultCensus,0.12,0.8502695693714598,0.128924798792967
7,0,27,AdultCensus,0.14,0.8521121954548556,0.1481746496964758
8,0,27,AdultCensus,0.16,0.8525899133283287,0.1655850022404227
9,0,27,AdultCensus,0.18,0.852726404149321,0.1806347719296542
0,0,28,AdultCensus,0.0,0.8331399713369276,0.0074562495757512
1,0,28,AdultCensus,0.02,0.8388043404081076,0.0169829802427743
2,0,28,AdultCensus,0.04,0.8416024022384495,0.0387478719261535
3,0,28,AdultCensus,0.06,0.8439909916058145,0.0582335153478755
4,0,28,AdultCensus,0.08,0.8456971268682181,0.0792455716834884
5,0,28,AdultCensus,0.1,0.8469255442571487,0.0991478878138101
6,0,28,AdultCensus,0.12,0.84849518869856,0.1172913815137027
7,0,28,AdultCensus,0.14,0.8487681703405446,0.141083189325176
8,0,28,AdultCensus,0.16,0.8489046611615368,0.158200773325381
9,0,28,AdultCensus,0.18,0.8493141336245138,0.1785853302709665
0,0,29,AdultCensus,0.0,0.8316385723060125,0.0108568461605228
1,0,29,AdultCensus,0.02,0.8360745239882618,0.0325228339880247
2,0,29,AdultCensus,0.04,0.8388043404081076,0.0499862670161506
3,0,29,AdultCensus,0.06,0.8409881935439841,0.0695174576493859
4,0,29,AdultCensus,0.08,0.8428990650378761,0.0872815345277525
5,0,29,AdultCensus,0.1,0.8444687094792875,0.1080455908045324
6,0,29,AdultCensus,0.12,0.8452194089947451,0.1290410560913656
7,0,29,AdultCensus,0.14,0.8473350167201256,0.1471901251191768
8,0,29,AdultCensus,0.16,0.8479492254145908,0.1639073416624534
9,0,29,AdultCensus,0.18,0.8479492254145908,0.1639073416624534
0,0,30,AdultCensus,0.0,0.8398962669760459,0.0088467978346979
1,0,30,AdultCensus,0.02,0.8421483655224186,0.0231108106294373
2,0,30,AdultCensus,0.04,0.8440592370163107,0.0412627427409569
3,0,30,AdultCensus,0.06,0.8465160717941719,0.0607356850099891
4,0,30,AdultCensus,0.08,0.8486316795195523,0.0810775116282656
5,0,30,AdultCensus,0.1,0.8503378147819559,0.1018033138108241
6,0,30,AdultCensus,0.12,0.8523851770968403,0.1195643094462907
7,0,30,AdultCensus,0.14,0.8543642940012284,0.1395868302883859
8,0,30,AdultCensus,0.16,0.8540913123592438,0.1594347656277679
9,0,30,AdultCensus,0.18,0.85415955776974,0.1739534144105879
0,0,31,AdultCensus,0.0,0.8363475056302464,0.0095818826390243
1,0,31,AdultCensus,0.02,0.839964512386542,0.0118062852816544
2,0,31,AdultCensus,0.04,0.8431038012693647,0.0322468872582523
3,0,31,AdultCensus,0.06,0.8452194089947451,0.0528613397919295
4,0,31,AdultCensus,0.08,0.8477444891831024,0.0725572155810387
5,0,31,AdultCensus,0.1,0.8506790418344367,0.0946263334502776
6,0,31,AdultCensus,0.12,0.8522486862758479,0.1129283789028032
7,0,31,AdultCensus,0.14,0.8525899133283287,0.1316592952281238
8,0,31,AdultCensus,0.16,0.8518392138128711,0.1512971926182071
9,0,31,AdultCensus,0.18,0.850406060192452,0.1693152285555041
0,0,32,AdultCensus,0.0,0.8312290998430355,0.0135315365061544
1,0,32,AdultCensus,0.02,0.8355968061147888,0.0062194720073678
2,0,32,AdultCensus,0.04,0.8392820582815805,0.0281799966296414
3,0,32,AdultCensus,0.06,0.8420801201119225,0.048602959266307
4,0,32,AdultCensus,0.08,0.8454923906367297,0.0688745988170033
5,0,32,AdultCensus,0.1,0.8468572988466526,0.0881077715140834
6,0,32,AdultCensus,0.12,0.8486316795195523,0.1099558520296542
7,0,32,AdultCensus,0.14,0.8503378147819559,0.1395819942214317
8,0,32,AdultCensus,0.16,0.8504743056029482,0.1530348833806382
9,0,32,AdultCensus,0.18,0.8499283423189791,0.1633522336841801
0,0,33,AdultCensus,0.0,0.8381901317136422,0.0047496611611726
1,0,33,AdultCensus,0.02,0.8422166109329148,0.0159684893795789
2,0,33,AdultCensus,0.04,0.8456971268682181,0.0354582093342908
3,0,33,AdultCensus,0.06,0.8482904524670716,0.0562789660724568
4,0,33,AdultCensus,0.08,0.8506790418344367,0.0777139381036425
5,0,33,AdultCensus,0.1,0.8525899133283287,0.09628588984749
6,0,33,AdultCensus,0.12,0.8571623558315703,0.1487875594199034
7,0,33,AdultCensus,0.14,0.8571623558315703,0.1487875594199034
8,0,33,AdultCensus,0.16,0.8568893741895858,0.1559529305413128
9,0,33,AdultCensus,0.18,0.8587320002729817,0.171507837695773
0,0,34,AdultCensus,0.0,0.8332082167474237,0.0085476096307174
1,0,34,AdultCensus,0.02,0.8375759230191769,0.0295672979990292
2,0,34,AdultCensus,0.04,0.8407152119019996,0.0481493251364801
3,0,34,AdultCensus,0.06,0.8413294205964649,0.0681747856923626
4,0,34,AdultCensus,0.08,0.8446052003002799,0.0881014001216407
5,0,34,AdultCensus,0.1,0.846584317204668,0.108843771931419
6,0,34,AdultCensus,0.12,0.8474715075411179,0.1270208036518117
7,0,34,AdultCensus,0.14,0.8479492254145908,0.1473331916768678
8,0,34,AdultCensus,0.16,0.8477444891831024,0.1521288898332653
9,0,34,AdultCensus,0.18,0.8472667713096295,0.1779173658081825
0,0,35,AdultCensus,0.0,0.8345731249573466,0.0115543078421549
1,0,35,AdultCensus,0.02,0.8378489046611616,0.0282635002102845
2,0,35,AdultCensus,0.04,0.8405787210810073,0.0463953122308884
3,0,35,AdultCensus,0.06,0.8431038012693647,0.0649198397496081
4,0,35,AdultCensus,0.08,0.8454241452262335,0.0846500082821432
5,0,35,AdultCensus,0.1,0.847062035078141,0.1052993004397518
6,0,35,AdultCensus,0.12,0.8482904524670716,0.1275561139491142
7,0,35,AdultCensus,0.14,0.848017470825087,0.1296159222578313
8,0,35,AdultCensus,0.16,0.8514297413498942,0.1661965357243344
9,0,35,AdultCensus,0.18,0.8509520234764212,0.1840709297784905
0,0,36,AdultCensus,0.0,0.8287040196546782,0.0044212434042661
1,0,36,AdultCensus,0.02,0.8334129529789122,0.0158227903747334
2,0,36,AdultCensus,0.04,0.8381901317136422,0.0372915816765707
3,0,36,AdultCensus,0.06,0.8413294205964649,0.0600034473322655
4,0,36,AdultCensus,0.08,0.84371800996383,0.0785234591086272
5,0,36,AdultCensus,0.1,0.8442639732477991,0.0835389005111798
6,0,36,AdultCensus,0.12,0.8471302804886371,0.1194346768634685
7,0,36,AdultCensus,0.14,0.8471985258991332,0.1387834048757352
8,0,36,AdultCensus,0.16,0.8477444891831024,0.1616102164961506
9,0,36,AdultCensus,0.18,0.8476079983621101,0.1620201785746583
0,0,37,AdultCensus,0.0,0.8379853954821538,0.0101031025252219
1,0,37,AdultCensus,0.02,0.8427625742168839,0.0114494193113744
2,0,37,AdultCensus,0.04,0.8457653722787143,0.0290741274694901
3,0,37,AdultCensus,0.06,0.8473350167201256,0.050169278311853
4,0,37,AdultCensus,0.08,0.8501330785504675,0.0718592814314421
5,0,37,AdultCensus,0.1,0.8518392138128711,0.0902318472713298
6,0,37,AdultCensus,0.12,0.8523851770968403,0.1089996876192388
7,0,37,AdultCensus,0.14,0.8539548215382515,0.1319026814756099
8,0,37,AdultCensus,0.16,0.8542960485907323,0.1585502579725117
9,0,37,AdultCensus,0.18,0.8537500853067631,0.1821187852627995
0,0,38,AdultCensus,0.0,0.8319797993584931,0.0004927368051148
1,0,38,AdultCensus,0.02,0.835187333651812,0.0194098160489638
2,0,38,AdultCensus,0.04,0.8388043404081076,0.040951747882159
3,0,38,AdultCensus,0.06,0.8419436292909301,0.063405241760573
4,0,38,AdultCensus,0.08,0.844673445710776,0.0839133306180214
5,0,38,AdultCensus,0.1,0.8459701085102027,0.100554501728077
6,0,38,AdultCensus,0.12,0.8478809800040947,0.1238819857654554
7,0,38,AdultCensus,0.14,0.8488364157510407,0.1275499542140932
8,0,38,AdultCensus,0.16,0.8503378147819559,0.16348661757914
9,0,38,AdultCensus,0.18,0.8495188698560022,0.17484433355598
0,0,39,AdultCensus,0.0,0.8256329761823518,0.0057183389578673
1,0,39,AdultCensus,0.02,0.8295229645806319,0.0175460833809152
2,0,39,AdultCensus,0.04,0.8327987442844469,0.0385820997992695
3,0,39,AdultCensus,0.06,0.8363475056302464,0.0596243043757636
4,0,39,AdultCensus,0.08,0.8394185491025729,0.0791425704806124
5,0,39,AdultCensus,0.1,0.8411929297754726,0.1181904546155464
6,0,39,AdultCensus,0.12,0.8411929297754726,0.1181904546155464
7,0,39,AdultCensus,0.14,0.843786255374326,0.1380599196007735
8,0,39,AdultCensus,0.16,0.8444687094792875,0.1605822228934422
9,0,39,AdultCensus,0.18,0.8445369548897836,0.1637512915689523
0,0,40,AdultCensus,0.0,0.8255647307718555,0.0125034114577703
1,0,40,AdultCensus,0.02,0.828089810960213,0.0081643447685692
2,0,40,AdultCensus,0.04,0.8315703268955162,0.0268493577357957
3,0,40,AdultCensus,0.06,0.8351190882413158,0.0437775831924823
4,0,40,AdultCensus,0.08,0.8364157510407425,0.0627585823892385
5,0,40,AdultCensus,0.1,0.8403739848495189,0.0885089629956326
6,0,40,AdultCensus,0.12,0.8448099365317683,0.1077859484219187
7,0,40,AdultCensus,0.14,0.8463113355626835,0.1282882355154569
8,0,40,AdultCensus,0.16,0.846584317204668,0.1465372434275108
9,0,40,AdultCensus,0.18,0.847062035078141,0.1569857111272998
0,0,41,AdultCensus,0.0,0.8373711867876885,0.0119822221459349
1,0,41,AdultCensus,0.02,0.8420801201119225,0.0309724760807811
2,0,41,AdultCensus,0.04,0.8450146727632567,0.0505836440006768
3,0,41,AdultCensus,0.06,0.8481539616460793,0.0674229961903757
4,0,41,AdultCensus,0.08,0.8509520234764212,0.0848765732043663
5,0,41,AdultCensus,0.1,0.8514979867603903,0.1033211556951388
6,0,41,AdultCensus,0.12,0.8506790418344367,0.1251829948239358
7,0,41,AdultCensus,0.14,0.8516344775813827,0.1456926558652286
8,0,41,AdultCensus,0.16,0.8527946495598171,0.1581878398798341
9,0,41,AdultCensus,0.18,0.8527946495598171,0.1581878398798341
0,0,42,AdultCensus,0.0,0.830956118201051,0.0007363901426275
1,0,42,AdultCensus,0.02,0.8352555790623081,0.0229114700447917
2,0,42,AdultCensus,0.04,0.8375759230191769,0.0442596208936245
3,0,42,AdultCensus,0.06,0.8393503036920767,0.0612815242937744
4,0,42,AdultCensus,0.08,0.8424895925748993,0.0790225923361396
5,0,42,AdultCensus,0.1,0.8441274824268068,0.0975751074881729
6,0,42,AdultCensus,0.12,0.8468572988466526,0.1152936563397551
7,0,42,AdultCensus,0.14,0.8482222070565755,0.1446223815296252
8,0,42,AdultCensus,0.16,0.8489046611615368,0.1529107671603481
9,0,42,AdultCensus,0.18,0.8489046611615368,0.1529107671603481
0,0,43,AdultCensus,0.0,0.8353238244728042,0.0097658653816032
1,0,43,AdultCensus,0.02,0.8383266225346345,0.0291664264657396
2,0,43,AdultCensus,0.04,0.8415341568279533,0.0455845435150101
3,0,43,AdultCensus,0.06,0.8439227461953184,0.066920251568265
4,0,43,AdultCensus,0.08,0.8467890534361564,0.085993613787941
5,0,43,AdultCensus,0.1,0.8482222070565755,0.1054770941242417
6,0,43,AdultCensus,0.12,0.8485634341090562,0.1268976346274161
7,0,43,AdultCensus,0.14,0.8498600969084829,0.1516373840186933
8,0,43,AdultCensus,0.16,0.8500648331399714,0.1663805910418699
9,0,43,AdultCensus,0.18,0.8503378147819559,0.1689337849825581
0,0,44,AdultCensus,0.0,0.83238927182147,0.0009951638455591
1,0,44,AdultCensus,0.02,0.8363475056302464,0.0186863085004578
2,0,44,AdultCensus,0.04,0.8384631133556268,0.0378543811134426
3,0,44,AdultCensus,0.06,0.8409881935439841,0.0560105317780643
4,0,44,AdultCensus,0.08,0.8440592370163107,0.1252153531134945
5,0,44,AdultCensus,0.1,0.8440592370163107,0.1252153531134945
6,0,44,AdultCensus,0.12,0.8440592370163107,0.1252153531134945
7,0,44,AdultCensus,0.14,0.8443322186582952,0.1336127924586698
8,0,44,AdultCensus,0.16,0.8447416911212721,0.1547875747485563
9,0,44,AdultCensus,0.18,0.8451511635842489,0.1675835145903941
0,0,45,AdultCensus,0.0,0.8353238244728042,0.0030764112040224
1,0,45,AdultCensus,0.02,0.8383266225346345,0.0180856412121747
2,0,45,AdultCensus,0.04,0.8407152119019996,0.0361854334846575
3,0,45,AdultCensus,0.06,0.8441274824268068,0.055717895012195
4,0,45,AdultCensus,0.08,0.8478127345935986,0.0765761392357154
5,0,45,AdultCensus,0.1,0.8506107964239404,0.0994849265250153
6,0,45,AdultCensus,0.12,0.8520439500443595,0.1185107968403445
7,0,45,AdultCensus,0.14,0.8529311403808094,0.1382592295057478
8,0,45,AdultCensus,0.16,0.8534088582542824,0.1592390137531559
9,0,45,AdultCensus,0.18,0.8534088582542824,0.1662998695088024
0,0,46,AdultCensus,0.0,0.8325257626424623,0.0121543057510414
1,0,46,AdultCensus,0.02,0.8359380331672696,0.032196410721739
2,0,46,AdultCensus,0.04,0.8382583771241384,0.0508898474273639
3,0,46,AdultCensus,0.06,0.8410564389544803,0.0709136824947595
4,0,46,AdultCensus,0.08,0.8439909916058145,0.0916641250873766
5,0,46,AdultCensus,0.1,0.8458336176892104,0.1101145384018423
6,0,46,AdultCensus,0.12,0.8488364157510407,0.1340720015205274
7,0,46,AdultCensus,0.14,0.8498600969084829,0.1475876886951605
8,0,46,AdultCensus,0.16,0.8510885142974135,0.166411919385946
9,0,46,AdultCensus,0.18,0.850815532655429,0.1777817138053324
0,0,47,AdultCensus,0.0,0.8325257626424623,0.0068728401704312
1,0,47,AdultCensus,0.02,0.8365522418617348,0.0283905986686418
2,0,47,AdultCensus,0.04,0.8389408312290998,0.046461118653162
3,0,47,AdultCensus,0.06,0.8407834573124957,0.0600572770366569
4,0,47,AdultCensus,0.08,0.8440592370163107,0.0816843474040984
5,0,47,AdultCensus,0.1,0.8453558998157374,0.099059211588675
6,0,47,AdultCensus,0.12,0.8459701085102027,0.1024055419288034
7,0,47,AdultCensus,0.14,0.8479492254145908,0.1406430167522886
8,0,47,AdultCensus,0.16,0.8474715075411179,0.1607711443897459
9,0,47,AdultCensus,0.18,0.8478809800040947,0.1645678915425419
0,0,48,AdultCensus,0.0,0.8295912099911281,0.0072019542083996
1,0,48,AdultCensus,0.02,0.8329352351054392,0.0107079083062026
2,0,48,AdultCensus,0.04,0.8387360949976114,0.0332252293465563
3,0,48,AdultCensus,0.06,0.8415341568279533,0.0538981426264639
4,0,48,AdultCensus,0.08,0.8444004640687913,0.0769240404540577
5,0,48,AdultCensus,0.1,0.8473350167201256,0.0968838779692202
6,0,48,AdultCensus,0.12,0.8496553606769944,0.1167363027263528
7,0,48,AdultCensus,0.14,0.8497236060874906,0.136493421701692
8,0,48,AdultCensus,0.16,0.8512250051184058,0.1574764662794529
9,0,48,AdultCensus,0.18,0.851361495939398,0.1695543690160275
0,0,49,AdultCensus,0.0,0.8327304988739507,0.0037319985505507
1,0,49,AdultCensus,0.02,0.8360062785777657,0.0193345275931226
2,0,49,AdultCensus,0.04,0.8394185491025729,0.0372803653125252
3,0,49,AdultCensus,0.06,0.8421483655224186,0.0538759308213709
4,0,49,AdultCensus,0.08,0.8448099365317683,0.0736725674171971
5,0,49,AdultCensus,0.1,0.8452194089947451,0.0863310502988265
6,0,49,AdultCensus,0.12,0.8452194089947451,0.0863310502988265
7,0,49,AdultCensus,0.14,0.8490411519825292,0.1369068384537475
8,0,49,AdultCensus,0.16,0.8497236060874906,0.1556758605767518
9,0,49,AdultCensus,0.18,0.8492458882140176,0.1757189946884468
