,Unnamed: 0,seed,dataset,lambda,acc,disparity
0,0,0,AdultCensus,0.05,0.8532723674332902,0.1786619396474124
0,0,0,AdultCensus,0.15,0.8542960485907323,0.1602363425695697
0,0,0,AdultCensus,0.25,0.8493823790350099,0.1439722531020014
0,0,0,AdultCensus,0.35,0.8559339384426398,0.1388298151367851
0,0,0,AdultCensus,0.45,0.8521804408653518,0.1205014736264303
0,0,0,AdultCensus,0.55,0.8523169316863441,0.108724946986798
0,0,0,AdultCensus,0.65,0.8495188698560022,0.0933682614061791
0,0,0,AdultCensus,0.75,0.8453558998157374,0.0590975606583079
0,0,0,AdultCensus,0.8500000000000001,0.8354603152937965,0.0061817820912947
0,0,0,AdultCensus,0.95,0.8331399713369276,0.0063870574347107
0,0,1,AdultCensus,0.05,0.8465160717941719,0.1621177145776526
0,0,1,AdultCensus,0.15,0.8489046611615368,0.1479758893665426
0,0,1,AdultCensus,0.25,0.8512932505289019,0.1498249629189826
0,0,1,AdultCensus,0.35,0.8505425510134443,0.1265328662415868
0,0,1,AdultCensus,0.45,0.8482904524670716,0.1163842840263362
0,0,1,AdultCensus,0.55,0.8482222070565755,0.100417449328796
0,0,1,AdultCensus,0.65,0.8445369548897836,0.0716491642239847
0,0,1,AdultCensus,0.75,0.8422166109329148,0.0501387574961358
0,0,1,AdultCensus,0.8500000000000001,0.8383266225346345,0.0220139383457116
0,0,1,AdultCensus,0.95,0.8321162901794854,0.0077971370130727
0,0,2,AdultCensus,0.05,0.8495188698560022,0.1655416019557436
0,0,2,AdultCensus,0.15,0.8514979867603903,0.163061321171504
0,0,2,AdultCensus,0.25,0.8492458882140176,0.1547646318311356
0,0,2,AdultCensus,0.35,0.8505425510134443,0.1281975837508616
0,0,2,AdultCensus,0.45,0.8489046611615368,0.1312613668003374
0,0,2,AdultCensus,0.55,0.8492458882140176,0.0939004881541455
0,0,2,AdultCensus,0.65,0.839486794513069,0.0658289943051007
0,0,2,AdultCensus,0.75,0.84283081962738,0.0612166494449301
0,0,2,AdultCensus,0.8500000000000001,0.8335494437999045,0.0092397542499826
0,0,2,AdultCensus,0.95,0.8209922882686139,0.0194658231882283
0,0,3,AdultCensus,0.05,0.8500648331399714,0.1583323463681776
0,0,3,AdultCensus,0.15,0.8518392138128711,0.1401045318989169
0,0,3,AdultCensus,0.25,0.8512250051184058,0.1423754200343745
0,0,3,AdultCensus,0.35,0.8502695693714598,0.128037165571636
0,0,3,AdultCensus,0.45,0.8501330785504675,0.1166622223475155
0,0,3,AdultCensus,0.55,0.8486999249300484,0.0962670618056416
0,0,3,AdultCensus,0.65,0.8455606360472259,0.0728909023771652
0,0,3,AdultCensus,0.75,0.8423531017539071,0.0562564256893382
0,0,3,AdultCensus,0.8500000000000001,0.8386678495871153,0.0349223493347448
0,0,3,AdultCensus,0.95,0.827202620623763,0.0123955331168438
0,0,4,AdultCensus,0.05,0.8517027229918788,0.1763920514881192
0,0,4,AdultCensus,0.15,0.8510202688869174,0.1509599947744729
0,0,4,AdultCensus,0.25,0.8482904524670716,0.1404282919167775
0,0,4,AdultCensus,0.35,0.8471985258991332,0.1307618248291964
0,0,4,AdultCensus,0.45,0.8489729065720331,0.1183878794050429
0,0,4,AdultCensus,0.55,0.8476079983621101,0.0877276634511229
0,0,4,AdultCensus,0.65,0.8453558998157374,0.0860846841139806
0,0,4,AdultCensus,0.75,0.8424895925748993,0.0473048126860367
0,0,4,AdultCensus,0.8500000000000001,0.8351190882413158,0.0170178125702648
0,0,4,AdultCensus,0.95,0.8338906708523852,0.0011710899818669
0,0,5,AdultCensus,0.05,0.8512932505289019,0.1513678654862592
0,0,5,AdultCensus,0.15,0.8502695693714598,0.1456926658659896
0,0,5,AdultCensus,0.25,0.8534771036647786,0.1363633637894658
0,0,5,AdultCensus,0.35,0.8489046611615368,0.1237752935393472
0,0,5,AdultCensus,0.45,0.8511567597079096,0.1078650259544357
0,0,5,AdultCensus,0.55,0.8502695693714598,0.0981630669984239
0,0,5,AdultCensus,0.65,0.8468572988466526,0.0748590791538499
0,0,5,AdultCensus,0.75,0.8413294205964649,0.0479506933288738
0,0,5,AdultCensus,0.8500000000000001,0.8382583771241384,0.0321421362198247
0,0,5,AdultCensus,0.95,0.8308878727905549,0.0084699889695759
0,0,6,AdultCensus,0.05,0.8509520234764212,0.1855666905239973
0,0,6,AdultCensus,0.15,0.8521804408653518,0.1457446359094059
0,0,6,AdultCensus,0.25,0.8520439500443595,0.1277251767174904
0,0,6,AdultCensus,0.35,0.8534088582542824,0.1361742717025427
0,0,6,AdultCensus,0.45,0.8518392138128711,0.1204688216592995
0,0,6,AdultCensus,0.55,0.8503378147819559,0.1134482123102391
0,0,6,AdultCensus,0.65,0.845628881457722,0.0774348267144539
0,0,6,AdultCensus,0.75,0.8408517027229919,0.056095176611561
0,0,6,AdultCensus,0.8500000000000001,0.8331399713369276,0.0237012008808769
0,0,6,AdultCensus,0.95,0.8275438476762438,0.0005749941664964
0,0,7,AdultCensus,0.05,0.8463795809731796,0.1615280000528954
0,0,7,AdultCensus,0.15,0.8454241452262335,0.1495232064487923
0,0,7,AdultCensus,0.25,0.8471985258991332,0.1381379123909721
0,0,7,AdultCensus,0.35,0.8478809800040947,0.1299805647283743
0,0,7,AdultCensus,0.45,0.8476079983621101,0.1072812969717843
0,0,7,AdultCensus,0.55,0.8425578379853955,0.095084167920511
0,0,7,AdultCensus,0.65,0.8388725858186037,0.0663210693059116
0,0,7,AdultCensus,0.75,0.8374394321981846,0.0502564479647965
0,0,7,AdultCensus,0.8500000000000001,0.8354603152937965,0.0203340723950286
0,0,7,AdultCensus,0.95,0.8255647307718555,0.0072704862625027
0,0,8,AdultCensus,0.05,0.8479492254145908,0.181804050865206
0,0,8,AdultCensus,0.15,0.8469937896676448,0.1440298260532011
0,0,8,AdultCensus,0.25,0.8527946495598171,0.1453779680074221
0,0,8,AdultCensus,0.35,0.8464478263836757,0.1221263102693977
0,0,8,AdultCensus,0.45,0.8468572988466526,0.111976741227552
0,0,8,AdultCensus,0.55,0.8414659114174572,0.0814232885820204
0,0,8,AdultCensus,0.65,0.8401692486180304,0.0736832275450304
0,0,8,AdultCensus,0.75,0.8362110148092541,0.0410953501526774
0,0,8,AdultCensus,0.8500000000000001,0.8336859346208968,0.0172901892228243
0,0,8,AdultCensus,0.95,0.8244045587934211,0.0173642883954239
0,0,9,AdultCensus,0.05,0.8536135944857708,0.1573028957127375
0,0,9,AdultCensus,0.15,0.8525216679178326,0.1475159653426692
0,0,9,AdultCensus,0.25,0.8499965877294752,0.1186318888962503
0,0,9,AdultCensus,0.35,0.8493823790350099,0.1107463031094566
0,0,9,AdultCensus,0.45,0.8524534225073364,0.1012039281406154
0,0,9,AdultCensus,0.55,0.8452194089947451,0.0694042967163323
0,0,9,AdultCensus,0.65,0.846106599331195,0.0652729309834351
0,0,9,AdultCensus,0.75,0.8389408312290998,0.029902348733645
0,0,9,AdultCensus,0.8500000000000001,0.8337541800313929,0.001589294416838
0,0,9,AdultCensus,0.95,0.8304101549170818,0.0190984298869766
0,0,10,AdultCensus,0.05,0.8495871152664983,0.1620866897965846
0,0,10,AdultCensus,0.15,0.8515662321708866,0.1618802488386986
0,0,10,AdultCensus,0.25,0.8482904524670716,0.1466647357593622
0,0,10,AdultCensus,0.35,0.8490411519825292,0.1327820917088647
0,0,10,AdultCensus,0.45,0.8423531017539071,0.0938967516560525
0,0,10,AdultCensus,0.55,0.846106599331195,0.0849001856179704
0,0,10,AdultCensus,0.65,0.8400327577970381,0.0577211990976452
0,0,10,AdultCensus,0.75,0.8405787210810073,0.0435300827136035
0,0,10,AdultCensus,0.8500000000000001,0.836688732682727,0.021652350143732
0,0,10,AdultCensus,0.95,0.8308196273800587,0.0019763948897097
0,0,11,AdultCensus,0.05,0.8464478263836757,0.1498950039033982
0,0,11,AdultCensus,0.15,0.847539752951614,0.1508081729919939
0,0,11,AdultCensus,0.25,0.8491093973930253,0.1320892190115991
0,0,11,AdultCensus,0.35,0.8476079983621101,0.1205124629506181
0,0,11,AdultCensus,0.45,0.847062035078141,0.0846413133909926
0,0,11,AdultCensus,0.55,0.8444004640687913,0.0735974888672586
0,0,11,AdultCensus,0.65,0.8462430901521872,0.0542986351857222
0,0,11,AdultCensus,0.75,0.8417388930594417,0.0382008506320434
0,0,11,AdultCensus,0.8500000000000001,0.835733296935781,0.0035101268169951
0,0,11,AdultCensus,0.95,0.8282945471917014,0.0244125837054089
0,0,12,AdultCensus,0.05,0.8529311403808094,0.1665118520415174
0,0,12,AdultCensus,0.15,0.8538183307172592,0.1609409725311729
0,0,12,AdultCensus,0.25,0.8492458882140176,0.1365481236800729
0,0,12,AdultCensus,0.35,0.8493141336245138,0.1107672801831668
0,0,12,AdultCensus,0.45,0.8501330785504675,0.1175500550763734
0,0,12,AdultCensus,0.55,0.8489046611615368,0.0938627634902097
0,0,12,AdultCensus,0.65,0.8451511635842489,0.068941595755493
0,0,12,AdultCensus,0.75,0.8413976660069611,0.0422224562337008
0,0,12,AdultCensus,0.8500000000000001,0.8386678495871153,0.0197132450904736
0,0,12,AdultCensus,0.95,0.8297959462226165,0.0206401921211738
0,0,13,AdultCensus,0.05,0.8454241452262335,0.1404727235842896
0,0,13,AdultCensus,0.15,0.8488364157510407,0.1565440638367967
0,0,13,AdultCensus,0.25,0.8467208080256603,0.1402714522468872
0,0,13,AdultCensus,0.35,0.8465160717941719,0.1194905638866744
0,0,13,AdultCensus,0.45,0.8454923906367297,0.1056707633473242
0,0,13,AdultCensus,0.55,0.8435132737323415,0.0941028797477108
0,0,13,AdultCensus,0.65,0.840442230260015,0.0673841516216132
0,0,13,AdultCensus,0.75,0.8385996041766192,0.0444548531037783
0,0,13,AdultCensus,0.8500000000000001,0.8301371732750973,0.0219301510499053
0,0,13,AdultCensus,0.95,0.8246092950249095,0.0089860820157647
0,0,14,AdultCensus,0.05,0.8506790418344367,0.1746896833184123
0,0,14,AdultCensus,0.15,0.8502013239609636,0.1408076104698459
0,0,14,AdultCensus,0.25,0.8490411519825292,0.137323964180451
0,0,14,AdultCensus,0.35,0.8491093973930253,0.1231983375154668
0,0,14,AdultCensus,0.45,0.8464478263836757,0.1013888554089963
0,0,14,AdultCensus,0.55,0.8458336176892104,0.0755891546947811
0,0,14,AdultCensus,0.65,0.8407152119019996,0.0569602810158947
0,0,14,AdultCensus,0.75,0.8401010032075343,0.0453977840945892
0,0,14,AdultCensus,0.8500000000000001,0.8336176892104006,0.0205175099372396
0,0,14,AdultCensus,0.95,0.8268613935712823,0.0180720151441374
0,0,15,AdultCensus,0.05,0.8557292022111513,0.1731060156370678
0,0,15,AdultCensus,0.15,0.8554562205691667,0.1542080985670855
0,0,15,AdultCensus,0.25,0.8551832389271822,0.1346291331282297
0,0,15,AdultCensus,0.35,0.8566846379580974,0.1197398926005546
0,0,15,AdultCensus,0.45,0.855114993516686,0.1053243020418845
0,0,15,AdultCensus,0.55,0.8562751654951205,0.0985958797385233
0,0,15,AdultCensus,0.65,0.847539752951614,0.073520487816888
0,0,15,AdultCensus,0.75,0.8422166109329148,0.0410947945805168
0,0,15,AdultCensus,0.8500000000000001,0.8424895925748993,0.036883167352781
0,0,15,AdultCensus,0.95,0.8318433085375009,0.006078824123796
0,0,16,AdultCensus,0.05,0.8517027229918788,0.1512488897919903
0,0,16,AdultCensus,0.15,0.8532723674332902,0.1365379171806975
0,0,16,AdultCensus,0.25,0.8471302804886371,0.1312344706826771
0,0,16,AdultCensus,0.35,0.8491093973930253,0.1101951182047406
0,0,16,AdultCensus,0.45,0.8456971268682181,0.0940365027953243
0,0,16,AdultCensus,0.55,0.8474715075411179,0.0923971468992637
0,0,16,AdultCensus,0.65,0.8413294205964649,0.060253719719104
0,0,16,AdultCensus,0.75,0.8378489046611616,0.0502158352289435
0,0,16,AdultCensus,0.8500000000000001,0.831911553947997,0.0199615515613332
0,0,16,AdultCensus,0.95,0.824814031256398,0.0196426036179795
0,0,17,AdultCensus,0.05,0.8556609568006551,0.1835875153810341
0,0,17,AdultCensus,0.15,0.8525899133283287,0.1462952341396201
0,0,17,AdultCensus,0.25,0.8519074592233672,0.1378831632228645
0,0,17,AdultCensus,0.35,0.8532041220227939,0.1187661486948707
0,0,17,AdultCensus,0.45,0.8530676312018016,0.1078201517403606
0,0,17,AdultCensus,0.55,0.8503378147819559,0.0927604800675696
0,0,17,AdultCensus,0.65,0.8497236060874906,0.0711728629826426
0,0,17,AdultCensus,0.75,0.8455606360472259,0.0388370718332244
0,0,17,AdultCensus,0.8500000000000001,0.8401010032075343,0.0228173229696142
0,0,17,AdultCensus,0.95,0.8327987442844469,0.0061102749864146
0,0,18,AdultCensus,0.05,0.8466525626151641,0.1450869575783783
0,0,18,AdultCensus,0.15,0.8454923906367297,0.146824181690345
0,0,18,AdultCensus,0.25,0.8454241452262335,0.1267711640909993
0,0,18,AdultCensus,0.35,0.8469255442571487,0.1293209573923369
0,0,18,AdultCensus,0.45,0.8436497645533337,0.1003567259401164
0,0,18,AdultCensus,0.55,0.8426260833958916,0.0783591360976398
0,0,18,AdultCensus,0.65,0.8374394321981846,0.0621706041232465
0,0,18,AdultCensus,0.75,0.8402374940285265,0.0457048118510026
0,0,18,AdultCensus,0.8500000000000001,0.8343001433153621,0.0242056578364059
0,0,18,AdultCensus,0.95,0.8245410496144134,0.006315413024404
0,0,19,AdultCensus,0.05,0.8489046611615368,0.1389221873174443
0,0,19,AdultCensus,0.15,0.8478127345935986,0.1496207261989539
0,0,19,AdultCensus,0.25,0.8500648331399714,0.1381491825716291
0,0,19,AdultCensus,0.35,0.844673445710776,0.1142740199024574
0,0,19,AdultCensus,0.45,0.8452194089947451,0.0948522677723961
0,0,19,AdultCensus,0.55,0.8448781819422644,0.0853056496918334
0,0,19,AdultCensus,0.65,0.8411929297754726,0.0628155318966257
0,0,19,AdultCensus,0.75,0.8444004640687913,0.0626140999028614
0,0,19,AdultCensus,0.8500000000000001,0.833822425441889,0.0165866788889506
0,0,19,AdultCensus,0.95,0.8293182283491435,0.0096091183962208
0,0,20,AdultCensus,0.05,0.850406060192452,0.1621314378544874
0,0,20,AdultCensus,0.15,0.8486999249300484,0.163372807184904
0,0,20,AdultCensus,0.25,0.8479492254145908,0.1413740011380713
0,0,20,AdultCensus,0.35,0.8471302804886371,0.1256348792795746
0,0,20,AdultCensus,0.45,0.8484269432880639,0.1261257220591292
0,0,20,AdultCensus,0.55,0.84849518869856,0.0971376192623888
0,0,20,AdultCensus,0.65,0.8429673104483724,0.0669273721582882
0,0,20,AdultCensus,0.75,0.8403739848495189,0.0446769101426175
0,0,20,AdultCensus,0.8500000000000001,0.8372346959666962,0.0224741979130632
0,0,20,AdultCensus,0.95,0.830000682454105,0.0104750936907102
0,0,21,AdultCensus,0.05,0.8509520234764212,0.1601931902747121
0,0,21,AdultCensus,0.15,0.8501330785504675,0.1424482081833916
0,0,21,AdultCensus,0.25,0.8472667713096295,0.1308517110747105
0,0,21,AdultCensus,0.35,0.849450624445506,0.1167972450780118
0,0,21,AdultCensus,0.45,0.8472667713096295,0.1013295850541055
0,0,21,AdultCensus,0.55,0.8463113355626835,0.081314806967836
0,0,21,AdultCensus,0.65,0.8389408312290998,0.0434506726031988
0,0,21,AdultCensus,0.75,0.8364157510407425,0.0333157935790163
0,0,21,AdultCensus,0.8500000000000001,0.8349825974203234,0.0235524116108114
0,0,21,AdultCensus,0.95,0.828089810960213,0.0148094554454401
0,0,22,AdultCensus,0.05,0.847539752951614,0.1708519329789005
0,0,22,AdultCensus,0.15,0.8503378147819559,0.162363464646153
0,0,22,AdultCensus,0.25,0.8486999249300484,0.1567406242700967
0,0,22,AdultCensus,0.35,0.8492458882140176,0.1349317912238374
0,0,22,AdultCensus,0.45,0.8482222070565755,0.1159948787695215
0,0,22,AdultCensus,0.55,0.8461748447416911,0.1014662645256056
0,0,22,AdultCensus,0.65,0.8403739848495189,0.0740494857921194
0,0,22,AdultCensus,0.75,0.8435815191428376,0.0602700977023787
0,0,22,AdultCensus,0.8500000000000001,0.8353238244728042,0.0375703164911621
0,0,22,AdultCensus,0.95,0.8301371732750973,0.0032393511661672
0,0,23,AdultCensus,0.05,0.8477444891831024,0.1650314040060271
0,0,23,AdultCensus,0.15,0.8506107964239404,0.1562881232143547
0,0,23,AdultCensus,0.25,0.8478127345935986,0.1392356116644998
0,0,23,AdultCensus,0.35,0.8473350167201256,0.1216901506402022
0,0,23,AdultCensus,0.45,0.84371800996383,0.0966771224198317
0,0,23,AdultCensus,0.55,0.8451511635842489,0.0760663707038002
0,0,23,AdultCensus,0.65,0.8379171500716577,0.0628544386723692
0,0,23,AdultCensus,0.75,0.8365522418617348,0.0344926885110729
0,0,23,AdultCensus,0.8500000000000001,0.8295912099911281,0.0003628667519102
0,0,23,AdultCensus,0.95,0.8251552583088787,0.0169897904695959
0,0,24,AdultCensus,0.05,0.8477444891831024,0.1652150749668499
0,0,24,AdultCensus,0.15,0.8507472872449328,0.1428101733432718
0,0,24,AdultCensus,0.25,0.8503378147819559,0.1366673888088628
0,0,24,AdultCensus,0.35,0.8472667713096295,0.1068028667116284
0,0,24,AdultCensus,0.45,0.8445369548897836,0.0957470794740647
0,0,24,AdultCensus,0.55,0.8476762437726063,0.0968415071621539
0,0,24,AdultCensus,0.65,0.83805364089265,0.0509633164295177
0,0,24,AdultCensus,0.75,0.840919948133488,0.053679396151144
0,0,24,AdultCensus,0.8500000000000001,0.8358015423462772,0.0196072377148638
0,0,24,AdultCensus,0.95,0.8297277008121204,0.0095826044857321
0,0,25,AdultCensus,0.05,0.8503378147819559,0.1585311747285357
0,0,25,AdultCensus,0.15,0.8540913123592438,0.151652634995047
0,0,25,AdultCensus,0.25,0.8544325394117246,0.1362925549472486
0,0,25,AdultCensus,0.35,0.8552514843376783,0.1150142925068189
0,0,25,AdultCensus,0.45,0.8505425510134443,0.1025921213129367
0,0,25,AdultCensus,0.55,0.8440592370163107,0.0739364718202485
0,0,25,AdultCensus,0.65,0.8446052003002799,0.0512764769814198
0,0,25,AdultCensus,0.75,0.8392820582815805,0.0261283667618883
0,0,25,AdultCensus,0.8500000000000001,0.8313655906640278,0.0069578420481318
0,0,25,AdultCensus,0.95,0.8195591346481949,0.0335979927132742
0,0,26,AdultCensus,0.05,0.849450624445506,0.1656779940310966
0,0,26,AdultCensus,0.15,0.8476762437726063,0.1555244361308359
0,0,26,AdultCensus,0.25,0.8487681703405446,0.148519458042281
0,0,26,AdultCensus,0.35,0.8518392138128711,0.131240827775758
0,0,26,AdultCensus,0.45,0.8477444891831024,0.1041259244204706
0,0,26,AdultCensus,0.55,0.8396915307445574,0.073764924108069
0,0,26,AdultCensus,0.65,0.8433767829113492,0.0829822920448459
0,0,26,AdultCensus,0.75,0.8418071384699379,0.0548852834345449
0,0,26,AdultCensus,0.8500000000000001,0.8295912099911281,0.0141428187955556
0,0,26,AdultCensus,0.95,0.8274073568552515,0.0052304112619132
0,0,27,AdultCensus,0.05,0.8534088582542824,0.169849965326592
0,0,27,AdultCensus,0.15,0.8518392138128711,0.1631679275914125
0,0,27,AdultCensus,0.25,0.8512932505289019,0.1308459173338417
0,0,27,AdultCensus,0.35,0.8503378147819559,0.1200820336175554
0,0,27,AdultCensus,0.45,0.850815532655429,0.122461447070369
0,0,27,AdultCensus,0.55,0.8518392138128711,0.097075750390965
0,0,27,AdultCensus,0.65,0.8488364157510407,0.0851022727443914
0,0,27,AdultCensus,0.75,0.8441274824268068,0.0588753086335028
0,0,27,AdultCensus,0.8500000000000001,0.8381218863031461,0.026246715316005
0,0,27,AdultCensus,0.95,0.8336176892104006,0.002103043041391
0,0,28,AdultCensus,0.05,0.8490411519825292,0.166381487433515
0,0,28,AdultCensus,0.15,0.8496553606769944,0.1647330589980562
0,0,28,AdultCensus,0.25,0.8497918514979867,0.1587552231196506
0,0,28,AdultCensus,0.35,0.846106599331195,0.1159907372440085
0,0,28,AdultCensus,0.45,0.8467208080256603,0.1086608113506798
0,0,28,AdultCensus,0.55,0.8480857162355832,0.1062553865145318
0,0,28,AdultCensus,0.65,0.8438545007848223,0.0781009879138225
0,0,28,AdultCensus,0.75,0.8403057394390228,0.039916560381186
0,0,28,AdultCensus,0.8500000000000001,0.8408517027229919,0.0267283132961822
0,0,28,AdultCensus,0.95,0.8263154302873131,0.015903376148046
0,0,29,AdultCensus,0.05,0.8478809800040947,0.1613226446560666
0,0,29,AdultCensus,0.15,0.847062035078141,0.1461736816757668
0,0,29,AdultCensus,0.25,0.8517027229918788,0.1393668625843778
0,0,29,AdultCensus,0.35,0.8471302804886371,0.1250181741455491
0,0,29,AdultCensus,0.45,0.8497236060874906,0.1196972655953166
0,0,29,AdultCensus,0.55,0.8435132737323415,0.0850451436487841
0,0,29,AdultCensus,0.65,0.8417388930594417,0.06883408022528
0,0,29,AdultCensus,0.75,0.8351190882413158,0.0494976125800717
0,0,29,AdultCensus,0.8500000000000001,0.8306148911485702,0.0182282669303669
0,0,29,AdultCensus,0.95,0.8256329761823518,0.0068421330815211
0,0,30,AdultCensus,0.05,0.8538183307172592,0.168830037459709
0,0,30,AdultCensus,0.15,0.8523169316863441,0.1416688306626913
0,0,30,AdultCensus,0.25,0.8525899133283287,0.1341545889289824
0,0,30,AdultCensus,0.35,0.8568211287790896,0.1292913500042307
0,0,30,AdultCensus,0.45,0.8549785026956938,0.1277609497851495
0,0,30,AdultCensus,0.55,0.8489729065720331,0.0977587739791948
0,0,30,AdultCensus,0.65,0.8458336176892104,0.0764465670825568
0,0,30,AdultCensus,0.75,0.8430355558588685,0.0437292813879808
0,0,30,AdultCensus,0.8500000000000001,0.8413976660069611,0.0298179200545535
0,0,30,AdultCensus,0.95,0.8302054186855934,0.0158333857833172
0,0,31,AdultCensus,0.05,0.8488364157510407,0.1441892313376209
0,0,31,AdultCensus,0.15,0.8479492254145908,0.1482373720296121
0,0,31,AdultCensus,0.25,0.8474032621306217,0.1243631157506996
0,0,31,AdultCensus,0.35,0.8510202688869174,0.117712675982427
0,0,31,AdultCensus,0.45,0.846584317204668,0.1002366111160249
0,0,31,AdultCensus,0.55,0.8456971268682181,0.0917201132991021
0,0,31,AdultCensus,0.65,0.8454241452262335,0.0736354445229245
0,0,31,AdultCensus,0.75,0.8415341568279533,0.0450176453237035
0,0,31,AdultCensus,0.8500000000000001,0.8360745239882618,0.0118270432413056
0,0,31,AdultCensus,0.95,0.8265884119292978,0.0159535182519808
0,0,32,AdultCensus,0.05,0.8493141336245138,0.163055834407058
0,0,32,AdultCensus,0.15,0.84849518869856,0.1430292213645835
0,0,32,AdultCensus,0.25,0.8488364157510407,0.1459932988394624
0,0,32,AdultCensus,0.35,0.847539752951614,0.1269614243868863
0,0,32,AdultCensus,0.45,0.8474715075411179,0.0993115244282598
0,0,32,AdultCensus,0.55,0.8491093973930253,0.0847500549620864
0,0,32,AdultCensus,0.65,0.847062035078141,0.0699609020617759
0,0,32,AdultCensus,0.75,0.8402374940285265,0.0359010950954845
0,0,32,AdultCensus,0.8500000000000001,0.8371664505562001,0.0087239050792167
0,0,32,AdultCensus,0.95,0.8310926090220433,0.0233151902331938
0,0,33,AdultCensus,0.05,0.8521121954548556,0.1537387109658904
0,0,33,AdultCensus,0.15,0.8527946495598171,0.160439165398221
0,0,33,AdultCensus,0.25,0.8486316795195523,0.128692385532823
0,0,33,AdultCensus,0.35,0.8531358766122978,0.1268528134485506
0,0,33,AdultCensus,0.45,0.8482222070565755,0.1028782805283966
0,0,33,AdultCensus,0.55,0.8476079983621101,0.0901536901575543
0,0,33,AdultCensus,0.65,0.8467890534361564,0.0788027933141492
0,0,33,AdultCensus,0.75,0.8401010032075343,0.0457932274556703
0,0,33,AdultCensus,0.8500000000000001,0.8330034805159353,0.00692231132138
0,0,33,AdultCensus,0.95,0.8319797993584931,0.0096728767218844
0,0,34,AdultCensus,0.05,0.8460383539206988,0.1562362169617111
0,0,34,AdultCensus,0.15,0.8469937896676448,0.1569015218041267
0,0,34,AdultCensus,0.25,0.8465160717941719,0.1433175442786144
0,0,34,AdultCensus,0.35,0.8477444891831024,0.1286347262676843
0,0,34,AdultCensus,0.45,0.8491093973930253,0.1222863228175345
0,0,34,AdultCensus,0.55,0.8448781819422644,0.1021005063069511
0,0,34,AdultCensus,0.65,0.8410564389544803,0.0728510160508475
0,0,34,AdultCensus,0.75,0.8419436292909301,0.0562585518823072
0,0,34,AdultCensus,0.8500000000000001,0.8325257626424623,0.0220952955219215
0,0,34,AdultCensus,0.95,0.8280215655497167,0.0063650553974978
0,0,35,AdultCensus,0.05,0.8469255442571487,0.1842604138976813
0,0,35,AdultCensus,0.15,0.8507472872449328,0.1595395043874242
0,0,35,AdultCensus,0.25,0.851770968402375,0.1423222335719823
0,0,35,AdultCensus,0.35,0.8499283423189791,0.1304935718151358
0,0,35,AdultCensus,0.45,0.8486316795195523,0.1203710695824203
0,0,35,AdultCensus,0.55,0.8474032621306217,0.1022009932996996
0,0,35,AdultCensus,0.65,0.8465160717941719,0.0813881066395421
0,0,35,AdultCensus,0.75,0.8422166109329148,0.0481683708622965
0,0,35,AdultCensus,0.8500000000000001,0.8385996041766192,0.0308815612967716
0,0,35,AdultCensus,0.95,0.830956118201051,0.0026424513860152
0,0,36,AdultCensus,0.05,0.8505425510134443,0.1636724823337828
0,0,36,AdultCensus,0.15,0.8489046611615368,0.1513765506715138
0,0,36,AdultCensus,0.25,0.8486316795195523,0.142479657641472
0,0,36,AdultCensus,0.35,0.8480857162355832,0.1364510338145028
0,0,36,AdultCensus,0.45,0.8467890534361564,0.1089593963375381
0,0,36,AdultCensus,0.55,0.8462430901521872,0.0872768319175574
0,0,36,AdultCensus,0.65,0.8401692486180304,0.0559374457821801
0,0,36,AdultCensus,0.75,0.8406469664915035,0.0488963722040351
0,0,36,AdultCensus,0.8500000000000001,0.8322527810004777,0.0139822733268087
0,0,36,AdultCensus,0.95,0.8284992834231898,0.0008715252866887
0,0,37,AdultCensus,0.05,0.856070429263632,0.1539591466710989
0,0,37,AdultCensus,0.15,0.8535453490752747,0.1519129155840033
0,0,37,AdultCensus,0.25,0.8542278031802362,0.1368663716942954
0,0,37,AdultCensus,0.35,0.8508837780659251,0.0977379498752269
0,0,37,AdultCensus,0.45,0.8547055210537091,0.1070690648340891
0,0,37,AdultCensus,0.55,0.8516344775813827,0.0716090182490689
0,0,37,AdultCensus,0.65,0.84849518869856,0.0677992807016396
0,0,37,AdultCensus,0.75,0.8420118747014264,0.0437686787770282
0,0,37,AdultCensus,0.8500000000000001,0.8422166109329148,0.0139730171362256
0,0,37,AdultCensus,0.95,0.813417047703542,0.0498681187907468
0,0,38,AdultCensus,0.05,0.8478127345935986,0.1603403532542579
0,0,38,AdultCensus,0.15,0.8483586978775677,0.1582863468944799
0,0,38,AdultCensus,0.25,0.8484269432880639,0.1296152384052094
0,0,38,AdultCensus,0.35,0.8491093973930253,0.1183711152517924
0,0,38,AdultCensus,0.45,0.8495871152664983,0.1218568631848269
0,0,38,AdultCensus,0.55,0.8467208080256603,0.0816023776675882
0,0,38,AdultCensus,0.65,0.8434450283218453,0.079079672991344
0,0,38,AdultCensus,0.75,0.8395550399235652,0.0431595086758476
0,0,38,AdultCensus,0.8500000000000001,0.8373029413771924,0.0294991101582225
0,0,38,AdultCensus,0.95,0.831911553947997,0.0077854629004669
0,0,39,AdultCensus,0.05,0.8495188698560022,0.139938151031867
0,0,39,AdultCensus,0.15,0.8461748447416911,0.1385586098854655
0,0,39,AdultCensus,0.25,0.8450146727632567,0.1343199515249795
0,0,39,AdultCensus,0.35,0.8454241452262335,0.1287141283343719
0,0,39,AdultCensus,0.45,0.8400327577970381,0.0948527987701286
0,0,39,AdultCensus,0.55,0.8392138128710844,0.0838794173832386
0,0,39,AdultCensus,0.65,0.8387360949976114,0.0733119039089424
0,0,39,AdultCensus,0.75,0.8334129529789122,0.0299093334483996
0,0,39,AdultCensus,0.8500000000000001,0.8334129529789122,0.0187678264947495
0,0,39,AdultCensus,0.95,0.8170340544598376,0.0294793609873758
0,0,40,AdultCensus,0.05,0.8489729065720331,0.1559800026318314
0,0,40,AdultCensus,0.15,0.8465160717941719,0.1423521637375006
0,0,40,AdultCensus,0.25,0.8458336176892104,0.1349335045414261
0,0,40,AdultCensus,0.35,0.8451511635842489,0.1062423493701028
0,0,40,AdultCensus,0.45,0.84371800996383,0.1014843849514019
0,0,40,AdultCensus,0.55,0.8453558998157374,0.0929709411848036
0,0,40,AdultCensus,0.65,0.8407834573124957,0.0661862204873877
0,0,40,AdultCensus,0.75,0.8305466457380741,0.0325175077255797
0,0,40,AdultCensus,0.8500000000000001,0.8297277008121204,0.0100356165250529
0,0,40,AdultCensus,0.95,0.8221524602470484,0.0289384950769878
0,0,41,AdultCensus,0.05,0.8555244659796629,0.1683208666729099
0,0,41,AdultCensus,0.15,0.8532723674332902,0.1490430208956761
0,0,41,AdultCensus,0.25,0.8506107964239404,0.1442535186878744
0,0,41,AdultCensus,0.35,0.8538865761277554,0.1184739138296421
0,0,41,AdultCensus,0.45,0.8510885142974135,0.120036779445917
0,0,41,AdultCensus,0.55,0.8496553606769944,0.1009049593101296
0,0,41,AdultCensus,0.65,0.847062035078141,0.0759876041016419
0,0,41,AdultCensus,0.75,0.84283081962738,0.0511103838577004
0,0,41,AdultCensus,0.8500000000000001,0.8420118747014264,0.0199510109425414
0,0,41,AdultCensus,0.95,0.8334129529789122,0.0037975291165705
0,0,42,AdultCensus,0.05,0.8495871152664983,0.1559748055629627
0,0,42,AdultCensus,0.15,0.8506790418344367,0.1518640869365124
0,0,42,AdultCensus,0.25,0.8460383539206988,0.1165255106930234
0,0,42,AdultCensus,0.35,0.8454923906367297,0.1182879314656997
0,0,42,AdultCensus,0.45,0.8466525626151641,0.1079357418252081
0,0,42,AdultCensus,0.55,0.8455606360472259,0.0939975811196079
0,0,42,AdultCensus,0.65,0.8334811983894083,0.0458859392063354
0,0,42,AdultCensus,0.75,0.8344366341363544,0.0406143478923402
0,0,42,AdultCensus,0.8500000000000001,0.8289087558861666,0.0178355142007235
0,0,42,AdultCensus,0.95,0.8209240428581178,0.0174572254063022
0,0,43,AdultCensus,0.05,0.847062035078141,0.160173988306283
0,0,43,AdultCensus,0.15,0.8450146727632567,0.158760576672283
0,0,43,AdultCensus,0.25,0.8478809800040947,0.1434222810506004
0,0,43,AdultCensus,0.35,0.8453558998157374,0.1296568442252942
0,0,43,AdultCensus,0.45,0.8474032621306217,0.1076979593075872
0,0,43,AdultCensus,0.55,0.8438545007848223,0.0861262761817433
0,0,43,AdultCensus,0.65,0.8448099365317683,0.0777389433673701
0,0,43,AdultCensus,0.75,0.8381901317136422,0.0490861579385533
0,0,43,AdultCensus,0.8500000000000001,0.8374394321981846,0.0195589149906528
0,0,43,AdultCensus,0.95,0.8248822766668942,0.0078941272523751
0,0,44,AdultCensus,0.05,0.8497236060874906,0.1605849380261537
0,0,44,AdultCensus,0.15,0.8499965877294752,0.1372297008912678
0,0,44,AdultCensus,0.25,0.8503378147819559,0.1284423953589165
0,0,44,AdultCensus,0.35,0.8491093973930253,0.1229571883129743
0,0,44,AdultCensus,0.45,0.8469937896676448,0.0986294797261015
0,0,44,AdultCensus,0.55,0.8425578379853955,0.0771540963552463
0,0,44,AdultCensus,0.65,0.8403057394390228,0.064393490617949
0,0,44,AdultCensus,0.75,0.835733296935781,0.0408347532795628
0,0,44,AdultCensus,0.8500000000000001,0.8336859346208968,0.0190583718153283
0,0,44,AdultCensus,0.95,0.8278850747287245,0.0183763671801457
0,0,45,AdultCensus,0.05,0.8522486862758479,0.1606262572672812
0,0,45,AdultCensus,0.15,0.8495871152664983,0.1360688295850607
0,0,45,AdultCensus,0.25,0.8492458882140176,0.1281829209597131
0,0,45,AdultCensus,0.35,0.8463113355626835,0.10668115936204
0,0,45,AdultCensus,0.45,0.8454923906367297,0.0975822159857075
0,0,45,AdultCensus,0.55,0.8431720466798608,0.0807913549246694
0,0,45,AdultCensus,0.65,0.844673445710776,0.0626037255973757
0,0,45,AdultCensus,0.75,0.8389408312290998,0.0472404050787066
0,0,45,AdultCensus,0.8500000000000001,0.8353920698833004,0.0168454138171957
0,0,45,AdultCensus,0.95,0.8274073568552515,0.0183029730289163
0,0,46,AdultCensus,0.05,0.8525899133283287,0.1657218516673286
0,0,46,AdultCensus,0.15,0.8511567597079096,0.1510194627090856
0,0,46,AdultCensus,0.25,0.8514297413498942,0.144051220557935
0,0,46,AdultCensus,0.35,0.8505425510134443,0.1334367435118164
0,0,46,AdultCensus,0.45,0.847539752951614,0.1155744611167836
0,0,46,AdultCensus,0.55,0.8492458882140176,0.1032244484983423
0,0,46,AdultCensus,0.65,0.8433767829113492,0.0786760971361084
0,0,46,AdultCensus,0.75,0.8416024022384495,0.0557275620645243
0,0,46,AdultCensus,0.8500000000000001,0.8374394321981846,0.0381813826738592
0,0,46,AdultCensus,0.95,0.8218112331945676,0.0259731091439392
0,0,47,AdultCensus,0.05,0.8499283423189791,0.1559455934104814
0,0,47,AdultCensus,0.15,0.8514979867603903,0.160885051697621
0,0,47,AdultCensus,0.25,0.8505425510134443,0.1412220207462779
0,0,47,AdultCensus,0.35,0.8491776428035215,0.1432401842175191
0,0,47,AdultCensus,0.45,0.8466525626151641,0.1048747391929005
0,0,47,AdultCensus,0.55,0.8466525626151641,0.1062266066110916
0,0,47,AdultCensus,0.65,0.84371800996383,0.0733676884922344
0,0,47,AdultCensus,0.75,0.8403739848495189,0.0621555628316667
0,0,47,AdultCensus,0.8500000000000001,0.8406469664915035,0.0366663028611073
0,0,47,AdultCensus,0.95,0.8289087558861666,0.0134755919446215
0,0,48,AdultCensus,0.05,0.8519757046338634,0.1567573370265895
0,0,48,AdultCensus,0.15,0.8520439500443595,0.1479418035666146
0,0,48,AdultCensus,0.25,0.8529993857913055,0.1337132787346408
0,0,48,AdultCensus,0.35,0.847539752951614,0.1222670333949364
0,0,48,AdultCensus,0.45,0.8512932505289019,0.114166712224925
0,0,48,AdultCensus,0.55,0.8482904524670716,0.0952315061225062
0,0,48,AdultCensus,0.65,0.8452194089947451,0.0788605492084697
0,0,48,AdultCensus,0.75,0.8450146727632567,0.062378974748576
0,0,48,AdultCensus,0.8500000000000001,0.8265884119292978,0.004536261964803
0,0,48,AdultCensus,0.95,0.8212652699105986,0.0152318957241637
0,0,49,AdultCensus,0.05,0.8532041220227939,0.1684586048730052
0,0,49,AdultCensus,0.15,0.8527946495598171,0.1519592417496749
0,0,49,AdultCensus,0.25,0.8508837780659251,0.1340695220884896
0,0,49,AdultCensus,0.35,0.8481539616460793,0.1200272016464447
0,0,49,AdultCensus,0.45,0.8476079983621101,0.0958044958243945
0,0,49,AdultCensus,0.55,0.8482904524670716,0.0844882682878625
0,0,49,AdultCensus,0.65,0.851361495939398,0.0887414896753743
0,0,49,AdultCensus,0.75,0.8426943288063877,0.0593266187443765
0,0,49,AdultCensus,0.8500000000000001,0.8335494437999045,0.0033775687091783
0,0,49,AdultCensus,0.95,0.8250187674878864,0.0248796879464655
