,Unnamed: 0,seed,dataset,alpha,acc,disparity
0,0,0,COMPAS,0.0,0.6439393939393939,0.0400743846963118
1,0,0,COMPAS,0.03,0.6429924242424242,0.0612414242743046
2,0,0,COMPAS,0.06,0.6448863636363636,0.0821936076577711
3,0,0,COMPAS,0.09,0.6486742424242424,0.1056647947012017
4,0,0,COMPAS,0.12,0.6505681818181818,0.1316549854045964
5,0,0,COMPAS,0.15,0.646780303030303,0.1772044986441833
6,0,0,COMPAS,0.18,0.6505681818181818,0.2105887059730021
7,0,0,COMPAS,0.21,0.6505681818181818,0.2483144901981122
8,0,0,COMPAS,0.24,0.6534090909090909,0.2708743906233793
9,0,0,COMPAS,inf,0.6581439393939394,0.308385318653963
0,0,1,COMPAS,0.0,0.6647727272727273,0.0334598876907095
1,0,1,COMPAS,0.03,0.6638257575757576,0.0031718687038591
2,0,1,COMPAS,0.06,0.6685606060606061,0.0323656299560448
3,0,1,COMPAS,0.09,0.6751893939393939,0.065211846079341
4,0,1,COMPAS,0.12,0.678030303030303,0.0863465469883882
5,0,1,COMPAS,0.15,0.6789772727272727,0.10101921235624
6,0,1,COMPAS,0.18,0.6761363636363636,0.1292887694406346
7,0,1,COMPAS,0.21,0.6714015151515151,0.171828038875724
8,0,1,COMPAS,0.24,0.6695075757575758,0.2128848848256765
9,0,1,COMPAS,inf,0.6647727272727273,0.2567697955290699
0,0,2,COMPAS,0.0,0.6714015151515151,0.0170900385689586
1,0,2,COMPAS,0.03,0.6666666666666666,0.0235403644101609
2,0,2,COMPAS,0.06,0.6638257575757576,0.053797047479718
3,0,2,COMPAS,0.09,0.6704545454545454,0.0762512745489205
4,0,2,COMPAS,0.12,0.6714015151515151,0.1058429755729928
5,0,2,COMPAS,0.15,0.6770833333333334,0.1343928713924724
6,0,2,COMPAS,0.18,0.6761363636363636,0.1743582923261072
7,0,2,COMPAS,0.21,0.6827651515151515,0.2039499933501795
8,0,2,COMPAS,0.24,0.6818181818181818,0.2225029924192046
9,0,2,COMPAS,inf,0.6818181818181818,0.2568603981025845
0,0,3,COMPAS,0.0,0.6761363636363636,0.0382011442359209
1,0,3,COMPAS,0.03,0.6799242424242424,0.0121392415971345
2,0,3,COMPAS,0.06,0.6808712121212122,0.0148031307253946
3,0,3,COMPAS,0.09,0.6893939393939394,0.0639782992323053
4,0,3,COMPAS,0.12,0.6837121212121212,0.1140339374229589
5,0,3,COMPAS,0.15,0.6856060606060606,0.1361393465041606
6,0,3,COMPAS,0.18,0.6846590909090909,0.1551687317115206
7,0,3,COMPAS,0.21,0.6827651515151515,0.1909045608329617
8,0,3,COMPAS,0.24,0.6761363636363636,0.2231822047710216
9,0,3,COMPAS,inf,0.6742424242424242,0.2279554744607591
0,0,4,COMPAS,0.0,0.6742424242424242,0.0843917541342596
1,0,4,COMPAS,0.03,0.6723484848484849,0.0635656573283999
2,0,4,COMPAS,0.06,0.6695075757575758,0.0332175488937551
3,0,4,COMPAS,0.09,0.6695075757575758,0.0119685871781318
4,0,4,COMPAS,0.12,0.6676136363636364,0.0101714113116363
5,0,4,COMPAS,0.15,0.6704545454545454,0.0396284829721362
6,0,4,COMPAS,0.18,0.6676136363636364,0.0668806161745828
7,0,4,COMPAS,0.21,0.6761363636363636,0.1153817110926527
8,0,4,COMPAS,0.24,0.6799242424242424,0.1618666465302423
9,0,4,COMPAS,inf,0.6808712121212122,0.179785547081477
0,0,5,COMPAS,0.0,0.6581439393939394,0.0116375974760402
1,0,5,COMPAS,0.03,0.6619318181818182,0.0180963152568605
2,0,5,COMPAS,0.06,0.6638257575757576,0.0399726174177034
3,0,5,COMPAS,0.09,0.6638257575757576,0.0637537948687422
4,0,5,COMPAS,0.12,0.6676136363636364,0.0998571343532353
5,0,5,COMPAS,0.15,0.6714015151515151,0.1430739924995535
6,0,5,COMPAS,0.18,0.6723484848484849,0.1657985594380618
7,0,5,COMPAS,0.21,0.6732954545454546,0.18852312637657
8,0,5,COMPAS,0.24,0.6723484848484849,0.2161289362462051
9,0,5,COMPAS,inf,0.6714015151515151,0.2177212929341032
0,0,6,COMPAS,0.0,0.665719696969697,0.0273586063059747
1,0,6,COMPAS,0.03,0.665719696969697,0.0109189056557477
2,0,6,COMPAS,0.06,0.6695075757575758,0.0055207949944792
3,0,6,COMPAS,0.09,0.6666666666666666,0.0493191019506809
4,0,6,COMPAS,0.12,0.665719696969697,0.0781499202551834
5,0,6,COMPAS,0.15,0.6723484848484849,0.1145871672187461
6,0,6,COMPAS,0.18,0.6742424242424242,0.1428045638571954
7,0,6,COMPAS,0.21,0.6761363636363636,0.182799656483867
8,0,6,COMPAS,0.24,0.6799242424242424,0.2284382284382284
9,0,6,COMPAS,inf,0.6808712121212122,0.2638940007361059
0,0,7,COMPAS,0.0,0.6808712121212122,0.0202433093670734
1,0,7,COMPAS,0.03,0.6865530303030303,0.0083738286943196
2,0,7,COMPAS,0.06,0.6865530303030303,0.0034956519784341
3,0,7,COMPAS,0.09,0.6865530303030303,0.0399208701288483
4,0,7,COMPAS,0.12,0.6903409090909091,0.0612095030778971
5,0,7,COMPAS,0.15,0.6922348484848485,0.0913552863774479
6,0,7,COMPAS,0.18,0.6903409090909091,0.1245133999992506
7,0,7,COMPAS,0.21,0.696969696969697,0.1633252529945336
8,0,7,COMPAS,0.24,0.6903409090909091,0.1909570143460358
9,0,7,COMPAS,inf,0.6884469696969697,0.2359846086405922
0,0,8,COMPAS,0.0,0.678030303030303,0.05261764130197
1,0,8,COMPAS,0.03,0.6742424242424242,0.0799511818820305
2,0,8,COMPAS,0.06,0.6723484848484849,0.1063405984824933
3,0,8,COMPAS,0.09,0.6732954545454546,0.123023960024409
4,0,8,COMPAS,0.12,0.6742424242424242,0.1458326137266415
5,0,8,COMPAS,0.15,0.6751893939393939,0.1645884425408448
6,0,8,COMPAS,0.18,0.6818181818181818,0.1904136874949628
7,0,8,COMPAS,0.21,0.6837121212121212,0.2096415782989649
8,0,8,COMPAS,0.24,0.6903409090909091,0.2375392905253704
9,0,8,COMPAS,inf,0.6884469696969697,0.2799557873648578
0,0,9,COMPAS,0.0,0.6543560606060606,0.0161898650094009
1,0,9,COMPAS,0.03,0.6609848484848485,0.014782540165051
2,0,9,COMPAS,0.06,0.6628787878787878,0.0504497810202542
3,0,9,COMPAS,0.09,0.6714015151515151,0.1022731110885938
4,0,9,COMPAS,0.12,0.6695075757575758,0.1364767341056731
5,0,9,COMPAS,0.15,0.6799242424242424,0.1828959367717094
6,0,9,COMPAS,0.18,0.6846590909090909,0.2107384514923272
7,0,9,COMPAS,0.21,0.6827651515151515,0.2472388286553855
8,0,9,COMPAS,0.24,0.6865530303030303,0.2766462886029204
9,0,9,COMPAS,inf,0.6846590909090909,0.2885353688879882
0,0,10,COMPAS,0.0,0.6600378787878788,0.0081206013409403
1,0,10,COMPAS,0.03,0.6590909090909091,0.0183234081539165
2,0,10,COMPAS,0.06,0.6581439393939394,0.0318577437221505
3,0,10,COMPAS,0.09,0.6628787878787878,0.0702952567359347
4,0,10,COMPAS,0.12,0.6685606060606061,0.1139382834298088
5,0,10,COMPAS,0.15,0.6685606060606061,0.1480864531711989
6,0,10,COMPAS,0.18,0.6742424242424242,0.1809852996293674
7,0,10,COMPAS,0.21,0.6732954545454546,0.2123433140382292
8,0,10,COMPAS,0.24,0.6647727272727273,0.2498646566443176
9,0,10,COMPAS,inf,0.6732954545454546,0.3101236830050389
0,0,11,COMPAS,0.0,0.6410984848484849,0.0136229044933067
1,0,11,COMPAS,0.03,0.6410984848484849,0.0486596638182411
2,0,11,COMPAS,0.06,0.6486742424242424,0.080363877911755
3,0,11,COMPAS,0.09,0.646780303030303,0.1199941455286475
4,0,11,COMPAS,0.12,0.6534090909090909,0.1526328233188097
5,0,11,COMPAS,0.15,0.6515151515151515,0.1841343826347372
6,0,11,COMPAS,0.18,0.65625,0.2023845712162663
7,0,11,COMPAS,0.21,0.6543560606060606,0.2174035419551682
8,0,11,COMPAS,0.24,0.65625,0.2436811114488691
9,0,11,COMPAS,inf,0.6571969696969697,0.3434885894101619
0,0,12,COMPAS,0.0,0.6534090909090909,0.0027233763914518
1,0,12,COMPAS,0.03,0.6515151515151515,0.0137359366628966
2,0,12,COMPAS,0.06,0.6609848484848485,0.0717155783082326
3,0,12,COMPAS,0.09,0.6666666666666666,0.0969849395797369
4,0,12,COMPAS,0.12,0.6685606060606061,0.1112119769033871
5,0,12,COMPAS,0.15,0.6723484848484849,0.1598458241561998
6,0,12,COMPAS,0.18,0.6761363636363636,0.1974373474611584
7,0,12,COMPAS,0.21,0.6799242424242424,0.2290761354842551
8,0,12,COMPAS,0.24,0.6893939393939394,0.2784540746473004
9,0,12,COMPAS,inf,0.6875,0.2980981010774451
0,0,13,COMPAS,0.0,0.6714015151515151,0.0301930374525655
1,0,13,COMPAS,0.03,0.6685606060606061,0.0109717868338558
2,0,13,COMPAS,0.06,0.6732954545454546,0.0315129516581422
3,0,13,COMPAS,0.09,0.6799242424242424,0.06327338722983
4,0,13,COMPAS,0.12,0.6732954545454546,0.1042732222405543
5,0,13,COMPAS,0.15,0.6695075757575758,0.1392509486883352
6,0,13,COMPAS,0.18,0.6704545454545454,0.1678765880217785
7,0,13,COMPAS,0.21,0.6685606060606061,0.201864378815377
8,0,13,COMPAS,0.24,0.6666666666666666,0.2310674806137601
9,0,13,COMPAS,inf,0.665719696969697,0.2334598251113677
0,0,14,COMPAS,0.0,0.6799242424242424,0.0104054972438269
1,0,14,COMPAS,0.03,0.6837121212121212,0.040519519746281
2,0,14,COMPAS,0.06,0.6837121212121212,0.076870799667749
3,0,14,COMPAS,0.09,0.6808712121212122,0.0846107377482443
4,0,14,COMPAS,0.12,0.6770833333333334,0.117397870573133
5,0,14,COMPAS,0.15,0.6799242424242424,0.1428679302272898
6,0,14,COMPAS,0.18,0.6856060606060606,0.1916031110775504
7,0,14,COMPAS,0.21,0.6903409090909091,0.2259382315185381
8,0,14,COMPAS,0.24,0.6960227272727273,0.2640262780336782
9,0,14,COMPAS,inf,0.6960227272727273,0.2640262780336782
0,0,15,COMPAS,0.0,0.6875,0.0253988441468569
1,0,15,COMPAS,0.03,0.6884469696969697,0.0435745413058522
2,0,15,COMPAS,0.06,0.6912878787878788,0.0736005386500084
3,0,15,COMPAS,0.09,0.6931818181818182,0.0940991639702994
4,0,15,COMPAS,0.12,0.6931818181818182,0.1256999644640619
5,0,15,COMPAS,0.15,0.696969696969697,0.1383507584117306
6,0,15,COMPAS,0.18,0.696969696969697,0.1707520526680008
7,0,15,COMPAS,0.21,0.7054924242424242,0.196027456187929
8,0,15,COMPAS,0.24,0.7083333333333334,0.2315521723680026
9,0,15,COMPAS,inf,0.7130681818181818,0.2853311388332991
0,0,16,COMPAS,0.0,0.6590909090909091,0.027245709190876
1,0,16,COMPAS,0.03,0.6685606060606061,0.0593580503752136
2,0,16,COMPAS,0.06,0.6761363636363636,0.093209005126681
3,0,16,COMPAS,0.09,0.6789772727272727,0.107303662976447
4,0,16,COMPAS,0.12,0.6751893939393939,0.1396983431161305
5,0,16,COMPAS,0.15,0.6714015151515151,0.1654209079426406
6,0,16,COMPAS,0.18,0.678030303030303,0.2001411694776729
7,0,16,COMPAS,0.21,0.6789772727272727,0.2262872427372019
8,0,16,COMPAS,0.24,0.6799242424242424,0.2443049260717735
9,0,16,COMPAS,inf,0.6818181818181818,0.2528791143472769
0,0,17,COMPAS,0.0,0.6742424242424242,0.013477088948787
1,0,17,COMPAS,0.03,0.6770833333333334,0.0466756513926325
2,0,17,COMPAS,0.06,0.6827651515151515,0.0815363881401617
3,0,17,COMPAS,0.09,0.6808712121212122,0.1092093441150044
4,0,17,COMPAS,0.12,0.6827651515151515,0.1384097035040431
5,0,17,COMPAS,0.15,0.6837121212121212,0.1684636118598382
6,0,17,COMPAS,0.18,0.6884469696969697,0.1803683737646002
7,0,17,COMPAS,0.21,0.6856060606060606,0.2088050314465409
8,0,17,COMPAS,0.24,0.6960227272727273,0.2491913746630728
9,0,17,COMPAS,inf,0.6941287878787878,0.2539532794249776
0,0,18,COMPAS,0.0,0.6704545454545454,0.0159756097560975
1,0,18,COMPAS,0.03,0.6695075757575758,0.0395731707317073
2,0,18,COMPAS,0.06,0.6695075757575758,0.0737195121951219
3,0,18,COMPAS,0.09,0.6761363636363636,0.114390243902439
4,0,18,COMPAS,0.12,0.6742424242424242,0.1414634146341463
5,0,18,COMPAS,0.15,0.6695075757575758,0.1579878048780488
6,0,18,COMPAS,0.18,0.6628787878787878,0.1765853658536585
7,0,18,COMPAS,0.21,0.6534090909090909,0.2036585365853658
8,0,18,COMPAS,0.24,0.6543560606060606,0.2082317073170731
9,0,18,COMPAS,inf,0.6609848484848485,0.2942682926829267
0,0,19,COMPAS,0.0,0.6515151515151515,0.0280386148726565
1,0,19,COMPAS,0.03,0.6515151515151515,0.002888427619079
2,0,19,COMPAS,0.06,0.65625,0.0260727268733594
3,0,19,COMPAS,0.09,0.6590909090909091,0.0487298606306216
4,0,19,COMPAS,0.12,0.6581439393939394,0.079645920507836
5,0,19,COMPAS,0.15,0.6609848484848485,0.1133295992443961
6,0,19,COMPAS,0.18,0.6647727272727273,0.1199630984152087
7,0,19,COMPAS,0.21,0.6619318181818182,0.1509011235214655
8,0,19,COMPAS,0.24,0.665719696969697,0.1945240683997232
9,0,19,COMPAS,inf,0.6666666666666666,0.2298551393144652
0,0,20,COMPAS,0.0,0.6723484848484849,0.0040735051487739
1,0,20,COMPAS,0.03,0.6761363636363636,0.0220970586561984
2,0,20,COMPAS,0.06,0.6799242424242424,0.073232064629914
3,0,20,COMPAS,0.09,0.6837121212121212,0.0953973943221255
4,0,20,COMPAS,0.12,0.6865530303030303,0.1311145246629117
5,0,20,COMPAS,0.15,0.6960227272727273,0.1761051373954599
6,0,20,COMPAS,0.18,0.6960227272727273,0.2050748136769641
7,0,20,COMPAS,0.21,0.6979166666666666,0.2210957501280082
8,0,20,COMPAS,0.24,0.6950757575757576,0.2457302156226887
9,0,20,COMPAS,inf,0.6988636363636364,0.2617511520737327
0,0,21,COMPAS,0.0,0.6789772727272727,0.0362570101911596
1,0,21,COMPAS,0.03,0.6846590909090909,0.061011276608575
2,0,21,COMPAS,0.06,0.6808712121212122,0.0817855635289151
3,0,21,COMPAS,0.09,0.6827651515151515,0.1087710305734788
4,0,21,COMPAS,0.12,0.6818181818181818,0.1395404932762468
5,0,21,COMPAS,0.15,0.6827651515151515,0.1729331242839052
6,0,21,COMPAS,0.18,0.6875,0.196617017427486
7,0,21,COMPAS,0.21,0.6846590909090909,0.220692878248809
8,0,21,COMPAS,0.24,0.6827651515151515,0.2366127962371103
9,0,21,COMPAS,inf,0.6827651515151515,0.2879605620213471
0,0,22,COMPAS,0.0,0.6666666666666666,0.0470712542413239
1,0,22,COMPAS,0.03,0.6695075757575758,0.0808381451276861
2,0,22,COMPAS,0.06,0.6704545454545454,0.1106762307280195
3,0,22,COMPAS,0.09,0.6704545454545454,0.1396660515506875
4,0,22,COMPAS,0.12,0.6695075757575758,0.161646526578963
5,0,22,COMPAS,0.15,0.6723484848484849,0.1845794392523364
6,0,22,COMPAS,0.18,0.6742424242424242,0.2186588487409965
7,0,22,COMPAS,0.21,0.6742424242424242,0.2304452645990832
8,0,22,COMPAS,0.24,0.6751893939393939,0.2320376212869814
9,0,22,COMPAS,inf,0.6751893939393939,0.2320376212869814
0,0,23,COMPAS,0.0,0.6770833333333334,0.0192361988260643
1,0,23,COMPAS,0.03,0.678030303030303,0.0450999331302474
2,0,23,COMPAS,0.06,0.678030303030303,0.0825915744111747
3,0,23,COMPAS,0.09,0.678030303030303,0.1181811427297718
4,0,23,COMPAS,0.12,0.6818181818181818,0.1399806820714763
5,0,23,COMPAS,0.15,0.6837121212121212,0.1613344230626347
6,0,23,COMPAS,0.18,0.6846590909090909,0.1911211828516235
7,0,23,COMPAS,0.21,0.6856060606060606,0.2341332937068132
8,0,23,COMPAS,0.24,0.6827651515151515,0.2639200534958021
9,0,23,COMPAS,inf,0.6837121212121212,0.2701686603759566
0,0,24,COMPAS,0.0,0.6628787878787878,0.0554127349728805
1,0,24,COMPAS,0.03,0.6685606060606061,0.0982836763503974
2,0,24,COMPAS,0.06,0.6628787878787878,0.1161601902072962
3,0,24,COMPAS,0.09,0.665719696969697,0.1309829853629541
4,0,24,COMPAS,0.12,0.6609848484848485,0.1646927706367486
5,0,24,COMPAS,0.15,0.6600378787878788,0.2045099933130247
6,0,24,COMPAS,0.18,0.6581439393939394,0.2469351363399956
7,0,24,COMPAS,0.21,0.6571969696969697,0.2774500334348763
8,0,24,COMPAS,0.24,0.6571969696969697,0.3002600490378185
9,0,24,COMPAS,inf,0.65625,0.3432721598930083
0,0,25,COMPAS,0.0,0.6714015151515151,0.0142450142450142
1,0,25,COMPAS,0.03,0.6704545454545454,0.0254629629629629
2,0,25,COMPAS,0.06,0.6685606060606061,0.0557336182336182
3,0,25,COMPAS,0.09,0.6685606060606061,0.0938390313390313
4,0,25,COMPAS,0.12,0.6685606060606061,0.1166310541310541
5,0,25,COMPAS,0.15,0.6685606060606061,0.1525997150997151
6,0,25,COMPAS,0.18,0.6628787878787878,0.1914173789173789
7,0,25,COMPAS,0.21,0.6628787878787878,0.2038817663817663
8,0,25,COMPAS,0.24,0.6647727272727273,0.2327279202279201
9,0,25,COMPAS,inf,0.665719696969697,0.2585470085470085
0,0,26,COMPAS,0.0,0.6761363636363636,0.0649145782487052
1,0,26,COMPAS,0.03,0.678030303030303,0.0970891124471695
2,0,26,COMPAS,0.06,0.6808712121212122,0.130111911423299
3,0,26,COMPAS,0.09,0.6761363636363636,0.164622894219894
4,0,26,COMPAS,0.12,0.6808712121212122,0.1929727959997619
5,0,26,COMPAS,0.15,0.6818181818181818,0.2156973629382701
6,0,26,COMPAS,0.18,0.6789772727272727,0.2425590808976724
7,0,26,COMPAS,0.21,0.6827651515151515,0.2730370855408061
8,0,26,COMPAS,0.24,0.6846590909090909,0.2985147925471755
9,0,26,COMPAS,inf,0.6846590909090909,0.2985147925471755
0,0,27,COMPAS,0.0,0.6912878787878788,0.0051212938005391
1,0,27,COMPAS,0.03,0.6988636363636364,0.0327942497753818
2,0,27,COMPAS,0.06,0.6998106060606061,0.0604222821203953
3,0,27,COMPAS,0.09,0.6960227272727273,0.091329739442947
4,0,27,COMPAS,0.12,0.6979166666666666,0.1158580413297394
5,0,27,COMPAS,0.15,0.7017045454545454,0.1593441150044923
6,0,27,COMPAS,0.18,0.7073863636363636,0.1893530997304582
7,0,27,COMPAS,0.21,0.7054924242424242,0.2012129380053908
8,0,27,COMPAS,0.24,0.7017045454545454,0.2563791554357592
9,0,27,COMPAS,inf,0.7045454545454546,0.2848158131177
0,0,28,COMPAS,0.0,0.6638257575757576,0.0221227792019203
1,0,28,COMPAS,0.03,0.6666666666666666,0.0421636759672233
2,0,28,COMPAS,0.06,0.6676136363636364,0.0644568583579059
3,0,28,COMPAS,0.09,0.6714015151515151,0.100360069346689
4,0,28,COMPAS,0.12,0.6742424242424242,0.116222383570169
5,0,28,COMPAS,0.15,0.6732954545454546,0.1500881651280987
6,0,28,COMPAS,0.18,0.6818181818181818,0.1836872286514439
7,0,28,COMPAS,0.21,0.6827651515151515,0.209892275549365
8,0,28,COMPAS,0.24,0.6865530303030303,0.2404907611836353
9,0,28,COMPAS,inf,0.6893939393939394,0.2662660956925038
0,0,29,COMPAS,0.0,0.6837121212121212,0.08860932171277
1,0,29,COMPAS,0.03,0.6846590909090909,0.0673664266767715
2,0,29,COMPAS,0.06,0.6846590909090909,0.0396589617279272
3,0,29,COMPAS,0.09,0.6799242424242424,0.0088821523304282
4,0,29,COMPAS,0.12,0.6827651515151515,0.0215915119363395
5,0,29,COMPAS,0.15,0.6856060606060606,0.0409852216748768
6,0,29,COMPAS,0.18,0.6893939393939394,0.0634482758620689
7,0,29,COMPAS,0.21,0.6875,0.0856081849185297
8,0,29,COMPAS,0.24,0.6903409090909091,0.1410155361879499
9,0,29,COMPAS,inf,0.6846590909090909,0.2262751042061387
0,0,30,COMPAS,0.0,0.6685606060606061,0.0640538693377253
1,0,30,COMPAS,0.03,0.6666666666666666,0.0869326521237381
2,0,30,COMPAS,0.06,0.6732954545454546,0.1358385712525068
3,0,30,COMPAS,0.09,0.678030303030303,0.1516251554569594
4,0,30,COMPAS,0.12,0.6827651515151515,0.1721398720491188
5,0,30,COMPAS,0.15,0.6846590909090909,0.2099873393611419
6,0,30,COMPAS,0.18,0.6884469696969697,0.2533696346341299
7,0,30,COMPAS,0.21,0.6922348484848485,0.2864889695584461
8,0,30,COMPAS,0.24,0.6903409090909091,0.3149025803054239
9,0,30,COMPAS,inf,0.6912878787878788,0.3369858716233628
0,0,31,COMPAS,0.0,0.6723484848484849,0.0277777777777777
1,0,31,COMPAS,0.03,0.6714015151515151,0.0626262626262625
2,0,31,COMPAS,0.06,0.6647727272727273,0.0904040404040404
3,0,31,COMPAS,0.09,0.6676136363636364,0.102020202020202
4,0,31,COMPAS,0.12,0.6714015151515151,0.1252525252525252
5,0,31,COMPAS,0.15,0.6789772727272727,0.1404040404040403
6,0,31,COMPAS,0.18,0.678030303030303,0.158080808080808
7,0,31,COMPAS,0.21,0.6770833333333334,0.1878787878787878
8,0,31,COMPAS,0.24,0.678030303030303,0.2207070707070707
9,0,31,COMPAS,inf,0.6818181818181818,0.3116161616161616
0,0,32,COMPAS,0.0,0.6647727272727273,0.0017122325339168
1,0,32,COMPAS,0.03,0.6742424242424242,0.0330794333521916
2,0,32,COMPAS,0.06,0.6704545454545454,0.0679984863414798
3,0,32,COMPAS,0.09,0.6695075757575758,0.0798042734626437
4,0,32,COMPAS,0.12,0.6732954545454546,0.1114562219233204
5,0,32,COMPAS,0.15,0.6732954545454546,0.1335616310045222
6,0,32,COMPAS,0.18,0.6704545454545454,0.153407792344035
7,0,32,COMPAS,0.21,0.6676136363636364,0.1731265665803681
8,0,32,COMPAS,0.24,0.6666666666666666,0.2189072434554875
9,0,32,COMPAS,inf,0.6666666666666666,0.2307767241282413
0,0,33,COMPAS,0.0,0.6666666666666666,0.0428529150636283
1,0,33,COMPAS,0.03,0.665719696969697,0.0639982243267238
2,0,33,COMPAS,0.06,0.6600378787878788,0.0920242675347736
3,0,33,COMPAS,0.09,0.6590909090909091,0.1223438887244746
4,0,33,COMPAS,0.12,0.6638257575757576,0.14621189701095
5,0,33,COMPAS,0.15,0.6666666666666666,0.1829831311038768
6,0,33,COMPAS,0.18,0.6647727272727273,0.2011541876294761
7,0,33,COMPAS,0.21,0.6666666666666666,0.2181414619709973
8,0,33,COMPAS,0.24,0.6666666666666666,0.2422610239715892
9,0,33,COMPAS,inf,0.6695075757575758,0.2769902337969813
0,0,34,COMPAS,0.0,0.6903409090909091,0.0425040425040425
1,0,34,COMPAS,0.03,0.6884469696969697,0.0752136752136751
2,0,34,COMPAS,0.06,0.6893939393939394,0.0908523908523908
3,0,34,COMPAS,0.09,0.6912878787878788,0.112058212058212
4,0,34,COMPAS,0.12,0.6960227272727273,0.1330099330099329
5,0,34,COMPAS,0.15,0.7007575757575758,0.1792330792330792
6,0,34,COMPAS,0.18,0.6998106060606061,0.207068607068607
7,0,34,COMPAS,0.21,0.6998106060606061,0.207068607068607
8,0,34,COMPAS,0.24,0.6998106060606061,0.207068607068607
9,0,34,COMPAS,inf,0.7007575757575758,0.2106953106953107
0,0,35,COMPAS,0.0,0.665719696969697,0.0176282733659782
1,0,35,COMPAS,0.03,0.665719696969697,0.0180540770704704
2,0,35,COMPAS,0.06,0.6666666666666666,0.0555673834362359
3,0,35,COMPAS,0.09,0.6742424242424242,0.0838407494145199
4,0,35,COMPAS,0.12,0.6714015151515151,0.1161592505854801
5,0,35,COMPAS,0.15,0.6714015151515151,0.1384713647008729
6,0,35,COMPAS,0.18,0.6714015151515151,0.1689589099425165
7,0,35,COMPAS,0.21,0.6723484848484849,0.1856929955290611
8,0,35,COMPAS,0.24,0.6761363636363636,0.2269107941239089
9,0,35,COMPAS,inf,0.6751893939393939,0.2436448797104534
0,0,36,COMPAS,0.0,0.6619318181818182,0.0344974398619654
1,0,36,COMPAS,0.03,0.6666666666666666,0.0017926568294623
2,0,36,COMPAS,0.06,0.665719696969697,0.025466931083549
3,0,36,COMPAS,0.09,0.665719696969697,0.03808275352089
4,0,36,COMPAS,0.12,0.6676136363636364,0.0767369164061712
5,0,36,COMPAS,0.15,0.6695075757575758,0.0956494459569985
6,0,36,COMPAS,0.18,0.6704545454545454,0.1413958074238401
7,0,36,COMPAS,0.21,0.6685606060606061,0.1674117396614119
8,0,36,COMPAS,0.24,0.6666666666666666,0.2100097475715102
9,0,36,COMPAS,inf,0.6685606060606061,0.2297289726955956
0,0,37,COMPAS,0.0,0.6704545454545454,0.0865836466165413
1,0,37,COMPAS,0.03,0.6685606060606061,0.0415883458646616
2,0,37,COMPAS,0.06,0.6676136363636364,0.0149201127819548
3,0,37,COMPAS,0.09,0.6666666666666666,0.009985902255639
4,0,37,COMPAS,0.12,0.6638257575757576,0.0289003759398496
5,0,37,COMPAS,0.15,0.6647727272727273,0.0609727443609022
6,0,37,COMPAS,0.18,0.6676136363636364,0.0891682330827067
7,0,37,COMPAS,0.21,0.6647727272727273,0.1191259398496241
8,0,37,COMPAS,0.24,0.6666666666666666,0.147438909774436
9,0,37,COMPAS,inf,0.6685606060606061,0.1927866541353383
0,0,38,COMPAS,0.0,0.6439393939393939,0.0047665893271461
1,0,38,COMPAS,0.03,0.6439393939393939,0.0297280742459397
2,0,38,COMPAS,0.06,0.6524621212121212,0.0702106728538283
3,0,38,COMPAS,0.09,0.646780303030303,0.1065317865429234
4,0,38,COMPAS,0.12,0.6515151515151515,0.1338134570765661
5,0,38,COMPAS,0.15,0.6524621212121212,0.1628547563805104
6,0,38,COMPAS,0.18,0.6515151515151515,0.1862162412993039
7,0,38,COMPAS,0.21,0.6515151515151515,0.1947767981438515
8,0,38,COMPAS,0.24,0.6590909090909091,0.2278979118329466
9,0,38,COMPAS,inf,0.6600378787878788,0.2387786542923434
0,0,39,COMPAS,0.0,0.6751893939393939,0.0401617250673854
1,0,39,COMPAS,0.03,0.6751893939393939,0.074932614555256
2,0,39,COMPAS,0.06,0.6827651515151515,0.1121293800539083
3,0,39,COMPAS,0.09,0.6808712121212122,0.1335130278526505
4,0,39,COMPAS,0.12,0.6837121212121212,0.1533243486073675
5,0,39,COMPAS,0.15,0.6856060606060606,0.1730008984725966
6,0,39,COMPAS,0.18,0.6799242424242424,0.2197214734950583
7,0,39,COMPAS,0.21,0.6799242424242424,0.2331087151841869
8,0,39,COMPAS,0.24,0.6818181818181818,0.2789308176100629
9,0,39,COMPAS,inf,0.6818181818181818,0.2789308176100629
0,0,40,COMPAS,0.0,0.6590909090909091,0.0261396966704496
1,0,40,COMPAS,0.03,0.6534090909090909,0.0068905036331746
2,0,40,COMPAS,0.06,0.6590909090909091,0.054217577785311
3,0,40,COMPAS,0.09,0.665719696969697,0.1024511032175335
4,0,40,COMPAS,0.12,0.6666666666666666,0.1221793152239597
5,0,40,COMPAS,0.15,0.6685606060606061,0.1487832918183559
6,0,40,COMPAS,0.18,0.6685606060606061,0.1747534894689522
7,0,40,COMPAS,0.21,0.6714015151515151,0.2029861305584624
8,0,40,COMPAS,0.24,0.6704545454545454,0.2266938847701445
9,0,40,COMPAS,inf,0.6676136363636364,0.2964611552463632
0,0,41,COMPAS,0.0,0.6202651515151515,0.0529175050301811
1,0,41,COMPAS,0.03,0.6287878787878788,0.0081824279007377
2,0,41,COMPAS,0.06,0.6297348484848485,0.0239883746926
3,0,41,COMPAS,0.09,0.634469696969697,0.0609881511289961
4,0,41,COMPAS,0.12,0.6410984848484849,0.0861837692823608
5,0,41,COMPAS,0.15,0.6420454545454546,0.1097250167672702
6,0,41,COMPAS,0.18,0.6477272727272727,0.1450033534540576
7,0,41,COMPAS,0.21,0.6486742424242424,0.1733735747820254
8,0,41,COMPAS,0.24,0.6515151515151515,0.2152023250614799
9,0,41,COMPAS,inf,0.6496212121212122,0.2285267158506594
0,0,42,COMPAS,0.0,0.6543560606060606,0.0305958374598488
1,0,42,COMPAS,0.03,0.6609848484848485,0.0060476203028329
2,0,42,COMPAS,0.06,0.6600378787878788,0.0299180219838152
3,0,42,COMPAS,0.09,0.6609848484848485,0.060687078954206
4,0,42,COMPAS,0.12,0.6647727272727273,0.0950975112875104
5,0,42,COMPAS,0.15,0.6714015151515151,0.1333074759281364
6,0,42,COMPAS,0.18,0.6742424242424242,0.1621861808487003
7,0,42,COMPAS,0.21,0.6742424242424242,0.1806905433444169
8,0,42,COMPAS,0.24,0.6732954545454546,0.2233891526929985
9,0,42,COMPAS,inf,0.6704545454545454,0.272308601854955
0,0,43,COMPAS,0.0,0.65625,0.0180814334186558
1,0,43,COMPAS,0.03,0.6581439393939394,0.0510000595273528
2,0,43,COMPAS,0.06,0.6619318181818182,0.0768051669742246
3,0,43,COMPAS,0.09,0.6666666666666666,0.0972974581820346
4,0,43,COMPAS,0.12,0.6609848484848485,0.1334007976665278
5,0,43,COMPAS,0.15,0.6695075757575758,0.1757693910351807
6,0,43,COMPAS,0.18,0.6723484848484849,0.202631108994583
7,0,43,COMPAS,0.21,0.6704545454545454,0.2198345139591642
8,0,43,COMPAS,0.24,0.6704545454545454,0.2409667242097744
9,0,43,COMPAS,inf,0.6704545454545454,0.3101970355378297
0,0,44,COMPAS,0.0,0.6486742424242424,0.0505956945405577
1,0,44,COMPAS,0.03,0.6543560606060606,0.075897282435895
2,0,44,COMPAS,0.06,0.6543560606060606,0.1082985766921652
3,0,44,COMPAS,0.09,0.6553030303030303,0.132825855200404
4,0,44,COMPAS,0.12,0.6647727272727273,0.1596760618699385
5,0,44,COMPAS,0.15,0.6609848484848485,0.1825761684777526
6,0,44,COMPAS,0.18,0.6590909090909091,0.209426375147287
7,0,44,COMPAS,0.21,0.6609848484848485,0.229925000467578
8,0,44,COMPAS,0.24,0.6609848484848485,0.229925000467578
9,0,44,COMPAS,inf,0.6609848484848485,0.229925000467578
0,0,45,COMPAS,0.0,0.6534090909090909,0.0085020242914979
1,0,45,COMPAS,0.03,0.6590909090909091,0.0337589535970103
2,0,45,COMPAS,0.06,0.6619318181818182,0.0580971659919028
3,0,45,COMPAS,0.09,0.6638257575757576,0.0903301152289006
4,0,45,COMPAS,0.12,0.6590909090909091,0.1253503581438804
5,0,45,COMPAS,0.15,0.6590909090909091,0.1534724384926814
6,0,45,COMPAS,0.18,0.6600378787878788,0.1907972594207412
7,0,45,COMPAS,0.21,0.6571969696969697,0.2116786047960137
8,0,45,COMPAS,0.24,0.6581439393939394,0.2337122391778262
9,0,45,COMPAS,inf,0.6553030303030303,0.2716910619744628
0,0,46,COMPAS,0.0,0.6505681818181818,0.0285431446955948
1,0,46,COMPAS,0.03,0.65625,0.0150140240884342
2,0,46,COMPAS,0.06,0.6590909090909091,0.0142715723477974
3,0,46,COMPAS,0.09,0.6628787878787878,0.0395149315294506
4,0,46,COMPAS,0.12,0.6590909090909091,0.0711928724632898
5,0,46,COMPAS,0.15,0.6590909090909091,0.1069955452895561
6,0,46,COMPAS,0.18,0.6628787878787878,0.1513776604520706
7,0,46,COMPAS,0.21,0.6628787878787878,0.1931199472034317
8,0,46,COMPAS,0.24,0.6676136363636364,0.2286751361161524
9,0,46,COMPAS,inf,0.6723484848484849,0.2421217620854645
0,0,47,COMPAS,0.0,0.6619318181818182,0.0540318821664957
1,0,47,COMPAS,0.03,0.6685606060606061,0.0201771231471986
2,0,47,COMPAS,0.06,0.6704545454545454,0.0019129299897455
3,0,47,COMPAS,0.09,0.6789772727272727,0.0325981169012771
4,0,47,COMPAS,0.12,0.6808712121212122,0.0640999347441036
5,0,47,COMPAS,0.15,0.6846590909090909,0.1011727416798732
6,0,47,COMPAS,0.18,0.6770833333333334,0.1271035704297567
7,0,47,COMPAS,0.21,0.6799242424242424,0.1729654143749417
8,0,47,COMPAS,0.24,0.6770833333333334,0.1933737298405891
9,0,47,COMPAS,inf,0.6761363636363636,0.216951617414002
0,0,48,COMPAS,0.0,0.6448863636363636,0.0225339445172944
1,0,48,COMPAS,0.03,0.6477272727272727,0.0072178155337971
2,0,48,COMPAS,0.06,0.6496212121212122,0.0375779883078946
3,0,48,COMPAS,0.09,0.6571969696969697,0.0783832093204294
4,0,48,COMPAS,0.12,0.6571969696969697,0.1231790131621212
5,0,48,COMPAS,0.15,0.6628787878787878,0.1551036757953768
6,0,48,COMPAS,0.18,0.6676136363636364,0.1934639090328505
7,0,48,COMPAS,0.21,0.665719696969697,0.2301651783858546
8,0,48,COMPAS,0.24,0.6666666666666666,0.2357013562691073
9,0,48,COMPAS,inf,0.6666666666666666,0.2357013562691073
0,0,49,COMPAS,0.0,0.6647727272727273,0.0138698732067384
1,0,49,COMPAS,0.03,0.665719696969697,0.0176647419489255
2,0,49,COMPAS,0.06,0.6638257575757576,0.0442139413060301
3,0,49,COMPAS,0.09,0.6619318181818182,0.0749002916840288
4,0,49,COMPAS,0.12,0.6666666666666666,0.1039942853741294
5,0,49,COMPAS,0.15,0.6685606060606061,0.1361688195725936
6,0,49,COMPAS,0.18,0.6685606060606061,0.1638788023096613
7,0,49,COMPAS,0.21,0.6714015151515151,0.1952050717304601
8,0,49,COMPAS,0.24,0.6714015151515151,0.2241948925531282
9,0,49,COMPAS,inf,0.6676136363636364,0.2447913566283708
