,Unnamed: 0,seed,dataset,alpha,acc,disparity
0,0,0,COMPAS,0.2,0.6515151515151515,0.1866359447004608
0,0,0,COMPAS,0.45,0.6410984848484849,0.1470357253989657
0,0,0,COMPAS,0.7,0.6401515151515151,0.1355149880717767
0,0,0,COMPAS,0.95,0.6392045454545454,0.1253871115918621
0,0,0,COMPAS,1.2,0.6458333333333334,0.1051832204720909
0,0,0,COMPAS,1.45,0.6496212121212122,0.1051832204720909
0,0,0,COMPAS,1.7,0.6477272727272727,0.097359491457614
0,0,0,COMPAS,1.95,0.646780303030303,0.102182642583016
0,0,0,COMPAS,2.2,0.6458333333333334,0.1044867900484537
0,0,0,COMPAS,2.45,0.6429924242424242,0.0865351845540622
0,0,1,COMPAS,0.2,0.6714015151515151,0.1555398646225735
0,0,1,COMPAS,0.45,0.6742424242424242,0.0973852415684853
0,0,1,COMPAS,0.7,0.6723484848484849,0.0635963371940421
0,0,1,COMPAS,0.95,0.6676136363636364,0.054173151499244
0,0,1,COMPAS,1.2,0.6666666666666666,0.0525576426139451
0,0,1,COMPAS,1.45,0.6628787878787878,0.0355966477266425
0,0,1,COMPAS,1.7,0.6638257575757576,0.0359996007437995
0,0,1,COMPAS,1.95,0.6638257575757576,0.0392306185143973
0,0,1,COMPAS,2.2,0.665719696969697,0.0346539594754956
0,0,1,COMPAS,2.45,0.6638257575757576,0.0255006413976924
0,0,2,COMPAS,0.2,0.6761363636363636,0.139912222369996
0,0,2,COMPAS,0.45,0.6685606060606061,0.0749213104579509
0,0,2,COMPAS,0.7,0.6714015151515151,0.0531320654342332
0,0,2,COMPAS,0.95,0.6685606060606061,0.0404752405018397
0,0,2,COMPAS,1.2,0.6685606060606061,0.0326727845014851
0,0,2,COMPAS,1.45,0.6714015151515151,0.0303896794786541
0,0,2,COMPAS,1.7,0.6676136363636364,0.0271534335239615
0,0,2,COMPAS,1.95,0.6695075757575758,0.0193509775236068
0,0,2,COMPAS,2.2,0.6695075757575758,0.0232522055237842
0,0,2,COMPAS,2.45,0.6704545454545454,0.0326727845014851
0,0,3,COMPAS,0.2,0.6837121212121212,0.1519653207344991
0,0,3,COMPAS,0.45,0.6856060606060606,0.1012202935148724
0,0,3,COMPAS,0.7,0.6884469696969697,0.0830076844396653
0,0,3,COMPAS,0.95,0.6856060606060606,0.0679347927898899
0,0,3,COMPAS,1.2,0.6875,0.0346492920649074
0,0,3,COMPAS,1.45,0.6856060606060606,0.0346492920649074
0,0,3,COMPAS,1.7,0.6837121212121212,0.0242859765532796
0,0,3,COMPAS,1.95,0.6827651515151515,0.0227161178405637
0,0,3,COMPAS,2.2,0.6846590909090909,0.0179428481508263
0,0,3,COMPAS,2.45,0.6827651515151515,0.0060733674780725
0,0,4,COMPAS,0.2,0.6695075757575758,0.0371894585818923
0,0,4,COMPAS,0.45,0.6723484848484849,0.0179113493921317
0,0,4,COMPAS,0.7,0.6685606060606061,0.0006493996828513
0,0,4,COMPAS,0.95,0.6676136363636364,0.011077550403987
0,0,4,COMPAS,1.2,0.6676136363636364,0.0137506607264215
0,0,4,COMPAS,1.45,0.6676136363636364,0.0310126104357018
0,0,4,COMPAS,1.7,0.6666666666666666,0.0254776108132598
0,0,4,COMPAS,1.95,0.6666666666666666,0.0325605980518009
0,0,4,COMPAS,2.2,0.6676136363636364,0.0358906592161896
0,0,4,COMPAS,2.45,0.6676136363636364,0.0327946839839915
0,0,5,COMPAS,0.2,0.6695075757575758,0.1283112090005357
0,0,5,COMPAS,0.45,0.6666666666666666,0.0896630751830466
0,0,5,COMPAS,0.7,0.665719696969697,0.0598249895827132
0,0,5,COMPAS,0.95,0.6619318181818182,0.0416691469730341
0,0,5,COMPAS,1.2,0.6600378787878788,0.0369962497767724
0,0,5,COMPAS,1.45,0.6581439393939394,0.0323233525805107
0,0,5,COMPAS,1.7,0.65625,0.0205369367224239
0,0,5,COMPAS,1.95,0.6571969696969697,0.0228733853205548
0,0,5,COMPAS,2.2,0.6590909090909091,0.0275462825168165
0,0,5,COMPAS,2.45,0.6581439393939394,0.0192868623132329
0,0,6,COMPAS,0.2,0.6761363636363636,0.1295546558704453
0,0,6,COMPAS,0.45,0.6666666666666666,0.0775364985891302
0,0,6,COMPAS,0.7,0.6732954545454546,0.0469880996196785
0,0,6,COMPAS,0.95,0.6723484848484849,0.0456385719543613
0,0,6,COMPAS,1.2,0.6685606060606061,0.0211017053122316
0,0,6,COMPAS,1.45,0.6695075757575758,0.0244141823089191
0,0,6,COMPAS,1.7,0.6666666666666666,0.018157281315176
0,0,6,COMPAS,1.95,0.6695075757575758,0.006256900993743
0,0,6,COMPAS,2.2,0.6704545454545454,0.0039258986627407
0,0,6,COMPAS,2.45,0.6695075757575758,0.0101827996564838
0,0,7,COMPAS,0.2,0.6884469696969697,0.1175445761194141
0,0,7,COMPAS,0.45,0.6865530303030303,0.0763460882792624
0,0,7,COMPAS,0.7,0.6846590909090909,0.0558742314623664
0,0,7,COMPAS,0.95,0.6827651515151515,0.0384147049677223
0,0,7,COMPAS,1.2,0.6799242424242424,0.0337051288295747
0,0,7,COMPAS,1.45,0.6799242424242424,0.0241585894500998
0,0,7,COMPAS,1.7,0.6818181818181818,0.0154288262027778
0,0,7,COMPAS,1.95,0.6799242424242424,0.0075158390876086
0,0,7,COMPAS,2.2,0.6808712121212122,0.0051292042427398
0,0,7,COMPAS,2.45,0.678030303030303,0.003559345530024
0,0,8,COMPAS,0.2,0.6827651515151515,0.1869250342532785
0,0,8,COMPAS,0.45,0.6714015151515151,0.1291492521847259
0,0,8,COMPAS,0.7,0.6732954545454546,0.1099213613807237
0,0,8,COMPAS,0.95,0.6742424242424242,0.0962545910906934
0,0,8,COMPAS,1.2,0.6742424242424242,0.0922017662026642
0,0,8,COMPAS,1.45,0.6723484848484849,0.0962545910906934
0,0,8,COMPAS,1.7,0.6742424242424242,0.0932379998388081
0,0,8,COMPAS,1.95,0.6742424242424242,0.0922017662026642
0,0,8,COMPAS,2.2,0.6704545454545454,0.0851323500627497
0,0,8,COMPAS,2.45,0.6704545454545454,0.0872048173350373
0,0,9,COMPAS,0.2,0.6799242424242424,0.1908219902950878
0,0,9,COMPAS,0.45,0.6628787878787878,0.1046711926233661
0,0,9,COMPAS,0.7,0.6638257575757576,0.0839215951182715
0,0,9,COMPAS,0.95,0.665719696969697,0.0664032154558043
0,0,9,COMPAS,1.2,0.6619318181818182,0.0553472714785917
0,0,9,COMPAS,1.45,0.6600378787878788,0.045754945339503
0,0,9,COMPAS,1.7,0.6600378787878788,0.0449218090316479
0,0,9,COMPAS,1.95,0.6600378787878788,0.0497179721011922
0,0,9,COMPAS,2.2,0.6581439393939394,0.0417919185778138
0,0,9,COMPAS,2.45,0.6581439393939394,0.0417919185778138
0,0,10,COMPAS,0.2,0.6723484848484849,0.1760712947153624
0,0,10,COMPAS,0.45,0.6685606060606061,0.1077749552325824
0,0,10,COMPAS,0.7,0.6638257575757576,0.0709199183775455
0,0,10,COMPAS,0.95,0.6628787878787878,0.0481405905134718
0,0,10,COMPAS,1.2,0.6609848484848485,0.0388955982176321
0,0,10,COMPAS,1.45,0.6609848484848485,0.0410610919085495
0,0,10,COMPAS,1.7,0.665719696969697,0.0266105859326198
0,0,10,COMPAS,1.95,0.665719696969697,0.0195310873276974
0,0,10,COMPAS,2.2,0.665719696969697,0.0216965810186149
0,0,10,COMPAS,2.45,0.6666666666666666,0.0219880897846999
0,0,11,COMPAS,0.2,0.6553030303030303,0.2268945407054638
0,0,11,COMPAS,0.45,0.6571969696969697,0.1653550399117325
0,0,11,COMPAS,0.7,0.6543560606060606,0.1462717150223483
0,0,11,COMPAS,0.95,0.6524621212121212,0.1327163621215703
0,0,11,COMPAS,1.2,0.6515151515151515,0.1342813073484874
0,0,11,COMPAS,1.45,0.6515151515151515,0.1215590907555645
0,0,11,COMPAS,1.7,0.6496212121212122,0.1144661735400412
0,0,11,COMPAS,1.95,0.6496212121212122,0.1144661735400412
0,0,11,COMPAS,2.2,0.6496212121212122,0.113633037232186
0,0,11,COMPAS,2.45,0.6505681818181818,0.1129012283131241
0,0,12,COMPAS,0.2,0.6799242424242424,0.2092237633192452
0,0,12,COMPAS,0.45,0.6676136363636364,0.109619620215489
0,0,12,COMPAS,0.7,0.6590909090909091,0.0820138103458539
0,0,12,COMPAS,0.95,0.6581439393939394,0.0671468539794035
0,0,12,COMPAS,1.2,0.65625,0.0600333353175784
0,0,12,COMPAS,1.45,0.6581439393939394,0.0592892434073457
0,0,12,COMPAS,1.7,0.6571969696969697,0.0545121733436514
0,0,12,COMPAS,1.95,0.6553030303030303,0.0530239895231859
0,0,12,COMPAS,2.2,0.65625,0.0435740222632299
0,0,12,COMPAS,2.45,0.65625,0.0435740222632299
0,0,13,COMPAS,0.2,0.6723484848484849,0.112935159214651
0,0,13,COMPAS,0.45,0.6723484848484849,0.0535390199637023
0,0,13,COMPAS,0.7,0.6742424242424242,0.0330803497772644
0,0,13,COMPAS,0.95,0.6723484848484849,0.032255403398779
0,0,13,COMPAS,1.2,0.6714015151515151,0.0115492492987955
0,0,13,COMPAS,1.45,0.6723484848484849,0.0060221085629434
0,0,13,COMPAS,1.7,0.6723484848484849,0.0060221085629434
0,0,13,COMPAS,1.95,0.6751893939393939,0.0092393994390364
0,0,13,COMPAS,2.2,0.6723484848484849,0.0042072265302755
0,0,13,COMPAS,2.45,0.678030303030303,0.0028873123246989
0,0,14,COMPAS,0.2,0.6856060606060606,0.1805331118326663
0,0,14,COMPAS,0.45,0.6818181818181818,0.1096579324926376
0,0,14,COMPAS,0.7,0.6818181818181818,0.0879407989126331
0,0,14,COMPAS,0.95,0.6799242424242424,0.0839537869062901
0,0,14,COMPAS,1.2,0.6837121212121212,0.0790757381258023
0,0,14,COMPAS,1.45,0.6856060606060606,0.0852676885901986
0,0,14,COMPAS,1.7,0.6837121212121212,0.0812806765838556
0,0,14,COMPAS,1.95,0.6837121212121212,0.072883787661406
0,0,14,COMPAS,2.2,0.6818181818181818,0.0573586045457977
0,0,14,COMPAS,2.45,0.6799242424242424,0.0653326285584837
0,0,15,COMPAS,0.2,0.7026515151515151,0.1841509716273589
0,0,15,COMPAS,0.45,0.6931818181818182,0.1422484897226326
0,0,15,COMPAS,0.7,0.6922348484848485,0.1201226925019171
0,0,15,COMPAS,0.95,0.6931818181818182,0.1137972955280827
0,0,15,COMPAS,1.2,0.6903409090909091,0.0932724858323826
0,0,15,COMPAS,1.45,0.6903409090909091,0.0932724858323826
0,0,15,COMPAS,1.7,0.6912878787878788,0.0916976826827762
0,0,15,COMPAS,1.95,0.6903409090909091,0.09012287953317
0,0,15,COMPAS,2.2,0.6912878787878788,0.0877475826210559
0,0,15,COMPAS,2.45,0.6931818181818182,0.0916976826827762
0,0,16,COMPAS,0.2,0.6761363636363636,0.1431978601679174
0,0,16,COMPAS,0.45,0.678030303030303,0.106434356192882
0,0,16,COMPAS,0.7,0.678030303030303,0.1010550560962924
0,0,16,COMPAS,0.95,0.6732954545454546,0.0834831711122668
0,0,16,COMPAS,1.2,0.6732954545454546,0.0724422319637417
0,0,16,COMPAS,1.45,0.6714015151515151,0.0638680436882383
0,0,16,COMPAS,1.7,0.6704545454545454,0.0590757114198677
0,0,16,COMPAS,1.95,0.6714015151515151,0.0645961809941302
0,0,16,COMPAS,2.2,0.6723484848484849,0.05442454862917
0,0,16,COMPAS,2.45,0.6685606060606061,0.0576194368080837
0,0,17,COMPAS,0.2,0.6846590909090909,0.158984725965858
0,0,17,COMPAS,0.45,0.6818181818181818,0.1305480682839173
0,0,17,COMPAS,0.7,0.6818181818181818,0.1163522012578616
0,0,17,COMPAS,0.95,0.6808712121212122,0.1100179694519317
0,0,17,COMPAS,1.2,0.6808712121212122,0.0942048517520215
0,0,17,COMPAS,1.45,0.6808712121212122,0.0950134770889488
0,0,17,COMPAS,1.7,0.6818181818181818,0.0965858041329739
0,0,17,COMPAS,1.95,0.6827651515151515,0.0942048517520215
0,0,17,COMPAS,2.2,0.6827651515151515,0.0942048517520215
0,0,17,COMPAS,2.45,0.6808712121212122,0.095822102425876
0,0,18,COMPAS,0.2,0.6553030303030303,0.1986585365853658
0,0,18,COMPAS,0.45,0.6695075757575758,0.1520121951219512
0,0,18,COMPAS,0.7,0.6704545454545454,0.1082926829268293
0,0,18,COMPAS,0.95,0.6751893939393939,0.0877439024390244
0,0,18,COMPAS,1.2,0.6742424242424242,0.0762195121951219
0,0,18,COMPAS,1.45,0.6723484848484849,0.0712195121951219
0,0,18,COMPAS,1.7,0.6723484848484849,0.0662195121951219
0,0,18,COMPAS,1.95,0.6714015151515151,0.0616463414634146
0,0,18,COMPAS,2.2,0.6704545454545454,0.0601219512195121
0,0,18,COMPAS,2.45,0.6714015151515151,0.0585975609756097
0,0,19,COMPAS,0.2,0.6666666666666666,0.1144498259255598
0,0,19,COMPAS,0.45,0.6609848484848485,0.0603275015650225
0,0,19,COMPAS,0.7,0.6581439393939394,0.041009082622209
0,0,19,COMPAS,0.95,0.6571969696969697,0.0349356967919783
0,0,19,COMPAS,1.2,0.6590909090909091,0.0272039361690443
0,0,19,COMPAS,1.45,0.6543560606060606,0.0200322888866923
0,0,19,COMPAS,1.7,0.6543560606060606,0.0200322888866923
0,0,19,COMPAS,1.95,0.6524621212121212,0.016715539301286
0,0,19,COMPAS,2.2,0.65625,0.0178138007534073
0,0,19,COMPAS,2.45,0.6534090909090909,0.0145080337825222
0,0,20,COMPAS,0.2,0.6950757575757576,0.1585481026341241
0,0,20,COMPAS,0.45,0.6818181818181818,0.0996757125789384
0,0,20,COMPAS,0.7,0.6808712121212122,0.0879899869147181
0,0,20,COMPAS,0.95,0.6818181818181818,0.073232064629914
0,0,20,COMPAS,1.2,0.6789772727272727,0.0757012004323832
0,0,20,COMPAS,1.45,0.6789772727272727,0.0757012004323832
0,0,20,COMPAS,1.7,0.6789772727272727,0.0757012004323832
0,0,20,COMPAS,1.95,0.6808712121212122,0.0738351254480286
0,0,20,COMPAS,2.2,0.6789772727272727,0.0658246572225066
0,0,20,COMPAS,2.45,0.678030303030303,0.0642885589122148
0,0,21,COMPAS,0.2,0.6827651515151515,0.1729331242839052
0,0,21,COMPAS,0.45,0.6827651515151515,0.1110022312006271
0,0,21,COMPAS,0.7,0.6837121212121212,0.0895495386841946
0,0,21,COMPAS,0.95,0.678030303030303,0.0634384610745944
0,0,21,COMPAS,1.2,0.6808712121212122,0.061011276608575
0,0,21,COMPAS,1.45,0.6827651515151515,0.0579056865464632
0,0,21,COMPAS,1.7,0.6827651515151515,0.0587800759814267
0,0,21,COMPAS,1.95,0.6827651515151515,0.0552825182415726
0,0,21,COMPAS,2.2,0.6818181818181818,0.0537297232105167
0,0,21,COMPAS,2.45,0.6818181818181818,0.0537297232105167
0,0,22,COMPAS,0.2,0.6714015151515151,0.1719447586165843
0,0,22,COMPAS,0.45,0.6732954545454546,0.1311685219358295
0,0,22,COMPAS,0.7,0.6704545454545454,0.1177897493898446
0,0,22,COMPAS,0.95,0.6666666666666666,0.1082356092624561
0,0,22,COMPAS,1.2,0.6685606060606061,0.1043068039764271
0,0,22,COMPAS,1.45,0.6723484848484849,0.1028186201559616
0,0,22,COMPAS,1.7,0.6704545454545454,0.1028186201559616
0,0,22,COMPAS,1.95,0.6714015151515151,0.1012262634680635
0,0,22,COMPAS,2.2,0.6714015151515151,0.0933686528960057
0,0,22,COMPAS,2.45,0.6685606060606061,0.0902881123876421
0,0,23,COMPAS,0.2,0.6818181818181818,0.169180474032246
0,0,23,COMPAS,0.45,0.6761363636363636,0.1267553310052753
0,0,23,COMPAS,0.7,0.678030303030303,0.0950887881714837
0,0,23,COMPAS,0.95,0.6837121212121212,0.0786685489263689
0,0,23,COMPAS,1.2,0.6789772727272727,0.077799242142804
0,0,23,COMPAS,1.45,0.6827651515151515,0.0631176164648191
0,0,23,COMPAS,1.7,0.6789772727272727,0.064573891076603
0,0,23,COMPAS,1.95,0.6808712121212122,0.0631176164648191
0,0,23,COMPAS,2.2,0.6789772727272727,0.0538152908834237
0,0,23,COMPAS,2.45,0.6789772727272727,0.0513485400104019
0,0,24,COMPAS,0.2,0.6571969696969697,0.227178839438294
0,0,24,COMPAS,0.45,0.6619318181818182,0.1616390519355078
0,0,24,COMPAS,0.7,0.6638257575757576,0.1491418381751987
0,0,24,COMPAS,0.95,0.665719696969697,0.1363622854595438
0,0,24,COMPAS,1.2,0.6628787878787878,0.1261906530945835
0,0,24,COMPAS,1.45,0.6647727272727273,0.1136934393342744
0,0,24,COMPAS,1.7,0.6647727272727273,0.1222676276097778
0,0,24,COMPAS,1.95,0.6685606060606061,0.1043911137528791
0,0,24,COMPAS,2.2,0.6695075757575758,0.105988557842336
0,0,24,COMPAS,2.45,0.6695075757575758,0.1020655323575302
0,0,25,COMPAS,0.2,0.6638257575757576,0.2101139601139601
0,0,25,COMPAS,0.45,0.6666666666666666,0.1237535612535612
0,0,25,COMPAS,0.7,0.6619318181818182,0.073005698005698
0,0,25,COMPAS,0.95,0.6647727272727273,0.0642806267806267
0,0,25,COMPAS,1.2,0.6685606060606061,0.0493233618233618
0,0,25,COMPAS,1.45,0.6638257575757576,0.0502136752136752
0,0,25,COMPAS,1.7,0.6685606060606061,0.0422008547008547
0,0,25,COMPAS,1.95,0.6732954545454546,0.0235042735042734
0,0,25,COMPAS,2.2,0.6742424242424242,0.0219017094017093
0,0,25,COMPAS,2.45,0.6742424242424242,0.0219017094017093
0,0,26,COMPAS,0.2,0.6799242424242424,0.1953092445978927
0,0,26,COMPAS,0.45,0.6761363636363636,0.1692957914161557
0,0,26,COMPAS,0.7,0.6770833333333334,0.1488035002083457
0,0,26,COMPAS,0.95,0.6751893939393939,0.1448746949223168
0,0,26,COMPAS,1.2,0.6751893939393939,0.1183254955652122
0,0,26,COMPAS,1.45,0.6770833333333334,0.1269271980475028
0,0,26,COMPAS,1.7,0.6751893939393939,0.1183254955652122
0,0,26,COMPAS,1.95,0.6770833333333334,0.1143966902791833
0,0,26,COMPAS,2.2,0.6770833333333334,0.1112119769033871
0,0,26,COMPAS,2.45,0.6742424242424242,0.1088755283052562
0,0,27,COMPAS,0.2,0.7026515151515151,0.1790655884995508
0,0,27,COMPAS,0.45,0.7017045454545454,0.1229559748427673
0,0,27,COMPAS,0.7,0.6998106060606061,0.091329739442947
0,0,27,COMPAS,0.95,0.6998106060606061,0.0873764600179694
0,0,27,COMPAS,1.2,0.696969696969697,0.07151841868823
0,0,27,COMPAS,1.45,0.6941287878787878,0.051707097933513
0,0,27,COMPAS,1.7,0.6941287878787878,0.0525157232704402
0,0,27,COMPAS,1.95,0.6941287878787878,0.0477538185085354
0,0,27,COMPAS,2.2,0.696969696969697,0.0477987421383648
0,0,27,COMPAS,2.45,0.6950757575757576,0.0461814914645103
0,0,28,COMPAS,0.2,0.6704545454545454,0.150303021322625
0,0,28,COMPAS,0.45,0.6751893939393939,0.1245276868137567
0,0,28,COMPAS,0.7,0.6742424242424242,0.1065760813193651
0,0,28,COMPAS,0.95,0.6704545454545454,0.0773704565323691
0,0,28,COMPAS,1.2,0.6666666666666666,0.0741550224487678
0,0,28,COMPAS,1.45,0.665719696969697,0.0679390104760916
0,0,28,COMPAS,1.7,0.6676136363636364,0.0672425800524545
0,0,28,COMPAS,1.95,0.665719696969697,0.0665461496288174
0,0,28,COMPAS,2.2,0.6638257575757576,0.0722805873723828
0,0,28,COMPAS,2.45,0.665719696969697,0.0508986915998636
0,0,29,COMPAS,0.2,0.6865530303030303,0.0742175066312997
0,0,29,COMPAS,0.45,0.6893939393939394,0.0332853353543008
0,0,29,COMPAS,0.7,0.678030303030303,0.003425539977264
0,0,29,COMPAS,0.95,0.678030303030303,0.0055020841227738
0,0,29,COMPAS,1.2,0.6742424242424242,0.014732853353543
0,0,29,COMPAS,1.45,0.6761363636363636,0.0165820386510041
0,0,29,COMPAS,1.7,0.6751893939393939,0.0181205001894657
0,0,29,COMPAS,1.95,0.6770833333333334,0.0273512694202349
0,0,29,COMPAS,2.2,0.6837121212121212,0.0227358848048503
0,0,29,COMPAS,2.45,0.6808712121212122,0.0211974232663887
0,0,30,COMPAS,0.2,0.6837121212121212,0.2084299687405465
0,0,30,COMPAS,0.45,0.6770833333333334,0.1681960270243017
0,0,30,COMPAS,0.7,0.678030303030303,0.1492498851579218
0,0,30,COMPAS,0.95,0.6789772727272727,0.1437262613021411
0,0,30,COMPAS,1.2,0.678030303030303,0.1366340627205808
0,0,30,COMPAS,1.45,0.6751893939393939,0.1279508812028727
0,0,30,COMPAS,1.7,0.6714015151515151,0.1192789037903487
0,0,30,COMPAS,1.95,0.6742424242424242,0.1232115447099817
0,0,30,COMPAS,2.2,0.6742424242424242,0.1145395672974577
0,0,30,COMPAS,2.45,0.6732954545454546,0.1169036334913112
0,0,31,COMPAS,0.2,0.6808712121212122,0.1808080808080808
0,0,31,COMPAS,0.45,0.6770833333333334,0.1414141414141414
0,0,31,COMPAS,0.7,0.6732954545454546,0.1313131313131313
0,0,31,COMPAS,0.95,0.6732954545454546,0.1262626262626263
0,0,31,COMPAS,1.2,0.6732954545454546,0.1191919191919191
0,0,31,COMPAS,1.45,0.6723484848484849,0.1116161616161616
0,0,31,COMPAS,1.7,0.6723484848484849,0.1176767676767676
0,0,31,COMPAS,1.95,0.6704545454545454,0.1136363636363635
0,0,31,COMPAS,2.2,0.6761363636363636,0.1146464646464646
0,0,31,COMPAS,2.45,0.678030303030303,0.1217171717171717
0,0,32,COMPAS,0.2,0.6723484848484849,0.1328085484239592
0,0,32,COMPAS,0.45,0.6742424242424242,0.1027901522275883
0,0,32,COMPAS,0.7,0.6704545454545454,0.075911473456649
0,0,32,COMPAS,0.95,0.6751893939393939,0.077353945066185
0,0,32,COMPAS,1.2,0.6714015151515151,0.056882088249289
0,0,32,COMPAS,1.45,0.6704545454545454,0.0584519469620049
0,0,32,COMPAS,1.7,0.6723484848484849,0.0505389598468357
0,0,32,COMPAS,1.95,0.6723484848484849,0.047399242421404
0,0,32,COMPAS,2.2,0.6723484848484849,0.0386694791740819
0,0,32,COMPAS,2.45,0.6695075757575758,0.0433790553122295
0,0,33,COMPAS,0.2,0.6695075757575758,0.1956348031962119
0,0,33,COMPAS,0.45,0.6666666666666666,0.135424681858538
0,0,33,COMPAS,0.7,0.6695075757575758,0.1096922166321396
0,0,33,COMPAS,0.95,0.6695075757575758,0.0894791358390056
0,0,33,COMPAS,1.2,0.6723484848484849,0.0832790766498964
0,0,33,COMPAS,1.45,0.6732954545454546,0.0731725362533293
0,0,33,COMPAS,1.7,0.6723484848484849,0.0722403077833678
0,0,33,COMPAS,1.95,0.6695075757575758,0.0731725362533293
0,0,33,COMPAS,2.2,0.6723484848484849,0.0754661142349807
0,0,33,COMPAS,2.45,0.6732954545454546,0.0724918614974844
0,0,34,COMPAS,0.2,0.6922348484848485,0.1066759066759067
0,0,34,COMPAS,0.45,0.6893939393939394,0.0859089859089859
0,0,34,COMPAS,0.7,0.6903409090909091,0.0692076692076691
0,0,34,COMPAS,0.95,0.6884469696969697,0.064079464079464
0,0,34,COMPAS,1.2,0.6856060606060606,0.0533841533841534
0,0,34,COMPAS,1.45,0.6837121212121212,0.0544467544467544
0,0,34,COMPAS,1.7,0.6827651515151515,0.057010857010857
0,0,34,COMPAS,1.95,0.6837121212121212,0.0585123585123585
0,0,34,COMPAS,2.2,0.6837121212121212,0.0493185493185492
0,0,34,COMPAS,2.45,0.6837121212121212,0.0493185493185492
0,0,35,COMPAS,0.2,0.6732954545454546,0.1626570151160315
0,0,35,COMPAS,0.45,0.6751893939393939,0.1065360868639557
0,0,35,COMPAS,0.7,0.6666666666666666,0.0704705130934639
0,0,35,COMPAS,0.95,0.6638257575757576,0.0678731104960613
0,0,35,COMPAS,1.2,0.6685606060606061,0.0726846923568235
0,0,35,COMPAS,1.45,0.6695075757575758,0.0589312327017245
0,0,35,COMPAS,1.7,0.6676136363636364,0.0570576964019586
0,0,35,COMPAS,1.95,0.6666666666666666,0.0511390249095167
0,0,35,COMPAS,2.2,0.665719696969697,0.0455609963806685
0,0,35,COMPAS,2.45,0.6676136363636364,0.0455609963806685
0,0,36,COMPAS,0.2,0.6723484848484849,0.1059012022004862
0,0,36,COMPAS,0.45,0.6666666666666666,0.0617346195646084
0,0,36,COMPAS,0.7,0.6666666666666666,0.0349343999641468
0,0,36,COMPAS,0.95,0.6676136363636364,0.025466931083549
0,0,36,COMPAS,1.2,0.6685606060606061,0.0231028648896955
0,0,36,COMPAS,1.45,0.6695075757575758,0.0175792410339148
0,0,36,COMPAS,1.7,0.665719696969697,0.0120444130729499
0,0,36,COMPAS,1.95,0.6647727272727273,0.002173596405723
0,0,36,COMPAS,2.2,0.6676136363636364,0.0021623923005389
0,0,36,COMPAS,2.45,0.6685606060606061,0.0005826134695752
0,0,37,COMPAS,0.2,0.6676136363636364,0.0841165413533834
0,0,37,COMPAS,0.45,0.6714015151515151,0.028312969924812
0,0,37,COMPAS,0.7,0.6732954545454546,0.0023496240601503
0,0,37,COMPAS,0.95,0.6732954545454546,0.0017622180451127
0,0,37,COMPAS,1.2,0.6742424242424242,0.0043468045112782
0,0,37,COMPAS,1.45,0.6751893939393939,0.0143327067669172
0,0,37,COMPAS,1.7,0.6714015151515151,0.0137453007518796
0,0,37,COMPAS,1.95,0.6714015151515151,0.0143327067669172
0,0,37,COMPAS,2.2,0.6714015151515151,0.0149201127819548
0,0,37,COMPAS,2.45,0.6732954545454546,0.0143327067669172
0,0,38,COMPAS,0.2,0.6543560606060606,0.158214385150812
0,0,38,COMPAS,0.45,0.6439393939393939,0.1159721577726218
0,0,38,COMPAS,0.7,0.6458333333333334,0.1042116009280742
0,0,38,COMPAS,0.95,0.6448863636363636,0.091890487238979
0,0,38,COMPAS,1.2,0.6448863636363636,0.0879703016241299
0,0,38,COMPAS,1.45,0.6392045454545454,0.071569373549884
0,0,38,COMPAS,1.7,0.6401515151515151,0.0592482598607888
0,0,38,COMPAS,1.95,0.6401515151515151,0.0724491879350348
0,0,38,COMPAS,2.2,0.6363636363636364,0.056768445475638
0,0,38,COMPAS,2.45,0.6373106060606061,0.0530078886310905
0,0,39,COMPAS,0.2,0.6808712121212122,0.2039532794249776
0,0,39,COMPAS,0.45,0.6818181818181818,0.1454177897574124
0,0,39,COMPAS,0.7,0.6808712121212122,0.1176999101527403
0,0,39,COMPAS,0.95,0.6818181818181818,0.1011230907457322
0,0,39,COMPAS,1.2,0.6761363636363636,0.0805480682839173
0,0,39,COMPAS,1.45,0.6742424242424242,0.071832884097035
0,0,39,COMPAS,1.7,0.6751893939393939,0.0734052111410601
0,0,39,COMPAS,1.95,0.6742424242424242,0.0757861635220125
0,0,39,COMPAS,2.2,0.6761363636363636,0.0710242587601078
0,0,39,COMPAS,2.45,0.6742424242424242,0.0702156334231806
0,0,40,COMPAS,0.2,0.6723484848484849,0.1936636844665202
0,0,40,COMPAS,0.45,0.6732954545454546,0.1388270667826138
0,0,40,COMPAS,0.7,0.6695075757575758,0.1096879744130175
0,0,40,COMPAS,0.95,0.6695075757575758,0.1006382006573614
0,0,40,COMPAS,1.2,0.6704545454545454,0.0912273202941913
0,0,40,COMPAS,1.45,0.6695075757575758,0.0883310979114773
0,0,40,COMPAS,1.7,0.6685606060606061,0.0873362123601633
0,0,40,COMPAS,1.95,0.6714015151515151,0.0889648768552773
0,0,40,COMPAS,2.2,0.6695075757575758,0.0850737689212493
0,0,40,COMPAS,2.45,0.6685606060606061,0.062088227924595
0,0,41,COMPAS,0.2,0.6392045454545454,0.0932930918846411
0,0,41,COMPAS,0.45,0.6306818181818182,0.0602280348759221
0,0,41,COMPAS,0.7,0.6297348484848485,0.0239883746926
0,0,41,COMPAS,0.95,0.6278409090909091,0.024748490945674
0,0,41,COMPAS,1.2,0.6297348484848485,0.0153588195841716
0,0,41,COMPAS,1.45,0.6287878787878788,0.0042477084730606
0,0,41,COMPAS,1.7,0.6306818181818182,0.0083165660630449
0,0,41,COMPAS,1.95,0.6278409090909091,0.001140174379611
0,0,41,COMPAS,2.2,0.6278409090909091,0.0019002906326849
0,0,41,COMPAS,2.45,0.6278409090909091,0.0199195171026156
0,0,42,COMPAS,0.2,0.6751893939393939,0.1395283157415113
0,0,42,COMPAS,0.45,0.6676136363636364,0.0861013936639315
0,0,42,COMPAS,0.7,0.6590909090909091,0.0598209814014964
0,0,42,COMPAS,0.95,0.65625,0.0485805414239396
0,0,42,COMPAS,1.2,0.6590909090909091,0.0236783539627728
0,0,42,COMPAS,1.45,0.6581439393939394,0.0190127241027417
0,0,42,COMPAS,1.7,0.6590909090909091,0.017457514149398
0,0,42,COMPAS,1.95,0.6581439393939394,0.0150362066433448
0,0,42,COMPAS,2.2,0.6581439393939394,0.0150362066433448
0,0,42,COMPAS,2.45,0.6581439393939394,0.0159023041960543
0,0,43,COMPAS,0.2,0.6714015151515151,0.1830912554318709
0,0,43,COMPAS,0.45,0.6704545454545454,0.151764986011072
0,0,43,COMPAS,0.7,0.6609848484848485,0.1012262634680635
0,0,43,COMPAS,0.95,0.6609848484848485,0.0800940532174534
0,0,43,COMPAS,1.2,0.6638257575757576,0.0713881778677302
0,0,43,COMPAS,1.45,0.6628787878787878,0.0690517292695994
0,0,43,COMPAS,1.7,0.6628787878787878,0.0729805345556283
0,0,43,COMPAS,1.95,0.6628787878787878,0.0683076373593666
0,0,43,COMPAS,2.2,0.6638257575757576,0.0627864753854396
0,0,43,COMPAS,2.45,0.6628787878787878,0.0604500267873087
0,0,44,COMPAS,0.2,0.6590909090909091,0.17942656217854
0,0,44,COMPAS,0.45,0.6581439393939394,0.1430489834851404
0,0,44,COMPAS,0.7,0.65625,0.1209493706398339
0,0,44,COMPAS,0.95,0.6524621212121212,0.1066975891671498
0,0,44,COMPAS,1.2,0.6505681818181818,0.0924458076944657
0,0,44,COMPAS,1.45,0.6477272727272727,0.0821703106589111
0,0,44,COMPAS,1.7,0.6496212121212122,0.077419716834683
0,0,44,COMPAS,1.95,0.6496212121212122,0.0798211981222062
0,0,44,COMPAS,2.2,0.6515151515151515,0.0845717919464342
0,0,44,COMPAS,2.45,0.6496212121212122,0.0798211981222062
0,0,45,COMPAS,0.2,0.6609848484848485,0.1735284957957023
0,0,45,COMPAS,0.45,0.6590909090909091,0.1235440672687636
0,0,45,COMPAS,0.7,0.6628787878787878,0.0860479601370289
0,0,45,COMPAS,0.95,0.6609848484848485,0.0737153534724384
0,0,45,COMPAS,1.2,0.6590909090909091,0.0737153534724384
0,0,45,COMPAS,1.45,0.6581439393939394,0.0692774836499532
0,0,45,COMPAS,1.7,0.6628787878787878,0.061382746807848
0,0,45,COMPAS,1.95,0.6609848484848485,0.060230457801308
0,0,45,COMPAS,2.2,0.6638257575757576,0.0534880099657427
0,0,45,COMPAS,2.45,0.6638257575757576,0.0493771410775459
0,0,46,COMPAS,0.2,0.6638257575757576,0.0927239729417587
0,0,46,COMPAS,0.45,0.6590909090909091,0.061128526645768
0,0,46,COMPAS,0.7,0.6581439393939394,0.03728757630754
0,0,46,COMPAS,0.95,0.6590909090909091,0.0357201781884177
0,0,46,COMPAS,1.2,0.6581439393939394,0.0245834020788648
0,0,46,COMPAS,1.45,0.6553030303030303,0.023840950338228
0,0,46,COMPAS,1.7,0.6590909090909091,0.0278006929549579
0,0,46,COMPAS,1.95,0.6571969696969697,0.0111367761095528
0,0,46,COMPAS,2.2,0.6581439393939394,0.0095693779904306
0,0,46,COMPAS,2.45,0.6581439393939394,0.0095693779904306
0,0,47,COMPAS,0.2,0.6818181818181818,0.0814356297193996
0,0,47,COMPAS,0.45,0.6761363636363636,0.0341829029551599
0,0,47,COMPAS,0.7,0.6732954545454546,0.0239545073179826
0,0,47,COMPAS,0.95,0.6751893939393939,0.0231863521953947
0,0,47,COMPAS,1.2,0.6742424242424242,0.0129579565582175
0,0,47,COMPAS,1.45,0.6714015151515151,0.0018644541810385
0,0,47,COMPAS,1.7,0.6732954545454546,0.0013051179267269
0,0,47,COMPAS,1.95,0.6714015151515151,0.0146546098629626
0,0,47,COMPAS,2.2,0.6714015151515151,0.0114850377551971
0,0,47,COMPAS,2.45,0.6704545454545454,0.0170075510394332
0,0,48,COMPAS,0.2,0.6571969696969697,0.1293613933785045
0,0,48,COMPAS,0.45,0.6590909090909091,0.090747969753196
0,0,48,COMPAS,0.7,0.6581439393939394,0.0732400433824724
0,0,48,COMPAS,0.95,0.6553030303030303,0.0628138899490974
0,0,48,COMPAS,1.2,0.6534090909090909,0.0552257362360792
0,0,48,COMPAS,1.45,0.6543560606060606,0.0350196317024597
0,0,48,COMPAS,1.7,0.6571969696969697,0.0459521659115043
0,0,48,COMPAS,1.95,0.6553030303030303,0.0423545950276431
0,0,48,COMPAS,2.2,0.6534090909090909,0.0601157117862014
0,0,48,COMPAS,2.45,0.6600378787878788,0.0478907729108958
0,0,49,COMPAS,0.2,0.665719696969697,0.1259747604024049
0,0,49,COMPAS,0.45,0.6647727272727273,0.0850943508542175
0,0,49,COMPAS,0.7,0.6638257575757576,0.0530239895231859
0,0,49,COMPAS,0.95,0.6666666666666666,0.0420858384427644
0,0,49,COMPAS,1.2,0.6676136363636364,0.0309393416274778
0,0,49,COMPAS,1.45,0.6676136363636364,0.0309393416274778
0,0,49,COMPAS,1.7,0.6647727272727273,0.0254181796535508
0,0,49,COMPAS,1.95,0.6666666666666666,0.024674087743318
0,0,49,COMPAS,2.2,0.6666666666666666,0.024674087743318
0,0,49,COMPAS,2.45,0.6666666666666666,0.024674087743318
