,Unnamed: 0,seed,dataset,level,acc,disparity
0,0,0,AdultCensus,0.05,0.8514297413498942,0.1868463692297279
0,0,0,AdultCensus,0.15,0.8557292022111513,0.1717865568303197
0,0,0,AdultCensus,0.25,0.8526581587388248,0.1518023849228437
0,0,0,AdultCensus,0.35,0.8557292022111513,0.1558555975744952
0,0,0,AdultCensus,0.45,0.8527946495598171,0.1518186492251788
0,0,0,AdultCensus,0.55,0.8490411519825292,0.0898458815975432
0,0,0,AdultCensus,0.65,0.84849518869856,0.0930997525327483
0,0,0,AdultCensus,0.75,0.8468572988466526,0.0890939220426205
0,0,0,AdultCensus,0.8500000000000001,0.846584317204668,0.0775259558011846
0,0,0,AdultCensus,0.95,0.845628881457722,0.077484305722328
0,0,1,AdultCensus,0.05,0.8521121954548556,0.1794050109068826
0,0,1,AdultCensus,0.15,0.8504743056029482,0.1755304607992338
0,0,1,AdultCensus,0.25,0.8469255442571487,0.1404574385934483
0,0,1,AdultCensus,0.35,0.8521121954548556,0.159053679866809
0,0,1,AdultCensus,0.45,0.849450624445506,0.1462440814011321
0,0,1,AdultCensus,0.55,0.8469255442571487,0.1155909226192523
0,0,1,AdultCensus,0.65,0.836142769398758,0.0784594315899802
0,0,1,AdultCensus,0.75,0.840442230260015,0.070645477528957
0,0,1,AdultCensus,0.8500000000000001,0.8478127345935986,0.0898857030601645
0,0,1,AdultCensus,0.95,0.8418071384699379,0.0641394100734097
0,0,2,AdultCensus,0.05,0.8496553606769944,0.1744904372946046
0,0,2,AdultCensus,0.15,0.8463113355626835,0.1655626291196368
0,0,2,AdultCensus,0.25,0.8490411519825292,0.1764419695771466
0,0,2,AdultCensus,0.35,0.8517027229918788,0.1478184551770314
0,0,2,AdultCensus,0.45,0.846106599331195,0.1531552126855397
0,0,2,AdultCensus,0.55,0.8400327577970381,0.1009797098324221
0,0,2,AdultCensus,0.65,0.8405787210810073,0.0865619537680574
0,0,2,AdultCensus,0.75,0.8362110148092541,0.0682044243866753
0,0,2,AdultCensus,0.8500000000000001,0.8393503036920767,0.0803753198953331
0,0,2,AdultCensus,0.95,0.8307513819695626,0.0775603692379015
0,0,3,AdultCensus,0.05,0.8473350167201256,0.1701054843343886
0,0,3,AdultCensus,0.15,0.8504743056029482,0.1687329493319545
0,0,3,AdultCensus,0.25,0.8476762437726063,0.1694238934744088
0,0,3,AdultCensus,0.35,0.8503378147819559,0.1611220447542966
0,0,3,AdultCensus,0.45,0.8499965877294752,0.1458977174801574
0,0,3,AdultCensus,0.55,0.8362792602197502,0.0626686638021038
0,0,3,AdultCensus,0.65,0.839009076639596,0.0803934117372852
0,0,3,AdultCensus,0.75,0.8377806592506654,0.0547714007770263
0,0,3,AdultCensus,0.8500000000000001,0.8405104756705112,0.0722054609850431
0,0,3,AdultCensus,0.95,0.8425578379853955,0.0569253757030987
0,0,4,AdultCensus,0.05,0.851361495939398,0.1695899305279157
0,0,4,AdultCensus,0.15,0.8532041220227939,0.1731737616096851
0,0,4,AdultCensus,0.25,0.8511567597079096,0.1613397445352912
0,0,4,AdultCensus,0.35,0.8502013239609636,0.154279886231715
0,0,4,AdultCensus,0.45,0.8535453490752747,0.1478208316948179
0,0,4,AdultCensus,0.55,0.8459701085102027,0.0910069708897074
0,0,4,AdultCensus,0.65,0.8422848563434109,0.0765425615412814
0,0,4,AdultCensus,0.75,0.8284310380126937,0.034906414823631
0,0,4,AdultCensus,0.8500000000000001,0.8430355558588685,0.0839713246564366
0,0,4,AdultCensus,0.95,0.8422848563434109,0.1022773514614016
0,0,5,AdultCensus,0.05,0.8534088582542824,0.1622624742142772
0,0,5,AdultCensus,0.15,0.8547055210537091,0.1579801990484101
0,0,5,AdultCensus,0.25,0.8523851770968403,0.1522349876626964
0,0,5,AdultCensus,0.35,0.8522486862758479,0.1415324370845131
0,0,5,AdultCensus,0.45,0.852726404149321,0.1305492043172896
0,0,5,AdultCensus,0.55,0.8500648331399714,0.1389263164743637
0,0,5,AdultCensus,0.65,0.851361495939398,0.1378942269808068
0,0,5,AdultCensus,0.75,0.8528628949703132,0.129992331368231
0,0,5,AdultCensus,0.8500000000000001,0.8516344775813827,0.1372028948742818
0,0,5,AdultCensus,0.95,0.8464478263836757,0.1496728371429524
0,0,6,AdultCensus,0.05,0.8566846379580974,0.1734838639197954
0,0,6,AdultCensus,0.15,0.8536135944857708,0.167284923427734
0,0,6,AdultCensus,0.25,0.8557974476216474,0.1558103618710237
0,0,6,AdultCensus,0.35,0.8562751654951205,0.163899241798751
0,0,6,AdultCensus,0.45,0.8557974476216474,0.1605819334807861
0,0,6,AdultCensus,0.55,0.8465160717941719,0.111957227831058
0,0,6,AdultCensus,0.65,0.8435132737323415,0.0755676029515832
0,0,6,AdultCensus,0.75,0.8493141336245138,0.0962989423116689
0,0,6,AdultCensus,0.8500000000000001,0.847539752951614,0.0972765116126045
0,0,6,AdultCensus,0.95,0.8375076776086808,0.0325374491151283
0,0,7,AdultCensus,0.05,0.8502695693714598,0.1721972472377504
0,0,7,AdultCensus,0.15,0.8474032621306217,0.1560349439565457
0,0,7,AdultCensus,0.25,0.8466525626151641,0.1462981554878474
0,0,7,AdultCensus,0.35,0.8467208080256603,0.1448431078256858
0,0,7,AdultCensus,0.45,0.8487681703405446,0.1422219936204519
0,0,7,AdultCensus,0.55,0.8359380331672696,0.0837518747310827
0,0,7,AdultCensus,0.65,0.8379171500716577,0.0896174809567802
0,0,7,AdultCensus,0.75,0.8403057394390228,0.0644018711234737
0,0,7,AdultCensus,0.8500000000000001,0.8350508428308197,0.0785657879095922
0,0,7,AdultCensus,0.95,0.8395550399235652,0.0673550621454501
0,0,8,AdultCensus,0.05,0.8474032621306217,0.1651481194744118
0,0,8,AdultCensus,0.15,0.8458336176892104,0.1685966967038958
0,0,8,AdultCensus,0.25,0.8491776428035215,0.1670172830353071
0,0,8,AdultCensus,0.35,0.8450146727632567,0.1492887956713733
0,0,8,AdultCensus,0.45,0.8485634341090562,0.1548783037451063
0,0,8,AdultCensus,0.55,0.8450829181737528,0.1050464818706215
0,0,8,AdultCensus,0.65,0.8438545007848223,0.1147752178086906
0,0,8,AdultCensus,0.75,0.84283081962738,0.0968253139137727
0,0,8,AdultCensus,0.8500000000000001,0.8439909916058145,0.1096516070321877
0,0,8,AdultCensus,0.95,0.8416024022384495,0.0937329457649341
0,0,9,AdultCensus,0.05,0.8495188698560022,0.1669116048245782
0,0,9,AdultCensus,0.15,0.8515662321708866,0.156268868257524
0,0,9,AdultCensus,0.25,0.8512932505289019,0.1609227865045776
0,0,9,AdultCensus,0.35,0.8528628949703132,0.1490487135379739
0,0,9,AdultCensus,0.45,0.8523851770968403,0.1583424074762274
0,0,9,AdultCensus,0.55,0.852726404149321,0.1606715508633513
0,0,9,AdultCensus,0.65,0.8462430901521872,0.1671560990002745
0,0,9,AdultCensus,0.75,0.8510202688869174,0.1481091977647978
0,0,9,AdultCensus,0.8500000000000001,0.8540230669487477,0.1491688305575385
0,0,9,AdultCensus,0.95,0.851770968402375,0.1105521449318789
0,0,10,AdultCensus,0.05,0.8495871152664983,0.1669449445606319
0,0,10,AdultCensus,0.15,0.8499965877294752,0.1731617621140716
0,0,10,AdultCensus,0.25,0.8478127345935986,0.1480112702460733
0,0,10,AdultCensus,0.35,0.8469937896676448,0.1481924148754802
0,0,10,AdultCensus,0.45,0.847539752951614,0.1313890422169455
0,0,10,AdultCensus,0.55,0.8403739848495189,0.0871728427732908
0,0,10,AdultCensus,0.65,0.8420118747014264,0.1021860467109577
0,0,10,AdultCensus,0.75,0.8378489046611616,0.0538400056284195
0,0,10,AdultCensus,0.8500000000000001,0.8383948679451307,0.0673923474635143
0,0,10,AdultCensus,0.95,0.8424213471644032,0.0669019103581984
0,0,11,AdultCensus,0.05,0.8474032621306217,0.1676859339278903
0,0,11,AdultCensus,0.15,0.8495871152664983,0.1671988826858001
0,0,11,AdultCensus,0.25,0.846106599331195,0.1569112412082718
0,0,11,AdultCensus,0.35,0.8458336176892104,0.1411196994227168
0,0,11,AdultCensus,0.45,0.844673445710776,0.1434463321925782
0,0,11,AdultCensus,0.55,0.8478809800040947,0.1565904995159406
0,0,11,AdultCensus,0.65,0.8459701085102027,0.1367990545587038
0,0,11,AdultCensus,0.75,0.847539752951614,0.1377443588359393
0,0,11,AdultCensus,0.8500000000000001,0.8474032621306217,0.1155265876527701
0,0,11,AdultCensus,0.95,0.8427625742168839,0.1411752733802139
0,0,12,AdultCensus,0.05,0.8514297413498942,0.1619787702110557
0,0,12,AdultCensus,0.15,0.8523169316863441,0.1672211315150998
0,0,12,AdultCensus,0.25,0.84849518869856,0.1545614792083967
0,0,12,AdultCensus,0.35,0.8502695693714598,0.1401828515237182
0,0,12,AdultCensus,0.45,0.8519074592233672,0.1414767292367724
0,0,12,AdultCensus,0.55,0.8460383539206988,0.1102392806068357
0,0,12,AdultCensus,0.65,0.8468572988466526,0.0978328890219761
0,0,12,AdultCensus,0.75,0.8493823790350099,0.0720179095854641
0,0,12,AdultCensus,0.8500000000000001,0.8396232853340613,0.0653866973061142
0,0,12,AdultCensus,0.95,0.8349143520098273,0.0615874745632665
0,0,13,AdultCensus,0.05,0.847062035078141,0.1623740131945122
0,0,13,AdultCensus,0.15,0.849450624445506,0.1553700156240995
0,0,13,AdultCensus,0.25,0.8497918514979867,0.1553483406440612
0,0,13,AdultCensus,0.35,0.8497236060874906,0.1367467500819722
0,0,13,AdultCensus,0.45,0.8459018630997065,0.1239415452571876
0,0,13,AdultCensus,0.55,0.8387360949976114,0.0764165206073295
0,0,13,AdultCensus,0.65,0.8395550399235652,0.066822823153352
0,0,13,AdultCensus,0.75,0.8398962669760459,0.0627124665806579
0,0,13,AdultCensus,0.8500000000000001,0.8299324370436089,0.0569679203182524
0,0,13,AdultCensus,0.95,0.8310243636115471,0.0464751898912148
0,0,14,AdultCensus,0.05,0.845628881457722,0.1774780873782125
0,0,14,AdultCensus,0.15,0.8497918514979867,0.1615881201445136
0,0,14,AdultCensus,0.25,0.8493141336245138,0.1442271953283436
0,0,14,AdultCensus,0.35,0.8498600969084829,0.1394771125891947
0,0,14,AdultCensus,0.45,0.8495871152664983,0.1430804107666017
0,0,14,AdultCensus,0.55,0.8420118747014264,0.0825385092132362
0,0,14,AdultCensus,0.65,0.8418071384699379,0.0745278973059186
0,0,14,AdultCensus,0.75,0.8453558998157374,0.0875195842455176
0,0,14,AdultCensus,0.8500000000000001,0.8329352351054392,0.0783737767876627
0,0,14,AdultCensus,0.95,0.8454241452262335,0.0858725235078191
0,0,15,AdultCensus,0.05,0.8594144543779431,0.1609098009716881
0,0,15,AdultCensus,0.15,0.8545007848222207,0.1634546514529506
0,0,15,AdultCensus,0.25,0.8591414727359585,0.1471871484553954
0,0,15,AdultCensus,0.35,0.8563434109056166,0.1345550241114562
0,0,15,AdultCensus,0.45,0.8551832389271822,0.1368975413937087
0,0,15,AdultCensus,0.55,0.8489729065720331,0.062534486625075
0,0,15,AdultCensus,0.65,0.8411246843649764,0.0567718278784155
0,0,15,AdultCensus,0.75,0.8449464273527605,0.0675915367098382
0,0,15,AdultCensus,0.8500000000000001,0.846106599331195,0.0668395020276888
0,0,15,AdultCensus,0.95,0.8449464273527605,0.0283422554060717
0,0,16,AdultCensus,0.05,0.8512250051184058,0.1577591611464954
0,0,16,AdultCensus,0.15,0.8497236060874906,0.1402875778368736
0,0,16,AdultCensus,0.25,0.8524534225073364,0.1548169787744775
0,0,16,AdultCensus,0.35,0.8491776428035215,0.1215836836780252
0,0,16,AdultCensus,0.45,0.8491093973930253,0.1231535956225047
0,0,16,AdultCensus,0.55,0.8507472872449328,0.1364373279019479
0,0,16,AdultCensus,0.65,0.8506790418344367,0.1537024472695533
0,0,16,AdultCensus,0.75,0.8457653722787143,0.1360675447726375
0,0,16,AdultCensus,0.8500000000000001,0.8448099365317683,0.1370793781238457
0,0,16,AdultCensus,0.95,0.8474032621306217,0.1091405563952698
0,0,17,AdultCensus,0.05,0.858459018630997,0.1666878236124366
0,0,17,AdultCensus,0.15,0.8568893741895858,0.1663025335698243
0,0,17,AdultCensus,0.25,0.858459018630997,0.1618770385045265
0,0,17,AdultCensus,0.35,0.8564799017266089,0.1623936607472657
0,0,17,AdultCensus,0.45,0.8590049819149662,0.1501993637235493
0,0,17,AdultCensus,0.55,0.8517027229918788,0.1216506536339948
0,0,17,AdultCensus,0.65,0.8495871152664983,0.1100706170340589
0,0,17,AdultCensus,0.75,0.8456971268682181,0.0764278943021868
0,0,17,AdultCensus,0.8500000000000001,0.8503378147819559,0.0846016245408662
0,0,17,AdultCensus,0.95,0.8523169316863441,0.0596763361626713
0,0,18,AdultCensus,0.05,0.84849518869856,0.1696943859388681
0,0,18,AdultCensus,0.15,0.8502013239609636,0.1580259495423864
0,0,18,AdultCensus,0.25,0.8469937896676448,0.1628768679748188
0,0,18,AdultCensus,0.35,0.8481539616460793,0.1363904414006709
0,0,18,AdultCensus,0.45,0.8450146727632567,0.1275246587603895
0,0,18,AdultCensus,0.55,0.8430355558588685,0.0911177190277395
0,0,18,AdultCensus,0.65,0.8395550399235652,0.0776592178356988
0,0,18,AdultCensus,0.75,0.8353920698833004,0.0752877973603098
0,0,18,AdultCensus,0.8500000000000001,0.838531358766123,0.0755827789688761
0,0,18,AdultCensus,0.95,0.838531358766123,0.0657191429041913
0,0,19,AdultCensus,0.05,0.8514979867603903,0.1646819836206016
0,0,19,AdultCensus,0.15,0.8514979867603903,0.1758623317442435
0,0,19,AdultCensus,0.25,0.850815532655429,0.1734369938764305
0,0,19,AdultCensus,0.35,0.853681839896267,0.1584072649408172
0,0,19,AdultCensus,0.45,0.8512250051184058,0.1629275345283573
0,0,19,AdultCensus,0.55,0.8396915307445574,0.1977327902428079
0,0,19,AdultCensus,0.65,0.8463795809731796,0.1827367133610719
0,0,19,AdultCensus,0.75,0.8432402920903569,0.1684943853377921
0,0,19,AdultCensus,0.8500000000000001,0.8492458882140176,0.149011811434637
0,0,19,AdultCensus,0.95,0.8493141336245138,0.1372828238153315
0,0,20,AdultCensus,0.05,0.8489729065720331,0.1704407226394212
0,0,20,AdultCensus,0.15,0.8500648331399714,0.1690525178839639
0,0,20,AdultCensus,0.25,0.8474032621306217,0.1471056527656546
0,0,20,AdultCensus,0.35,0.8474715075411179,0.1697526012533441
0,0,20,AdultCensus,0.45,0.8472667713096295,0.144182186240228
0,0,20,AdultCensus,0.55,0.8396915307445574,0.086616763831077
0,0,20,AdultCensus,0.65,0.8454923906367297,0.0882777141485756
0,0,20,AdultCensus,0.75,0.8421483655224186,0.0788298129618419
0,0,20,AdultCensus,0.8500000000000001,0.8441957278373029,0.1009274482789964
0,0,20,AdultCensus,0.95,0.844673445710776,0.1083522140325686
0,0,21,AdultCensus,0.05,0.8478127345935986,0.1463159691825045
0,0,21,AdultCensus,0.15,0.8495188698560022,0.1520327914673999
0,0,21,AdultCensus,0.25,0.8492458882140176,0.1466956569902785
0,0,21,AdultCensus,0.35,0.8503378147819559,0.1447970731443381
0,0,21,AdultCensus,0.45,0.8473350167201256,0.1409545358330157
0,0,21,AdultCensus,0.55,0.8448781819422644,0.0948944709305226
0,0,21,AdultCensus,0.65,0.8411246843649764,0.0736546535756021
0,0,21,AdultCensus,0.75,0.8407152119019996,0.0789435957825751
0,0,21,AdultCensus,0.8500000000000001,0.8372346959666962,0.0660185171980938
0,0,21,AdultCensus,0.95,0.8342318979048658,0.0656784967392095
0,0,22,AdultCensus,0.05,0.8490411519825292,0.1719616519922467
0,0,22,AdultCensus,0.15,0.8467208080256603,0.1732815060743638
0,0,22,AdultCensus,0.25,0.848017470825087,0.1629386674570732
0,0,22,AdultCensus,0.35,0.8486316795195523,0.1662151456785594
0,0,22,AdultCensus,0.45,0.8474715075411179,0.1571577078512749
0,0,22,AdultCensus,0.55,0.8406469664915035,0.172794652133958
0,0,22,AdultCensus,0.65,0.8472667713096295,0.1490399581177897
0,0,22,AdultCensus,0.75,0.8459701085102027,0.123554694770147
0,0,22,AdultCensus,0.8500000000000001,0.8463113355626835,0.1375979573256338
0,0,22,AdultCensus,0.95,0.8433767829113492,0.1196574196010458
0,0,23,AdultCensus,0.05,0.8496553606769944,0.16168878688301
0,0,23,AdultCensus,0.15,0.8489729065720331,0.1575917857451094
0,0,23,AdultCensus,0.25,0.8481539616460793,0.1468111790728904
0,0,23,AdultCensus,0.35,0.8474032621306217,0.1584259700942872
0,0,23,AdultCensus,0.45,0.8474715075411179,0.1344946244547774
0,0,23,AdultCensus,0.55,0.8324575172319661,0.0608656996904193
0,0,23,AdultCensus,0.65,0.8401692486180304,0.0874472912783087
0,0,23,AdultCensus,0.75,0.8358015423462772,0.075323274389777
0,0,23,AdultCensus,0.8500000000000001,0.8430355558588685,0.080316824039613
0,0,23,AdultCensus,0.95,0.8426260833958916,0.0869682554488076
0,0,24,AdultCensus,0.05,0.849450624445506,0.1614829755120582
0,0,24,AdultCensus,0.15,0.8485634341090562,0.1536248765910642
0,0,24,AdultCensus,0.25,0.8471985258991332,0.1572096803905314
0,0,24,AdultCensus,0.35,0.8483586978775677,0.1439804270814345
0,0,24,AdultCensus,0.45,0.8488364157510407,0.1588475362990569
0,0,24,AdultCensus,0.55,0.8431720466798608,0.1151270698525653
0,0,24,AdultCensus,0.65,0.8401010032075343,0.0870640007917467
0,0,24,AdultCensus,0.75,0.8395550399235652,0.0756391664113383
0,0,24,AdultCensus,0.8500000000000001,0.8368934689142156,0.0794379823990321
0,0,24,AdultCensus,0.95,0.8381901317136422,0.0775107142170774
0,0,25,AdultCensus,0.05,0.8547055210537091,0.1616117377550149
0,0,25,AdultCensus,0.15,0.8516344775813827,0.1572640407373846
0,0,25,AdultCensus,0.25,0.8516344775813827,0.1511426611370607
0,0,25,AdultCensus,0.35,0.8516344775813827,0.1507735452264885
0,0,25,AdultCensus,0.45,0.8524534225073364,0.1397727769208199
0,0,25,AdultCensus,0.55,0.8539548215382515,0.1559295302532667
0,0,25,AdultCensus,0.65,0.8512250051184058,0.1481256652513408
0,0,25,AdultCensus,0.75,0.8534088582542824,0.1399151787918313
0,0,25,AdultCensus,0.8500000000000001,0.8511567597079096,0.1247168979221359
0,0,25,AdultCensus,0.95,0.8532041220227939,0.1158666138888323
0,0,26,AdultCensus,0.05,0.8478127345935986,0.1709634831677017
0,0,26,AdultCensus,0.15,0.8458336176892104,0.1670576899926354
0,0,26,AdultCensus,0.25,0.8467208080256603,0.1455403924391146
0,0,26,AdultCensus,0.35,0.8454241452262335,0.1521289662835135
0,0,26,AdultCensus,0.45,0.8453558998157374,0.1616972046565551
0,0,26,AdultCensus,0.55,0.8434450283218453,0.0949899574617676
0,0,26,AdultCensus,0.65,0.8426943288063877,0.0557247505324105
0,0,26,AdultCensus,0.75,0.8442639732477991,0.0704712019313674
0,0,26,AdultCensus,0.8500000000000001,0.8354603152937965,0.0271808016392224
0,0,26,AdultCensus,0.95,0.8420118747014264,0.0700989987861949
0,0,27,AdultCensus,0.05,0.8523169316863441,0.1810466537028893
0,0,27,AdultCensus,0.15,0.8521121954548556,0.1712246351365099
0,0,27,AdultCensus,0.25,0.8524534225073364,0.1563825203347538
0,0,27,AdultCensus,0.35,0.8514297413498942,0.1590618832081762
0,0,27,AdultCensus,0.45,0.8496553606769944,0.149969493468368
0,0,27,AdultCensus,0.55,0.8452876544052412,0.2006504818567272
0,0,27,AdultCensus,0.65,0.8495188698560022,0.1524180121388656
0,0,27,AdultCensus,0.75,0.847539752951614,0.1335505921820799
0,0,27,AdultCensus,0.8500000000000001,0.8413294205964649,0.0877515755377623
0,0,27,AdultCensus,0.95,0.8482222070565755,0.1055505010124402
0,0,28,AdultCensus,0.05,0.8486999249300484,0.1788590883343523
0,0,28,AdultCensus,0.15,0.8496553606769944,0.1720076995521128
0,0,28,AdultCensus,0.25,0.8506107964239404,0.1703897326814126
0,0,28,AdultCensus,0.35,0.8490411519825292,0.1659370371916108
0,0,28,AdultCensus,0.45,0.8481539616460793,0.1503594872422291
0,0,28,AdultCensus,0.55,0.8454241452262335,0.1093785853503448
0,0,28,AdultCensus,0.65,0.8423531017539071,0.1159917083775721
0,0,28,AdultCensus,0.75,0.8428990650378761,0.0991548831245265
0,0,28,AdultCensus,0.8500000000000001,0.8448781819422644,0.0781055755594963
0,0,28,AdultCensus,0.95,0.8382583771241384,0.040296138072812
0,0,29,AdultCensus,0.05,0.8506790418344367,0.1684104630783231
0,0,29,AdultCensus,0.15,0.851770968402375,0.1700852004691112
0,0,29,AdultCensus,0.25,0.850815532655429,0.1665453685782411
0,0,29,AdultCensus,0.35,0.8491093973930253,0.1539239549110518
0,0,29,AdultCensus,0.45,0.8506107964239404,0.1317911324968146
0,0,29,AdultCensus,0.55,0.8413294205964649,0.0802903196786259
0,0,29,AdultCensus,0.65,0.844673445710776,0.1026579143379931
0,0,29,AdultCensus,0.75,0.8348461065993312,0.0647548602354367
0,0,29,AdultCensus,0.8500000000000001,0.8398962669760459,0.0871744228710222
0,0,29,AdultCensus,0.95,0.8429673104483724,0.0595166806578988
0,0,30,AdultCensus,0.05,0.8537500853067631,0.1740703888070415
0,0,30,AdultCensus,0.15,0.8552514843376783,0.1656949570300571
0,0,30,AdultCensus,0.25,0.8526581587388248,0.1641123029544502
0,0,30,AdultCensus,0.35,0.8542960485907323,0.1443237482278667
0,0,30,AdultCensus,0.45,0.8523169316863441,0.1513126582040375
0,0,30,AdultCensus,0.55,0.8464478263836757,0.0985981380206769
0,0,30,AdultCensus,0.65,0.8522486862758479,0.1146610314757377
0,0,30,AdultCensus,0.75,0.8516344775813827,0.1154950288099241
0,0,30,AdultCensus,0.8500000000000001,0.8483586978775677,0.0731639631302102
0,0,30,AdultCensus,0.95,0.8452876544052412,0.0528879671514237
0,0,31,AdultCensus,0.05,0.8515662321708866,0.1536656160650245
0,0,31,AdultCensus,0.15,0.8503378147819559,0.1564313063714746
0,0,31,AdultCensus,0.25,0.8482222070565755,0.1614300502998603
0,0,31,AdultCensus,0.35,0.8486999249300484,0.1478352014482847
0,0,31,AdultCensus,0.45,0.849450624445506,0.1449197579813699
0,0,31,AdultCensus,0.55,0.8506790418344367,0.1519657790247683
0,0,31,AdultCensus,0.65,0.8461748447416911,0.142421077141997
0,0,31,AdultCensus,0.75,0.8483586978775677,0.1417969138998984
0,0,31,AdultCensus,0.8500000000000001,0.8474715075411179,0.1281710914988701
0,0,31,AdultCensus,0.95,0.8455606360472259,0.0814172019887329
0,0,32,AdultCensus,0.05,0.8497236060874906,0.1542158552846349
0,0,32,AdultCensus,0.15,0.8511567597079096,0.1510758938024694
0,0,32,AdultCensus,0.25,0.8465160717941719,0.1690067080906008
0,0,32,AdultCensus,0.35,0.84849518869856,0.1447055904979563
0,0,32,AdultCensus,0.45,0.8523169316863441,0.147745137640725
0,0,32,AdultCensus,0.55,0.8484269432880639,0.151625708057531
0,0,32,AdultCensus,0.65,0.8497236060874906,0.1381735966301576
0,0,32,AdultCensus,0.75,0.8489729065720331,0.1515903013129312
0,0,32,AdultCensus,0.8500000000000001,0.8502695693714598,0.1208194067662312
0,0,32,AdultCensus,0.95,0.8498600969084829,0.0636503718012463
0,0,33,AdultCensus,0.05,0.849450624445506,0.144294279049601
0,0,33,AdultCensus,0.15,0.8501330785504675,0.1325548022347013
0,0,33,AdultCensus,0.25,0.8504743056029482,0.146872665449721
0,0,33,AdultCensus,0.35,0.8547737664642053,0.1372112704647549
0,0,33,AdultCensus,0.45,0.85415955776974,0.1469042584087334
0,0,33,AdultCensus,0.55,0.8439227461953184,0.2188852559023673
0,0,33,AdultCensus,0.65,0.8364157510407425,0.229735782045294
0,0,33,AdultCensus,0.75,0.8497236060874906,0.1819392509331092
0,0,33,AdultCensus,0.8500000000000001,0.8491093973930253,0.179483720093542
0,0,33,AdultCensus,0.95,0.8491093973930253,0.1800825957824854
0,0,34,AdultCensus,0.05,0.845628881457722,0.1745106393598288
0,0,34,AdultCensus,0.15,0.8491093973930253,0.1753661115411822
0,0,34,AdultCensus,0.25,0.8473350167201256,0.1762482099783186
0,0,34,AdultCensus,0.35,0.8459701085102027,0.1545435278522765
0,0,34,AdultCensus,0.45,0.8444004640687913,0.1699357119877207
0,0,34,AdultCensus,0.55,0.845628881457722,0.1658647743906923
0,0,34,AdultCensus,0.65,0.8457653722787143,0.1479881547599616
0,0,34,AdultCensus,0.75,0.8424895925748993,0.1594923212265005
0,0,34,AdultCensus,0.8500000000000001,0.8412611751859688,0.1376807741418265
0,0,34,AdultCensus,0.95,0.8452194089947451,0.1251819902295574
0,0,35,AdultCensus,0.05,0.8463113355626835,0.1864657013465815
0,0,35,AdultCensus,0.15,0.8478127345935986,0.1786422868931275
0,0,35,AdultCensus,0.25,0.8492458882140176,0.1648067416035724
0,0,35,AdultCensus,0.35,0.847539752951614,0.1510754413016245
0,0,35,AdultCensus,0.45,0.8495188698560022,0.130091584844729
0,0,35,AdultCensus,0.55,0.847539752951614,0.1468801144601033
0,0,35,AdultCensus,0.65,0.8490411519825292,0.1506241794831066
0,0,35,AdultCensus,0.75,0.8442639732477991,0.1394026051040948
0,0,35,AdultCensus,0.8500000000000001,0.8480857162355832,0.1490208966332746
0,0,35,AdultCensus,0.95,0.8458336176892104,0.1378731189496084
0,0,36,AdultCensus,0.05,0.8493823790350099,0.1564081487422267
0,0,36,AdultCensus,0.15,0.8499965877294752,0.1572391747226696
0,0,36,AdultCensus,0.25,0.8495188698560022,0.1342904718967243
0,0,36,AdultCensus,0.35,0.8474715075411179,0.139346306112411
0,0,36,AdultCensus,0.45,0.8450146727632567,0.1393609398088008
0,0,36,AdultCensus,0.55,0.8355968061147888,0.0664290893277668
0,0,36,AdultCensus,0.65,0.8412611751859688,0.0768064510820373
0,0,36,AdultCensus,0.75,0.8353238244728042,0.0458045592912834
0,0,36,AdultCensus,0.8500000000000001,0.8330034805159353,0.0633035835567092
0,0,36,AdultCensus,0.95,0.8374394321981846,0.0560409978446119
0,0,37,AdultCensus,0.05,0.8544325394117246,0.1765622306676804
0,0,37,AdultCensus,0.15,0.856070429263632,0.1713011443072866
0,0,37,AdultCensus,0.25,0.8590732273254623,0.1718240246842494
0,0,37,AdultCensus,0.35,0.8548420118747014,0.1523862814690097
0,0,37,AdultCensus,0.45,0.8520439500443595,0.1655848347831169
0,0,37,AdultCensus,0.55,0.8543642940012284,0.1542633608415349
0,0,37,AdultCensus,0.65,0.852726404149321,0.1476692318359658
0,0,37,AdultCensus,0.75,0.852726404149321,0.1347375734960667
0,0,37,AdultCensus,0.8500000000000001,0.8516344775813827,0.150681113311327
0,0,37,AdultCensus,0.95,0.8539548215382515,0.1277164672787412
0,0,38,AdultCensus,0.05,0.848017470825087,0.1753142622950333
0,0,38,AdultCensus,0.15,0.8502695693714598,0.1625575314308801
0,0,38,AdultCensus,0.25,0.8500648331399714,0.1633713511415556
0,0,38,AdultCensus,0.35,0.8519757046338634,0.156227433846891
0,0,38,AdultCensus,0.45,0.852726404149321,0.1467762461023757
0,0,38,AdultCensus,0.55,0.8421483655224186,0.0772582103278293
0,0,38,AdultCensus,0.65,0.8424895925748993,0.0838820384010888
0,0,38,AdultCensus,0.75,0.8439227461953184,0.0944702002261156
0,0,38,AdultCensus,0.8500000000000001,0.8436497645533337,0.0724143316706075
0,0,38,AdultCensus,0.95,0.8371664505562001,0.0249650118452349
0,0,39,AdultCensus,0.05,0.843786255374326,0.1609070551654548
0,0,39,AdultCensus,0.15,0.8444004640687913,0.1468025433165133
0,0,39,AdultCensus,0.25,0.8438545007848223,0.146890082142743
0,0,39,AdultCensus,0.35,0.843786255374326,0.1328874524968095
0,0,39,AdultCensus,0.45,0.8458336176892104,0.1348584552232175
0,0,39,AdultCensus,0.55,0.8432402920903569,0.158668906487481
0,0,39,AdultCensus,0.65,0.8426943288063877,0.1311789899451202
0,0,39,AdultCensus,0.75,0.8442639732477991,0.1179612179350045
0,0,39,AdultCensus,0.8500000000000001,0.8444004640687913,0.1031130452085294
0,0,39,AdultCensus,0.95,0.847062035078141,0.1075418539433036
0,0,40,AdultCensus,0.05,0.846106599331195,0.1590834353578926
0,0,40,AdultCensus,0.15,0.846584317204668,0.1480668800100069
0,0,40,AdultCensus,0.25,0.8465160717941719,0.140371148870257
0,0,40,AdultCensus,0.35,0.8458336176892104,0.1425537255833444
0,0,40,AdultCensus,0.45,0.8459701085102027,0.1342466484078076
0,0,40,AdultCensus,0.55,0.8387360949976114,0.1459916545573467
0,0,40,AdultCensus,0.65,0.8304101549170818,0.1016953398417847
0,0,40,AdultCensus,0.75,0.8288405104756705,0.0481004737097769
0,0,40,AdultCensus,0.8500000000000001,0.8313655906640278,0.063417751306871
0,0,40,AdultCensus,0.95,0.8368252235037194,0.0635368671052899
0,0,41,AdultCensus,0.05,0.8540230669487477,0.1416448211500986
0,0,41,AdultCensus,0.15,0.8547055210537091,0.1655018450482756
0,0,41,AdultCensus,0.25,0.8547737664642053,0.1755308690118608
0,0,41,AdultCensus,0.35,0.8561386746741282,0.1414505973970814
0,0,41,AdultCensus,0.45,0.8521804408653518,0.1511058380457502
0,0,41,AdultCensus,0.55,0.848017470825087,0.1965428793659874
0,0,41,AdultCensus,0.65,0.8462430901521872,0.1620419065549208
0,0,41,AdultCensus,0.75,0.8536135944857708,0.1437390122195288
0,0,41,AdultCensus,0.8500000000000001,0.8505425510134443,0.1542135533232398
0,0,41,AdultCensus,0.95,0.8533406128437863,0.1405518395957035
0,0,42,AdultCensus,0.05,0.8465160717941719,0.1629050894382837
0,0,42,AdultCensus,0.15,0.8478127345935986,0.1678250852299966
0,0,42,AdultCensus,0.25,0.8455606360472259,0.1354479077701809
0,0,42,AdultCensus,0.35,0.8460383539206988,0.1282289642206063
0,0,42,AdultCensus,0.45,0.8464478263836757,0.1342328183590077
0,0,42,AdultCensus,0.55,0.8478809800040947,0.1615439032429394
0,0,42,AdultCensus,0.65,0.8466525626151641,0.1545686819565051
0,0,42,AdultCensus,0.75,0.8456971268682181,0.1081932988578255
0,0,42,AdultCensus,0.8500000000000001,0.8430355558588685,0.1264687293149766
0,0,42,AdultCensus,0.95,0.8444687094792875,0.1435236403705493
0,0,43,AdultCensus,0.05,0.8500648331399714,0.1818241771316946
0,0,43,AdultCensus,0.15,0.8518392138128711,0.1730392108309347
0,0,43,AdultCensus,0.25,0.8495871152664983,0.1385734389085588
0,0,43,AdultCensus,0.35,0.8497236060874906,0.1469453345255982
0,0,43,AdultCensus,0.45,0.8509520234764212,0.1377953396758133
0,0,43,AdultCensus,0.55,0.8443322186582952,0.068587565101895
0,0,43,AdultCensus,0.65,0.8423531017539071,0.0622416008583155
0,0,43,AdultCensus,0.75,0.8401692486180304,0.0571685889337889
0,0,43,AdultCensus,0.8500000000000001,0.8425578379853955,0.0973915490992261
0,0,43,AdultCensus,0.95,0.8424213471644032,0.0816969078543532
0,0,44,AdultCensus,0.05,0.8500648331399714,0.1702604967527359
0,0,44,AdultCensus,0.15,0.8472667713096295,0.1636763495441644
0,0,44,AdultCensus,0.25,0.8459018630997065,0.1565274967997334
0,0,44,AdultCensus,0.35,0.8469937896676448,0.1498844000711295
0,0,44,AdultCensus,0.45,0.8474715075411179,0.1521461945490466
0,0,44,AdultCensus,0.55,0.8502695693714598,0.1480495497346082
0,0,44,AdultCensus,0.65,0.846106599331195,0.1389955617786449
0,0,44,AdultCensus,0.75,0.8482222070565755,0.1375384943043048
0,0,44,AdultCensus,0.8500000000000001,0.8465160717941719,0.112817080516699
0,0,44,AdultCensus,0.95,0.8469937896676448,0.1100802906515459
0,0,45,AdultCensus,0.05,0.8516344775813827,0.18034158012411
0,0,45,AdultCensus,0.15,0.8526581587388248,0.1588448244018606
0,0,45,AdultCensus,0.25,0.8498600969084829,0.1669378681457032
0,0,45,AdultCensus,0.35,0.850815532655429,0.1535921819645141
0,0,45,AdultCensus,0.45,0.8517027229918788,0.143399999576023
0,0,45,AdultCensus,0.55,0.8501330785504675,0.1352523175004814
0,0,45,AdultCensus,0.65,0.8488364157510407,0.126730568153493
0,0,45,AdultCensus,0.75,0.8449464273527605,0.1174071695575713
0,0,45,AdultCensus,0.8500000000000001,0.8489046611615368,0.1063548100370193
0,0,45,AdultCensus,0.95,0.8482222070565755,0.1271258720454317
0,0,46,AdultCensus,0.05,0.8501330785504675,0.1682157117396342
0,0,46,AdultCensus,0.15,0.851770968402375,0.1554782627039869
0,0,46,AdultCensus,0.25,0.8522486862758479,0.1589562335890291
0,0,46,AdultCensus,0.35,0.8508837780659251,0.1442672074734963
0,0,46,AdultCensus,0.45,0.8501330785504675,0.1468978195900644
0,0,46,AdultCensus,0.55,0.8436497645533337,0.1151540356630781
0,0,46,AdultCensus,0.65,0.8452876544052412,0.0871347394761017
0,0,46,AdultCensus,0.75,0.8288405104756705,0.0167039844685788
0,0,46,AdultCensus,0.8500000000000001,0.8408517027229919,0.0776648715817046
0,0,46,AdultCensus,0.95,0.8416706476489456,0.0784349923062548
0,0,47,AdultCensus,0.05,0.8472667713096295,0.1568278677709338
0,0,47,AdultCensus,0.15,0.8499283423189791,0.1448463013927112
0,0,47,AdultCensus,0.25,0.8490411519825292,0.1381663493090528
0,0,47,AdultCensus,0.35,0.8489046611615368,0.1430961928436516
0,0,47,AdultCensus,0.45,0.8509520234764212,0.1464319542408776
0,0,47,AdultCensus,0.55,0.8454241452262335,0.1516138127538008
0,0,47,AdultCensus,0.65,0.8499965877294752,0.1601768897622339
0,0,47,AdultCensus,0.75,0.8466525626151641,0.1460673027964036
0,0,47,AdultCensus,0.8500000000000001,0.8499283423189791,0.1682188785216583
0,0,47,AdultCensus,0.95,0.8472667713096295,0.1175852650434512
0,0,48,AdultCensus,0.05,0.8529993857913055,0.1713120303210741
0,0,48,AdultCensus,0.15,0.8555244659796629,0.1637605894327593
0,0,48,AdultCensus,0.25,0.8500648331399714,0.1618654250963335
0,0,48,AdultCensus,0.35,0.850406060192452,0.1407572920982774
0,0,48,AdultCensus,0.45,0.8476079983621101,0.1318764384025589
0,0,48,AdultCensus,0.55,0.8401692486180304,0.0742011773614374
0,0,48,AdultCensus,0.65,0.8367569780932232,0.0681524340748326
0,0,48,AdultCensus,0.75,0.8416706476489456,0.0867305044916681
0,0,48,AdultCensus,0.8500000000000001,0.8425578379853955,0.0981591047852982
0,0,48,AdultCensus,0.95,0.8367569780932232,0.0336266500019911
0,0,49,AdultCensus,0.05,0.8471985258991332,0.1702697913701601
0,0,49,AdultCensus,0.15,0.850815532655429,0.1592355033434675
0,0,49,AdultCensus,0.25,0.8507472872449328,0.1611387837637067
0,0,49,AdultCensus,0.35,0.850815532655429,0.1468796695691755
0,0,49,AdultCensus,0.45,0.8519757046338634,0.1405244875768133
0,0,49,AdultCensus,0.55,0.8464478263836757,0.1070631411113836
0,0,49,AdultCensus,0.65,0.8489729065720331,0.0995908719906552
0,0,49,AdultCensus,0.75,0.8502013239609636,0.1092487518161362
0,0,49,AdultCensus,0.8500000000000001,0.8376441684296732,0.0788407325617042
0,0,49,AdultCensus,0.95,0.8462430901521872,0.07383459459231
