,Unnamed: 0,seed,dataset,level,acc,disparity
0,0,0,AdultCensus,0.001,0.8369617143247117,0.0081140519292273
1,0,0,AdultCensus,0.02,0.8394185491025729,0.0262585835644595
2,0,0,AdultCensus,0.04,0.8429673104483724,0.0474805877047979
3,0,0,AdultCensus,0.06,0.8455606360472259,0.0707490084548345
4,0,0,AdultCensus,0.08,0.8485634341090562,0.0905295319101077
5,0,0,AdultCensus,0.1,0.8493141336245138,0.1039399101178104
6,0,0,AdultCensus,0.12,0.8502695693714598,0.1198192578193686
7,0,0,AdultCensus,0.14,0.8529311403808094,0.1565339584547716
8,0,0,AdultCensus,0.16,0.8524534225073364,0.1638036599987326
9,0,0,AdultCensus,0.18,0.8518392138128711,0.1722016730055894
0,0,1,AdultCensus,0.001,0.8334811983894083,0.0053202043501082
1,0,1,AdultCensus,0.02,0.8377124138401693,0.0147442704745341
2,0,1,AdultCensus,0.04,0.8426260833958916,0.0383060702861384
3,0,1,AdultCensus,0.06,0.8448781819422644,0.0600251025538364
4,0,1,AdultCensus,0.08,0.8474715075411179,0.083014637363594
5,0,1,AdultCensus,0.1,0.8491776428035215,0.1010926140484878
6,0,1,AdultCensus,0.12,0.8495871152664983,0.1176444944875784
7,0,1,AdultCensus,0.14,0.8493823790350099,0.1383906087630825
8,0,1,AdultCensus,0.16,0.8512250051184058,0.1621902442209544
9,0,1,AdultCensus,0.18,0.8512932505289019,0.1638218975661253
0,0,2,AdultCensus,0.001,0.8274073568552515,4.722191269157516e-05
1,0,2,AdultCensus,0.02,0.8310243636115471,0.0159002412902403
2,0,2,AdultCensus,0.04,0.8334811983894083,0.0408079515024406
3,0,2,AdultCensus,0.06,0.8355285607042926,0.0600798373588587
4,0,2,AdultCensus,0.08,0.8381218863031461,0.0831915513892095
5,0,2,AdultCensus,0.1,0.8407834573124957,0.1004454875099414
6,0,2,AdultCensus,0.12,0.8417388930594417,0.1197748214113744
7,0,2,AdultCensus,0.14,0.8443322186582952,0.1384359494019424
8,0,2,AdultCensus,0.16,0.844673445710776,0.1627419235633794
9,0,2,AdultCensus,0.18,0.8444687094792875,0.1730783248631801
0,0,3,AdultCensus,0.001,0.8377806592506654,0.0013964419090375
1,0,3,AdultCensus,0.02,0.8407152119019996,0.0200623512698828
2,0,3,AdultCensus,0.04,0.8434450283218453,0.0412034179930266
3,0,3,AdultCensus,0.06,0.8441957278373029,0.0590494355476602
4,0,3,AdultCensus,0.08,0.8468572988466526,0.0797692967723067
5,0,3,AdultCensus,0.1,0.8489046611615368,0.0966876581096122
6,0,3,AdultCensus,0.12,0.8496553606769944,0.1162685566429701
7,0,3,AdultCensus,0.14,0.8499283423189791,0.1274336008425538
8,0,3,AdultCensus,0.16,0.8499283423189791,0.1274336008425538
9,0,3,AdultCensus,0.18,0.8512932505289019,0.1723965683274052
0,0,4,AdultCensus,0.001,0.8335494437999045,0.0091155294217432
1,0,4,AdultCensus,0.02,0.8352555790623081,0.0198071398101821
2,0,4,AdultCensus,0.04,0.8386678495871153,0.0380001063804115
3,0,4,AdultCensus,0.06,0.8429673104483724,0.0568130357528728
4,0,4,AdultCensus,0.08,0.8456971268682181,0.0776495513387191
5,0,4,AdultCensus,0.1,0.8473350167201256,0.0995222020256666
6,0,4,AdultCensus,0.12,0.8482222070565755,0.1211251956361458
7,0,4,AdultCensus,0.14,0.850406060192452,0.1411997604714058
8,0,4,AdultCensus,0.16,0.8506107964239404,0.1603515405134383
9,0,4,AdultCensus,0.18,0.8506107964239404,0.1603515405134383
0,0,5,AdultCensus,0.001,0.8345048795468505,0.0022613636171682
1,0,5,AdultCensus,0.02,0.8376441684296732,0.0205676867697411
2,0,5,AdultCensus,0.04,0.8401010032075343,0.037972931542114
3,0,5,AdultCensus,0.06,0.8435132737323415,0.0601862291997114
4,0,5,AdultCensus,0.08,0.8454923906367297,0.0767739472532892
5,0,5,AdultCensus,0.1,0.849450624445506,0.1112548332007317
6,0,5,AdultCensus,0.12,0.8501330785504675,0.1168849313934652
7,0,5,AdultCensus,0.14,0.8501330785504675,0.136117142934363
8,0,5,AdultCensus,0.16,0.8519757046338634,0.1577657859219357
9,0,5,AdultCensus,0.18,0.8519757046338634,0.1577657859219357
0,0,6,AdultCensus,0.001,0.8383266225346345,0.0072237743765853
1,0,6,AdultCensus,0.02,0.8426943288063877,0.0282493711865145
2,0,6,AdultCensus,0.04,0.8471302804886371,0.0506051840506759
3,0,6,AdultCensus,0.06,0.8509520234764212,0.0730957720530594
4,0,6,AdultCensus,0.08,0.8518392138128711,0.0890311226961037
5,0,6,AdultCensus,0.1,0.8521121954548556,0.1023829139140316
6,0,6,AdultCensus,0.12,0.8558656930321435,0.1485257262674951
7,0,6,AdultCensus,0.14,0.8558656930321435,0.1485257262674951
8,0,6,AdultCensus,0.16,0.8567528833685935,0.1612301663518115
9,0,6,AdultCensus,0.18,0.8567528833685935,0.1612301663518115
0,0,7,AdultCensus,0.001,0.8276120930867399,0.0004899984514617
1,0,7,AdultCensus,0.02,0.8320480447689893,0.0226265786867814
2,0,7,AdultCensus,0.04,0.8346413703678428,0.0441317410636769
3,0,7,AdultCensus,0.06,0.8426260833958916,0.0891420049203677
4,0,7,AdultCensus,0.08,0.8426260833958916,0.0891420049203677
5,0,7,AdultCensus,0.1,0.8445369548897836,0.1030152782233106
6,0,7,AdultCensus,0.12,0.845628881457722,0.1217737960788584
7,0,7,AdultCensus,0.14,0.8471302804886371,0.1446253065859455
8,0,7,AdultCensus,0.16,0.8472667713096295,0.1604030882663037
9,0,7,AdultCensus,0.18,0.8472667713096295,0.1604030882663037
0,0,8,AdultCensus,0.001,0.8306148911485702,0.0022950992221689
1,0,8,AdultCensus,0.02,0.8339589162628813,0.0172545731974733
2,0,8,AdultCensus,0.04,0.8386678495871153,0.0365701610426265
3,0,8,AdultCensus,0.06,0.8409881935439841,0.0573726170659675
4,0,8,AdultCensus,0.08,0.84283081962738,0.0740096971584443
5,0,8,AdultCensus,0.1,0.847062035078141,0.1322656213862317
6,0,8,AdultCensus,0.12,0.847062035078141,0.1322656213862317
7,0,8,AdultCensus,0.14,0.8478809800040947,0.1377554164923563
8,0,8,AdultCensus,0.16,0.8484269432880639,0.1683907626344611
9,0,8,AdultCensus,0.18,0.8473350167201256,0.1800858378067868
0,0,9,AdultCensus,0.001,0.8354603152937965,0.0120917492732158
1,0,9,AdultCensus,0.02,0.8387360949976114,0.0056851764658739
2,0,9,AdultCensus,0.04,0.8431038012693647,0.025490859731356
3,0,9,AdultCensus,0.06,0.8458336176892104,0.0432219471172727
4,0,9,AdultCensus,0.08,0.8489729065720331,0.0666926361211779
5,0,9,AdultCensus,0.1,0.8507472872449328,0.0854635680220536
6,0,9,AdultCensus,0.12,0.8518392138128711,0.1034087360913851
7,0,9,AdultCensus,0.14,0.8521804408653518,0.1256993505770287
8,0,9,AdultCensus,0.16,0.8520439500443595,0.1616204139864138
9,0,9,AdultCensus,0.18,0.8520439500443595,0.1616204139864138
0,0,10,AdultCensus,0.001,0.8326622534634546,0.0063963444144851
1,0,10,AdultCensus,0.02,0.8354603152937965,0.0243159625477503
2,0,10,AdultCensus,0.04,0.8384631133556268,0.0451130212155388
3,0,10,AdultCensus,0.06,0.8413976660069611,0.0659024401577984
4,0,10,AdultCensus,0.08,0.8441957278373029,0.0859451232832821
5,0,10,AdultCensus,0.1,0.8460383539206988,0.103938676280963
6,0,10,AdultCensus,0.12,0.8495871152664983,0.1523023901859959
7,0,10,AdultCensus,0.14,0.8495871152664983,0.1523023901859959
8,0,10,AdultCensus,0.16,0.8498600969084829,0.1570174267400832
9,0,10,AdultCensus,0.18,0.8497236060874906,0.1663430060817266
0,0,11,AdultCensus,0.001,0.834777861188835,0.0105598858220175
1,0,11,AdultCensus,0.02,0.8371664505562001,0.0049860491688132
2,0,11,AdultCensus,0.04,0.839486794513069,0.0255554053924091
3,0,11,AdultCensus,0.06,0.8413294205964649,0.0456681770717072
4,0,11,AdultCensus,0.08,0.8439227461953184,0.0623929982130585
5,0,11,AdultCensus,0.1,0.8486999249300484,0.1189430471679314
6,0,11,AdultCensus,0.12,0.8486999249300484,0.1189430471679314
7,0,11,AdultCensus,0.14,0.8480857162355832,0.1234310482045633
8,0,11,AdultCensus,0.16,0.8491776428035215,0.1349022471661768
9,0,11,AdultCensus,0.18,0.8489729065720331,0.1526927626593859
0,0,12,AdultCensus,0.001,0.8364157510407425,0.0004614906055852
1,0,12,AdultCensus,0.02,0.8386678495871153,0.0182841156144398
2,0,12,AdultCensus,0.04,0.8422848563434109,0.0409344930570945
3,0,12,AdultCensus,0.06,0.8459018630997065,0.0639680783591936
4,0,12,AdultCensus,0.08,0.8476762437726063,0.0764803655439305
5,0,12,AdultCensus,0.1,0.849450624445506,0.1005035282925995
6,0,12,AdultCensus,0.12,0.8500648331399714,0.1416039318316125
7,0,12,AdultCensus,0.14,0.8498600969084829,0.142218190868228
8,0,12,AdultCensus,0.16,0.8496553606769944,0.1584783040771873
9,0,12,AdultCensus,0.18,0.8500648331399714,0.1652312087552132
0,0,13,AdultCensus,0.001,0.8301371732750973,0.001192874273734
1,0,13,AdultCensus,0.02,0.8331399713369276,0.0176412944069034
2,0,13,AdultCensus,0.04,0.8370299597352078,0.0393420078681081
3,0,13,AdultCensus,0.06,0.8392820582815805,0.0630899718924284
4,0,13,AdultCensus,0.08,0.8405787210810073,0.0842791032402086
5,0,13,AdultCensus,0.1,0.8434450283218453,0.1013738592039513
6,0,13,AdultCensus,0.12,0.8452876544052412,0.128293732925258
7,0,13,AdultCensus,0.14,0.8463113355626835,0.1365853617644815
8,0,13,AdultCensus,0.16,0.8487681703405446,0.1641222105142268
9,0,13,AdultCensus,0.18,0.8487681703405446,0.1641222105142268
0,0,14,AdultCensus,0.001,0.8321162901794854,0.0028975047849462
1,0,14,AdultCensus,0.02,0.8360062785777657,0.0223509131067176
2,0,14,AdultCensus,0.04,0.839009076639596,0.0403709441672076
3,0,14,AdultCensus,0.06,0.8417388930594417,0.0630997689852476
4,0,14,AdultCensus,0.08,0.8433085375008531,0.0774334577527657
5,0,14,AdultCensus,0.1,0.845628881457722,0.1032342484558316
6,0,14,AdultCensus,0.12,0.8471985258991332,0.157178236863381
7,0,14,AdultCensus,0.14,0.8471985258991332,0.157178236863381
8,0,14,AdultCensus,0.16,0.8471985258991332,0.157178236863381
9,0,14,AdultCensus,0.18,0.8471985258991332,0.157178236863381
0,0,15,AdultCensus,0.001,0.8398962669760459,0.0180145082337101
1,0,15,AdultCensus,0.02,0.8425578379853955,0.0336372843764903
2,0,15,AdultCensus,0.04,0.8463795809731796,0.0543881277137381
3,0,15,AdultCensus,0.06,0.8474032621306217,0.0725521929803851
4,0,15,AdultCensus,0.08,0.850815532655429,0.0904178819536958
5,0,15,AdultCensus,0.1,0.8518392138128711,0.1063425335395611
6,0,15,AdultCensus,0.12,0.8532041220227939,0.1283148752481445
7,0,15,AdultCensus,0.14,0.8536135944857708,0.139961099572817
8,0,15,AdultCensus,0.16,0.8537500853067631,0.163042650672545
9,0,15,AdultCensus,0.18,0.8537500853067631,0.163042650672545
0,0,16,AdultCensus,0.001,0.8306148911485702,0.0029477332272455
1,0,16,AdultCensus,0.02,0.8350508428308197,0.0192021317001586
2,0,16,AdultCensus,0.04,0.8394185491025729,0.0429946278760796
3,0,16,AdultCensus,0.06,0.8431720466798608,0.0623668889413225
4,0,16,AdultCensus,0.08,0.8467890534361564,0.1005365027323368
5,0,16,AdultCensus,0.1,0.847539752951614,0.102275861857559
6,0,16,AdultCensus,0.12,0.8493141336245138,0.1215241004422943
7,0,16,AdultCensus,0.14,0.8502013239609636,0.1351389637565873
8,0,16,AdultCensus,0.16,0.8511567597079096,0.145893688525991
9,0,16,AdultCensus,0.18,0.8511567597079096,0.145893688525991
0,0,17,AdultCensus,0.001,0.8373711867876885,0.0035281004874774
1,0,17,AdultCensus,0.02,0.8414659114174572,0.0170845953413318
2,0,17,AdultCensus,0.04,0.8469937896676448,0.0412672783765304
3,0,17,AdultCensus,0.06,0.8509520234764212,0.0593045603698057
4,0,17,AdultCensus,0.08,0.8539548215382515,0.079800876207172
5,0,17,AdultCensus,0.1,0.855592711390159,0.0982359875487896
6,0,17,AdultCensus,0.12,0.856070429263632,0.1079699361276877
7,0,17,AdultCensus,0.14,0.8591414727359585,0.1367521168329978
8,0,17,AdultCensus,0.16,0.8604381355353853,0.1515997724217926
9,0,17,AdultCensus,0.18,0.8604381355353853,0.1681824199992013
0,0,18,AdultCensus,0.001,0.8289087558861666,0.0025785375304935
1,0,18,AdultCensus,0.02,0.8316385723060125,0.0169652127785278
2,0,18,AdultCensus,0.04,0.8350508428308197,0.0342583234655986
3,0,18,AdultCensus,0.06,0.8368934689142156,0.0520630060094713
4,0,18,AdultCensus,0.08,0.8411246843649764,0.0750890400684498
5,0,18,AdultCensus,0.1,0.8420801201119225,0.0960715521799941
6,0,18,AdultCensus,0.12,0.8431720466798608,0.1142865523098879
7,0,18,AdultCensus,0.14,0.8430355558588685,0.122780534877309
8,0,18,AdultCensus,0.16,0.8427625742168839,0.1459036749874087
9,0,18,AdultCensus,0.18,0.8427625742168839,0.1459036749874087
0,0,19,AdultCensus,0.001,0.8316385723060125,0.0041871002715501
1,0,19,AdultCensus,0.02,0.8350508428308197,0.0129763912949055
2,0,19,AdultCensus,0.04,0.8386678495871153,0.0349666538719892
3,0,19,AdultCensus,0.06,0.84283081962738,0.0574741539098682
4,0,19,AdultCensus,0.08,0.8449464273527605,0.0796534325930939
5,0,19,AdultCensus,0.1,0.8459018630997065,0.1019446015720618
6,0,19,AdultCensus,0.12,0.8471985258991332,0.1203092355685298
7,0,19,AdultCensus,0.14,0.8495871152664983,0.136401004550528
8,0,19,AdultCensus,0.16,0.8505425510134443,0.1607960351651607
9,0,19,AdultCensus,0.18,0.8506790418344367,0.1617161366134846
0,0,20,AdultCensus,0.001,0.8348461065993312,0.005644212381874
1,0,20,AdultCensus,0.02,0.8368934689142156,0.014502152180862
2,0,20,AdultCensus,0.04,0.8382583771241384,0.0324290483008895
3,0,20,AdultCensus,0.06,0.839964512386542,0.0517743841372291
4,0,20,AdultCensus,0.08,0.8415341568279533,0.075984630824301
5,0,20,AdultCensus,0.1,0.8438545007848223,0.0983394751235082
6,0,20,AdultCensus,0.12,0.8454241452262335,0.1161144476882326
7,0,20,AdultCensus,0.14,0.8468572988466526,0.1291559359969373
8,0,20,AdultCensus,0.16,0.8473350167201256,0.1628154066248762
9,0,20,AdultCensus,0.18,0.8476079983621101,0.1671055893731078
0,0,21,AdultCensus,0.001,0.831911553947997,0.0028054331075511
1,0,21,AdultCensus,0.02,0.834777861188835,0.0182073190527689
2,0,21,AdultCensus,0.04,0.8389408312290998,0.0410058163680481
3,0,21,AdultCensus,0.06,0.8416024022384495,0.0602526610041931
4,0,21,AdultCensus,0.08,0.8449464273527605,0.0810226604349943
5,0,21,AdultCensus,0.1,0.8461748447416911,0.1033407539986212
6,0,21,AdultCensus,0.12,0.8465160717941719,0.1071422849324656
7,0,21,AdultCensus,0.14,0.8478127345935986,0.1474796933072766
8,0,21,AdultCensus,0.16,0.8484269432880639,0.1587433145497743
9,0,21,AdultCensus,0.18,0.8488364157510407,0.1649911563378173
0,0,22,AdultCensus,0.001,0.833344707568416,0.0028831286863825
1,0,22,AdultCensus,0.02,0.8378489046611616,0.0224288377108604
2,0,22,AdultCensus,0.04,0.8411929297754726,0.0428993522441783
3,0,22,AdultCensus,0.06,0.8448099365317683,0.06647444537518
4,0,22,AdultCensus,0.08,0.8474032621306217,0.0872488496978009
5,0,22,AdultCensus,0.1,0.8486316795195523,0.1041504866135096
6,0,22,AdultCensus,0.12,0.8489729065720331,0.1213560133185214
7,0,22,AdultCensus,0.14,0.84849518869856,0.1256564468620217
8,0,22,AdultCensus,0.16,0.8478809800040947,0.1637995626597312
9,0,22,AdultCensus,0.18,0.8478809800040947,0.1637995626597312
0,0,23,AdultCensus,0.001,0.8321162901794854,0.0097515006338671
1,0,23,AdultCensus,0.02,0.8352555790623081,0.0073777796703991
2,0,23,AdultCensus,0.04,0.8394185491025729,0.0324092861467548
3,0,23,AdultCensus,0.06,0.8423531017539071,0.0527152726271389
4,0,23,AdultCensus,0.08,0.8435815191428376,0.0746618552647764
5,0,23,AdultCensus,0.1,0.8489046611615368,0.1414557741211269
6,0,23,AdultCensus,0.12,0.8489046611615368,0.1414557741211269
7,0,23,AdultCensus,0.14,0.8489046611615368,0.1414557741211269
8,0,23,AdultCensus,0.16,0.8481539616460793,0.1558031949828511
9,0,23,AdultCensus,0.18,0.8477444891831024,0.1600028196138792
0,0,24,AdultCensus,0.001,0.8355968061147888,0.0064928805917111
1,0,24,AdultCensus,0.02,0.8392138128710844,0.010619861996641
2,0,24,AdultCensus,0.04,0.8431720466798608,0.033926498032877
3,0,24,AdultCensus,0.06,0.8459018630997065,0.0552329381656909
4,0,24,AdultCensus,0.08,0.8489046611615368,0.0723038643702911
5,0,24,AdultCensus,0.1,0.8510202688869174,0.09481563008568
6,0,24,AdultCensus,0.12,0.8519074592233672,0.1004596803259954
7,0,24,AdultCensus,0.14,0.8538183307172592,0.1418080584902232
8,0,24,AdultCensus,0.16,0.8535453490752747,0.1566198228835387
9,0,24,AdultCensus,0.18,0.8529993857913055,0.1655982651015963
0,0,25,AdultCensus,0.001,0.8375759230191769,0.0055451249522608
1,0,25,AdultCensus,0.02,0.8392138128710844,0.0212557969571302
2,0,25,AdultCensus,0.04,0.84283081962738,0.0432151758294286
3,0,25,AdultCensus,0.06,0.8454241452262335,0.0603582958508944
4,0,25,AdultCensus,0.08,0.8474032621306217,0.0751242185566743
5,0,25,AdultCensus,0.1,0.8505425510134443,0.0970947460302355
6,0,25,AdultCensus,0.12,0.8512250051184058,0.1149407117384842
7,0,25,AdultCensus,0.14,0.8517027229918788,0.132163533741431
8,0,25,AdultCensus,0.16,0.852726404149321,0.147944988846771
9,0,25,AdultCensus,0.18,0.8534088582542824,0.1583845811394779
0,0,26,AdultCensus,0.001,0.8301371732750973,0.0079419079393331
1,0,26,AdultCensus,0.02,0.8340271616733774,0.014355525822891
2,0,26,AdultCensus,0.04,0.8370299597352078,0.037800926431907
3,0,26,AdultCensus,0.06,0.8392138128710844,0.05681340858424
4,0,26,AdultCensus,0.08,0.8415341568279533,0.0812634915805688
5,0,26,AdultCensus,0.1,0.8435815191428376,0.0984823812329744
6,0,26,AdultCensus,0.12,0.8462430901521872,0.1292454363011791
7,0,26,AdultCensus,0.14,0.846584317204668,0.1338343864184428
8,0,26,AdultCensus,0.16,0.8467208080256603,0.1604260626187334
9,0,26,AdultCensus,0.18,0.8463795809731796,0.1658479989917238
0,0,27,AdultCensus,0.001,0.8362110148092541,0.0081038734289213
1,0,27,AdultCensus,0.02,0.8398962669760459,0.0279302754004263
2,0,27,AdultCensus,0.04,0.8435132737323415,0.0473391820892054
3,0,27,AdultCensus,0.06,0.8434450283218453,0.066052256332479
4,0,27,AdultCensus,0.08,0.846584317204668,0.0891851439469502
5,0,27,AdultCensus,0.1,0.8502695693714598,0.1269796189323001
6,0,27,AdultCensus,0.12,0.8502013239609636,0.1285156726649514
7,0,27,AdultCensus,0.14,0.8515662321708866,0.1456163037159549
8,0,27,AdultCensus,0.16,0.852726404149321,0.1609757948981298
9,0,27,AdultCensus,0.18,0.852726404149321,0.1609757948981298
0,0,28,AdultCensus,0.001,0.8332082167474237,0.0072504035485795
1,0,28,AdultCensus,0.02,0.8388043404081076,0.0169829802427743
2,0,28,AdultCensus,0.04,0.8414659114174572,0.037519436635465
3,0,28,AdultCensus,0.06,0.8439909916058145,0.0582335153478755
4,0,28,AdultCensus,0.08,0.8456971268682181,0.0784255080109725
5,0,28,AdultCensus,0.1,0.8467208080256603,0.0986341028549236
6,0,28,AdultCensus,0.12,0.8483586978775677,0.1144194984418117
7,0,28,AdultCensus,0.14,0.8489729065720331,0.1365695186901677
8,0,28,AdultCensus,0.16,0.8489046611615368,0.1578928343936662
9,0,28,AdultCensus,0.18,0.8493823790350099,0.1784832373664233
0,0,29,AdultCensus,0.001,0.831911553947997,0.0122973530000807
1,0,29,AdultCensus,0.02,0.8360745239882618,0.0325228339880247
2,0,29,AdultCensus,0.04,0.8388043404081076,0.0499862670161506
3,0,29,AdultCensus,0.06,0.840919948133488,0.0694158006401352
4,0,29,AdultCensus,0.08,0.8428990650378761,0.0872815345277525
5,0,29,AdultCensus,0.1,0.8444687094792875,0.1080455908045324
6,0,29,AdultCensus,0.12,0.8452876544052412,0.1276048764293195
7,0,29,AdultCensus,0.14,0.8466525626151641,0.1434872010110313
8,0,29,AdultCensus,0.16,0.8466525626151641,0.1434872010110313
9,0,29,AdultCensus,0.18,0.8466525626151641,0.1434872010110313
0,0,30,AdultCensus,0.001,0.8398962669760459,0.009152181787337
1,0,30,AdultCensus,0.02,0.8421483655224186,0.0231108106294373
2,0,30,AdultCensus,0.04,0.8440592370163107,0.0412627427409569
3,0,30,AdultCensus,0.06,0.8465160717941719,0.0600184818459837
4,0,30,AdultCensus,0.08,0.8485634341090562,0.080974556825424
5,0,30,AdultCensus,0.1,0.8503378147819559,0.1018033138108241
6,0,30,AdultCensus,0.12,0.8523851770968403,0.1195643094462907
7,0,30,AdultCensus,0.14,0.8534088582542824,0.1340620754937974
8,0,30,AdultCensus,0.16,0.8547737664642053,0.1427540659852754
9,0,30,AdultCensus,0.18,0.85415955776974,0.1736480304579488
0,0,31,AdultCensus,0.001,0.8366204872722309,0.0083416527398602
1,0,31,AdultCensus,0.02,0.839964512386542,0.0116034455250621
2,0,31,AdultCensus,0.04,0.8431038012693647,0.0322468872582523
3,0,31,AdultCensus,0.06,0.8451511635842489,0.0524498624388423
4,0,31,AdultCensus,0.08,0.8477444891831024,0.0725572155810387
5,0,31,AdultCensus,0.1,0.8506790418344367,0.0944234936936853
6,0,31,AdultCensus,0.12,0.8521121954548556,0.1127255391462109
7,0,31,AdultCensus,0.14,0.8529311403808094,0.1303176454506635
8,0,31,AdultCensus,0.16,0.8529993857913055,0.1433950965509624
9,0,31,AdultCensus,0.18,0.8510885142974135,0.1623722941121454
0,0,32,AdultCensus,0.001,0.8313655906640278,0.013221245829033
1,0,32,AdultCensus,0.02,0.8356650515252849,0.0057002385805598
2,0,32,AdultCensus,0.04,0.8392820582815805,0.0281799966296414
3,0,32,AdultCensus,0.06,0.8420801201119225,0.048602959266307
4,0,32,AdultCensus,0.08,0.8455606360472259,0.0687732508895684
5,0,32,AdultCensus,0.1,0.8469255442571487,0.0878037277317787
6,0,32,AdultCensus,0.12,0.8477444891831024,0.1004881641248581
7,0,32,AdultCensus,0.14,0.8503378147819559,0.1395819942214317
8,0,32,AdultCensus,0.16,0.8506790418344367,0.1492600224862802
9,0,32,AdultCensus,0.18,0.8503378147819559,0.1594635310727536
0,0,33,AdultCensus,0.001,0.8383266225346345,0.0033217057461686
1,0,33,AdultCensus,0.02,0.8422166109329148,0.0159684893795789
2,0,33,AdultCensus,0.04,0.8455606360472259,0.0350506283275658
3,0,33,AdultCensus,0.06,0.8482904524670716,0.0562789660724568
4,0,33,AdultCensus,0.08,0.8506790418344367,0.0777139381036425
5,0,33,AdultCensus,0.1,0.8522486862758479,0.0945501158402431
6,0,33,AdultCensus,0.12,0.8527946495598171,0.0994496192697408
7,0,33,AdultCensus,0.14,0.8527946495598171,0.0994496192697408
8,0,33,AdultCensus,0.16,0.8567528833685935,0.1556465338405359
9,0,33,AdultCensus,0.18,0.8588002456834778,0.1714052314983586
0,0,34,AdultCensus,0.001,0.8332764621579198,0.0095687479929389
1,0,34,AdultCensus,0.02,0.8375759230191769,0.0295672979990292
2,0,34,AdultCensus,0.04,0.8407152119019996,0.0477424075372939
3,0,34,AdultCensus,0.06,0.8413294205964649,0.0681747856923626
4,0,34,AdultCensus,0.08,0.8441274824268068,0.0869756490864307
5,0,34,AdultCensus,0.1,0.846584317204668,0.1075145620966159
6,0,34,AdultCensus,0.12,0.847062035078141,0.1250792952361014
7,0,34,AdultCensus,0.14,0.8474715075411179,0.1438667033552733
8,0,34,AdultCensus,0.16,0.8479492254145908,0.1706436405962358
9,0,34,AdultCensus,0.18,0.8474032621306217,0.1751543334655878
0,0,35,AdultCensus,0.001,0.834777861188835,0.0121685843988409
1,0,35,AdultCensus,0.02,0.8378489046611616,0.0282635002102845
2,0,35,AdultCensus,0.04,0.8405787210810073,0.0463953122308884
3,0,35,AdultCensus,0.06,0.8431038012693647,0.0649198397496081
4,0,35,AdultCensus,0.08,0.8454241452262335,0.0846500082821432
5,0,35,AdultCensus,0.1,0.8469937896676448,0.1045788257736919
6,0,35,AdultCensus,0.12,0.8483586978775677,0.1272512668807269
7,0,35,AdultCensus,0.14,0.8497918514979867,0.1595411092902503
8,0,35,AdultCensus,0.16,0.8514297413498942,0.1661965357243344
9,0,35,AdultCensus,0.18,0.8510885142974135,0.183355037532342
0,0,36,AdultCensus,0.001,0.8289770012966629,0.0039095234793722
1,0,36,AdultCensus,0.02,0.8334129529789122,0.0158227903747334
2,0,36,AdultCensus,0.04,0.8382583771241384,0.0373940721961976
3,0,36,AdultCensus,0.06,0.8411929297754726,0.0596967084466255
4,0,36,AdultCensus,0.08,0.8436497645533337,0.0784209685890003
5,0,36,AdultCensus,0.1,0.8454241452262335,0.0992660246941863
6,0,36,AdultCensus,0.12,0.8471302804886371,0.1194346768634685
7,0,36,AdultCensus,0.14,0.8463113355626835,0.1289553050901615
8,0,36,AdultCensus,0.16,0.8472667713096295,0.142571158062487
9,0,36,AdultCensus,0.18,0.8472667713096295,0.142571158062487
0,0,37,AdultCensus,0.001,0.8383948679451307,0.0090702844057035
1,0,37,AdultCensus,0.02,0.8427625742168839,0.0114494193113744
2,0,37,AdultCensus,0.04,0.8457653722787143,0.0290741274694901
3,0,37,AdultCensus,0.06,0.8473350167201256,0.0499658195122599
4,0,37,AdultCensus,0.08,0.8501330785504675,0.0718592814314421
5,0,37,AdultCensus,0.1,0.8518392138128711,0.0902318472713298
6,0,37,AdultCensus,0.12,0.8525216679178326,0.106949575501755
7,0,37,AdultCensus,0.14,0.8539548215382515,0.1319026814756099
8,0,37,AdultCensus,0.16,0.8540913123592438,0.149629941643224
9,0,37,AdultCensus,0.18,0.8539548215382515,0.1613202379493479
0,0,38,AdultCensus,0.001,0.8321845355899816,0.0007335393890581
1,0,38,AdultCensus,0.02,0.835187333651812,0.018898324628031
2,0,38,AdultCensus,0.04,0.8388043404081076,0.040951747882159
3,0,38,AdultCensus,0.06,0.8420118747014264,0.0632019484082656
4,0,38,AdultCensus,0.08,0.844673445710776,0.0839133306180214
5,0,38,AdultCensus,0.1,0.8457653722787143,0.105999334273793
6,0,38,AdultCensus,0.12,0.8478127345935986,0.1237792530759136
7,0,38,AdultCensus,0.14,0.8506107964239404,0.1556044368325116
8,0,38,AdultCensus,0.16,0.8503378147819559,0.16348661757914
9,0,38,AdultCensus,0.18,0.8504743056029482,0.1702365667140321
0,0,39,AdultCensus,0.001,0.8261106940558247,0.0043934668436814
1,0,39,AdultCensus,0.02,0.8295229645806319,0.0175460833809152
2,0,39,AdultCensus,0.04,0.8326622534634546,0.0376630955976774
3,0,39,AdultCensus,0.06,0.8362792602197502,0.0594205968996993
4,0,39,AdultCensus,0.08,0.8390773220500921,0.0786294341916141
5,0,39,AdultCensus,0.1,0.8411929297754726,0.1181904546155464
6,0,39,AdultCensus,0.12,0.8411929297754726,0.1181904546155464
7,0,39,AdultCensus,0.14,0.8433085375008531,0.1345814221123294
8,0,39,AdultCensus,0.16,0.8436497645533337,0.1537232140557489
9,0,39,AdultCensus,0.18,0.8436497645533337,0.1537232140557489
0,0,40,AdultCensus,0.001,0.8257012215928479,0.0121947000746612
1,0,40,AdultCensus,0.02,0.828089810960213,0.0081643447685692
2,0,40,AdultCensus,0.04,0.8315703268955162,0.0268493577357957
3,0,40,AdultCensus,0.06,0.835187333651812,0.0436757398275775
4,0,40,AdultCensus,0.08,0.8365522418617348,0.0621411596230202
5,0,40,AdultCensus,0.1,0.8403057394390228,0.0884071196307278
6,0,40,AdultCensus,0.12,0.8445369548897836,0.1061437294298629
7,0,40,AdultCensus,0.14,0.8463113355626835,0.1204908765915869
8,0,40,AdultCensus,0.16,0.846584317204668,0.1465372434275108
9,0,40,AdultCensus,0.18,0.8467890534361564,0.1487809787438107
0,0,41,AdultCensus,0.001,0.8373711867876885,0.0125986766904792
1,0,41,AdultCensus,0.02,0.8420801201119225,0.0309724760807811
2,0,41,AdultCensus,0.04,0.8450146727632567,0.0505836440006768
3,0,41,AdultCensus,0.06,0.8481539616460793,0.0674229961903757
4,0,41,AdultCensus,0.08,0.8506790418344367,0.0840561202918089
5,0,41,AdultCensus,0.1,0.8515662321708866,0.1030151581431192
6,0,41,AdultCensus,0.12,0.8508837780659251,0.124668539463398
7,0,41,AdultCensus,0.14,0.8516344775813827,0.1456926558652286
8,0,41,AdultCensus,0.16,0.8523851770968403,0.1569549307907454
9,0,41,AdultCensus,0.18,0.8523851770968403,0.1569549307907454
0,0,42,AdultCensus,0.001,0.8312973452535317,0.0013506052725744
1,0,42,AdultCensus,0.02,0.8352555790623081,0.0229114700447917
2,0,42,AdultCensus,0.04,0.8375759230191769,0.0442596208936245
3,0,42,AdultCensus,0.06,0.8393503036920767,0.0612815242937744
4,0,42,AdultCensus,0.08,0.8424213471644032,0.0779970238536629
5,0,42,AdultCensus,0.1,0.8441274824268068,0.0975751074881729
6,0,42,AdultCensus,0.12,0.8478127345935986,0.1321591437934778
7,0,42,AdultCensus,0.14,0.8482222070565755,0.1446223815296252
8,0,42,AdultCensus,0.16,0.8489046611615368,0.1529107671603481
9,0,42,AdultCensus,0.18,0.8489046611615368,0.1529107671603481
0,0,43,AdultCensus,0.001,0.8358015423462772,0.0113042866183842
1,0,43,AdultCensus,0.02,0.8383266225346345,0.0291664264657396
2,0,43,AdultCensus,0.04,0.8415341568279533,0.0455845435150101
3,0,43,AdultCensus,0.06,0.8439227461953184,0.066920251568265
4,0,43,AdultCensus,0.08,0.8467890534361564,0.085993613787941
5,0,43,AdultCensus,0.1,0.8481539616460793,0.1049630115801445
6,0,43,AdultCensus,0.12,0.8485634341090562,0.1268976346274161
7,0,43,AdultCensus,0.14,0.8498600969084829,0.1516373840186933
8,0,43,AdultCensus,0.16,0.8499283423189791,0.1658684216955279
9,0,43,AdultCensus,0.18,0.850406060192452,0.1672990521093257
0,0,44,AdultCensus,0.001,0.8327304988739507,0.0003285173220484
1,0,44,AdultCensus,0.02,0.8359380331672696,0.0172562280068184
2,0,44,AdultCensus,0.04,0.8384631133556268,0.0378543811134426
3,0,44,AdultCensus,0.06,0.8405787210810073,0.0537664504704241
4,0,44,AdultCensus,0.08,0.8440592370163107,0.1252153531134945
5,0,44,AdultCensus,0.1,0.8440592370163107,0.1252153531134945
6,0,44,AdultCensus,0.12,0.8440592370163107,0.1252153531134945
7,0,44,AdultCensus,0.14,0.8443322186582952,0.1336127924586698
8,0,44,AdultCensus,0.16,0.8448099365317683,0.149569494368755
9,0,44,AdultCensus,0.18,0.8448099365317683,0.149569494368755
0,0,45,AdultCensus,0.001,0.8354603152937965,0.0020529713542347
1,0,45,AdultCensus,0.02,0.8383266225346345,0.0180856412121747
2,0,45,AdultCensus,0.04,0.8407834573124957,0.0357762040793906
3,0,45,AdultCensus,0.06,0.8441274824268068,0.055717895012195
4,0,45,AdultCensus,0.08,0.8477444891831024,0.0763718908697023
5,0,45,AdultCensus,0.1,0.8506107964239404,0.0994849265250153
6,0,45,AdultCensus,0.12,0.8520439500443595,0.1185107968403445
7,0,45,AdultCensus,0.14,0.8529311403808094,0.1382592295057478
8,0,45,AdultCensus,0.16,0.8532041220227939,0.1519724442850147
9,0,45,AdultCensus,0.18,0.8532041220227939,0.1519724442850147
0,0,46,AdultCensus,0.001,0.8325257626424623,0.0127711465185204
1,0,46,AdultCensus,0.02,0.835733296935781,0.0318906003241855
2,0,46,AdultCensus,0.04,0.8382583771241384,0.0508898474273639
3,0,46,AdultCensus,0.06,0.8411246843649764,0.0707071989102044
4,0,46,AdultCensus,0.08,0.8439909916058145,0.0916641250873766
5,0,46,AdultCensus,0.1,0.8458336176892104,0.1101145384018423
6,0,46,AdultCensus,0.12,0.8488364157510407,0.1340720015205274
7,0,46,AdultCensus,0.14,0.8498600969084829,0.1475876886951605
8,0,46,AdultCensus,0.16,0.8512932505289019,0.1654944881932854
9,0,46,AdultCensus,0.18,0.8512932505289019,0.1693837464794128
0,0,47,AdultCensus,0.001,0.8326622534634546,0.0071845853669745
1,0,47,AdultCensus,0.02,0.8365522418617348,0.0283905986686418
2,0,47,AdultCensus,0.04,0.8389408312290998,0.046461118653162
3,0,47,AdultCensus,0.06,0.8425578379853955,0.0743862376824692
4,0,47,AdultCensus,0.08,0.8440592370163107,0.0816843474040984
5,0,47,AdultCensus,0.1,0.8453558998157374,0.099059211588675
6,0,47,AdultCensus,0.12,0.8469255442571487,0.1215780949055946
7,0,47,AdultCensus,0.14,0.8483586978775677,0.1388086282764573
8,0,47,AdultCensus,0.16,0.847539752951614,0.1603584910196406
9,0,47,AdultCensus,0.18,0.847539752951614,0.1603584910196406
0,0,48,AdultCensus,0.001,0.8295912099911281,0.0069970991433581
1,0,48,AdultCensus,0.02,0.8329352351054392,0.0107079083062026
2,0,48,AdultCensus,0.04,0.8387360949976114,0.0332252293465563
3,0,48,AdultCensus,0.06,0.8413294205964649,0.0527728641188812
4,0,48,AdultCensus,0.08,0.8444004640687913,0.0769240404540577
5,0,48,AdultCensus,0.1,0.8469255442571487,0.0949388231139352
6,0,48,AdultCensus,0.12,0.8498600969084829,0.1164290201287905
7,0,48,AdultCensus,0.14,0.8497236060874906,0.134035873096267
8,0,48,AdultCensus,0.16,0.8512250051184058,0.1574764662794529
9,0,48,AdultCensus,0.18,0.8512932505289019,0.1583976018970668
0,0,49,AdultCensus,0.001,0.8329352351054392,0.0041428418083415
1,0,49,AdultCensus,0.02,0.8360062785777657,0.0193345275931226
2,0,49,AdultCensus,0.04,0.8394185491025729,0.0372803653125252
3,0,49,AdultCensus,0.06,0.8421483655224186,0.0538759308213709
4,0,49,AdultCensus,0.08,0.8448781819422644,0.0735708587109319
5,0,49,AdultCensus,0.1,0.8479492254145908,0.1200983407788916
6,0,49,AdultCensus,0.12,0.8479492254145908,0.1200983407788916
7,0,49,AdultCensus,0.14,0.8489046611615368,0.1348486137320635
8,0,49,AdultCensus,0.16,0.8497236060874906,0.1556758605767518
9,0,49,AdultCensus,0.18,0.8495188698560022,0.1623270108112915
