,Unnamed: 0,seed,dataset,level,acc,disparity
0,0,0,AdultCensus,0.0,0.832866989694943,0.0116863632796549
0,0,0,AdultCensus,0.02,0.8359380331672696,0.0291151484936193
0,0,0,AdultCensus,0.04,0.8413976660069611,0.0556655407262672
0,0,0,AdultCensus,0.06,0.8440592370163107,0.0656493755290304
0,0,0,AdultCensus,0.08,0.846584317204668,0.0934847792414023
0,0,0,AdultCensus,0.1,0.84849518869856,0.1102736710818805
0,0,0,AdultCensus,0.12,0.8484269432880639,0.1287064023329585
0,0,0,AdultCensus,0.14,0.8492458882140176,0.1355663925045858
0,0,0,AdultCensus,0.16,0.8510885142974135,0.160332884719734
0,0,0,AdultCensus,0.18,0.849450624445506,0.1475552657122821
0,0,1,AdultCensus,0.0,0.8334811983894083,0.0054808072095857
0,0,1,AdultCensus,0.02,0.8342318979048658,0.0181259150039472
0,0,1,AdultCensus,0.04,0.8387360949976114,0.039818225824113
0,0,1,AdultCensus,0.06,0.8418071384699379,0.0630339755085595
0,0,1,AdultCensus,0.08,0.843786255374326,0.0711490914201671
0,0,1,AdultCensus,0.1,0.8451511635842489,0.0858543869657039
0,0,1,AdultCensus,0.12,0.8468572988466526,0.1234986005300927
0,0,1,AdultCensus,0.14,0.8448099365317683,0.1330405615966695
0,0,1,AdultCensus,0.16,0.8448099365317683,0.1330405615966695
0,0,1,AdultCensus,0.18,0.8448099365317683,0.1330405615966695
0,0,2,AdultCensus,0.0,0.8221524602470484,0.0004072705096387
0,0,2,AdultCensus,0.02,0.824814031256398,0.0045132950495673
0,0,2,AdultCensus,0.04,0.8307513819695626,0.0274940342983633
0,0,2,AdultCensus,0.06,0.8373711867876885,0.0636920284467337
0,0,2,AdultCensus,0.08,0.8406469664915035,0.0845889396941735
0,0,2,AdultCensus,0.1,0.8426943288063877,0.1112295145109874
0,0,2,AdultCensus,0.12,0.8442639732477991,0.1131521752863876
0,0,2,AdultCensus,0.14,0.8478127345935986,0.1570319808766254
0,0,2,AdultCensus,0.16,0.8477444891831024,0.1627917231375244
0,0,2,AdultCensus,0.18,0.8477444891831024,0.1627917231375244
0,0,3,AdultCensus,0.0,0.8356650515252849,0.008491583515465
0,0,3,AdultCensus,0.02,0.8360062785777657,0.0128051639193323
0,0,3,AdultCensus,0.04,0.8384631133556268,0.02263542089733
0,0,3,AdultCensus,0.06,0.8384631133556268,0.02263542089733
0,0,3,AdultCensus,0.08,0.8426943288063877,0.0733185359282555
0,0,3,AdultCensus,0.1,0.8459018630997065,0.0922612926914596
0,0,3,AdultCensus,0.12,0.8478127345935986,0.1143814820660903
0,0,3,AdultCensus,0.14,0.8478127345935986,0.1347667904619967
0,0,3,AdultCensus,0.16,0.8491093973930253,0.1609822165194145
0,0,3,AdultCensus,0.18,0.8486999249300484,0.1679301851308556
0,0,4,AdultCensus,0.0,0.8272708660342591,0.0115114681326443
0,0,4,AdultCensus,0.02,0.8345048795468505,0.0252075881492895
0,0,4,AdultCensus,0.04,0.8364157510407425,0.0370028637219339
0,0,4,AdultCensus,0.06,0.8405104756705112,0.0558227208765409
0,0,4,AdultCensus,0.08,0.8425578379853955,0.0705357298153171
0,0,4,AdultCensus,0.1,0.8483586978775677,0.1150646917981334
0,0,4,AdultCensus,0.12,0.8476079983621101,0.1263161259437945
0,0,4,AdultCensus,0.14,0.8482904524670716,0.144916673520749
0,0,4,AdultCensus,0.16,0.84849518869856,0.166974731872721
0,0,4,AdultCensus,0.18,0.84849518869856,0.1650702234953057
0,0,5,AdultCensus,0.0,0.8351190882413158,0.0063332243804465
0,0,5,AdultCensus,0.02,0.839486794513069,0.0279006172307723
0,0,5,AdultCensus,0.04,0.8398962669760459,0.0289078402159463
0,0,5,AdultCensus,0.06,0.8409881935439841,0.0485104071121741
0,0,5,AdultCensus,0.08,0.84283081962738,0.0656495619080437
0,0,5,AdultCensus,0.1,0.8467208080256603,0.0841680898109625
0,0,5,AdultCensus,0.12,0.8490411519825292,0.1204282861964293
0,0,5,AdultCensus,0.14,0.8508837780659251,0.1379870785254704
0,0,5,AdultCensus,0.16,0.8512250051184058,0.1540033217961516
0,0,5,AdultCensus,0.18,0.8512250051184058,0.1540033217961516
0,0,6,AdultCensus,0.0,0.840919948133488,0.018323594790349
0,0,6,AdultCensus,0.02,0.8427625742168839,0.0356263844943303
0,0,6,AdultCensus,0.04,0.8430355558588685,0.0470402582010576
0,0,6,AdultCensus,0.06,0.8467890534361564,0.0637808412340431
0,0,6,AdultCensus,0.08,0.8457653722787143,0.0662982264250176
0,0,6,AdultCensus,0.1,0.8508837780659251,0.1061001502298605
0,0,6,AdultCensus,0.12,0.853681839896267,0.1425533750273211
0,0,6,AdultCensus,0.14,0.853681839896267,0.1561564637434621
0,0,6,AdultCensus,0.16,0.8540913123592438,0.1639740337031958
0,0,6,AdultCensus,0.18,0.8548420118747014,0.1655803625934442
0,0,7,AdultCensus,0.0,0.8255647307718555,0.0070641057372438
0,0,7,AdultCensus,0.02,0.8308878727905549,0.0205662267967202
0,0,7,AdultCensus,0.04,0.8329352351054392,0.043107524274717
0,0,7,AdultCensus,0.06,0.8370299597352078,0.0631477239414001
0,0,7,AdultCensus,0.08,0.8410564389544803,0.0893257490753937
0,0,7,AdultCensus,0.1,0.843786255374326,0.1028217425220908
0,0,7,AdultCensus,0.12,0.8441957278373029,0.132419586242528
0,0,7,AdultCensus,0.14,0.8455606360472259,0.150909647275657
0,0,7,AdultCensus,0.16,0.8452876544052412,0.1688186379491777
0,0,7,AdultCensus,0.18,0.8450829181737528,0.1671854501582292
0,0,8,AdultCensus,0.0,0.8289087558861666,0.0058255244613708
0,0,8,AdultCensus,0.02,0.8311608544325394,0.0206273492081837
0,0,8,AdultCensus,0.04,0.8330034805159353,0.0318490094603554
0,0,8,AdultCensus,0.06,0.8373711867876885,0.0619605218127873
0,0,8,AdultCensus,0.08,0.839964512386542,0.0709625200056085
0,0,8,AdultCensus,0.1,0.8413976660069611,0.0906741741934988
0,0,8,AdultCensus,0.12,0.8444004640687913,0.1076756123843185
0,0,8,AdultCensus,0.14,0.8462430901521872,0.1267968093648101
0,0,8,AdultCensus,0.16,0.8469255442571487,0.1437663056938959
0,0,8,AdultCensus,0.18,0.8469255442571487,0.1437663056938959
0,0,9,AdultCensus,0.0,0.8306148911485702,0.0111308485887217
0,0,9,AdultCensus,0.02,0.8358697877567733,0.014799305883582
0,0,9,AdultCensus,0.04,0.8392138128710844,0.0412111839857209
0,0,9,AdultCensus,0.06,0.841875383880434,0.0533198963960615
0,0,9,AdultCensus,0.08,0.8436497645533337,0.0616463764255664
0,0,9,AdultCensus,0.1,0.8455606360472259,0.0827646403027806
0,0,9,AdultCensus,0.12,0.8471302804886371,0.1135194182460553
0,0,9,AdultCensus,0.14,0.8512932505289019,0.1302104085641028
0,0,9,AdultCensus,0.16,0.8519074592233672,0.1393346400982127
0,0,9,AdultCensus,0.18,0.8512932505289019,0.1551670136603343
0,0,10,AdultCensus,0.0,0.8306148911485702,0.0035088017635601
0,0,10,AdultCensus,0.02,0.8352555790623081,0.0267984313770388
0,0,10,AdultCensus,0.04,0.8384631133556268,0.0412341031623075
0,0,10,AdultCensus,0.06,0.8387360949976114,0.0620745377923962
0,0,10,AdultCensus,0.08,0.8414659114174572,0.0832641057745465
0,0,10,AdultCensus,0.1,0.8452194089947451,0.109280843802844
0,0,10,AdultCensus,0.12,0.8449464273527605,0.1239535154481143
0,0,10,AdultCensus,0.14,0.8456971268682181,0.1449826491941583
0,0,10,AdultCensus,0.16,0.8433767829113492,0.1652547766384181
0,0,10,AdultCensus,0.18,0.8433767829113492,0.1652547766384181
0,0,11,AdultCensus,0.0,0.8320480447689893,0.0100968265465496
0,0,11,AdultCensus,0.02,0.8339589162628813,0.0052112727980135
0,0,11,AdultCensus,0.04,0.835733296935781,0.0221903589523471
0,0,11,AdultCensus,0.06,0.8392138128710844,0.0437198524284333
0,0,11,AdultCensus,0.08,0.840442230260015,0.045815725017197
0,0,11,AdultCensus,0.1,0.8413976660069611,0.0504652147071472
0,0,11,AdultCensus,0.12,0.8444004640687913,0.0963071971846265
0,0,11,AdultCensus,0.14,0.8438545007848223,0.1267248936920849
0,0,11,AdultCensus,0.16,0.8433085375008531,0.13052362057856
0,0,11,AdultCensus,0.18,0.843786255374326,0.1517961916601413
0,0,12,AdultCensus,0.0,0.8299324370436089,0.0013659716905457
0,0,12,AdultCensus,0.02,0.836142769398758,0.0358831991894877
0,0,12,AdultCensus,0.04,0.8362792602197502,0.0368767213608026
0,0,12,AdultCensus,0.06,0.8410564389544803,0.0572853349351869
0,0,12,AdultCensus,0.08,0.8441274824268068,0.0882766746400734
0,0,12,AdultCensus,0.1,0.8435132737323415,0.1037734730634998
0,0,12,AdultCensus,0.12,0.846106599331195,0.1225545818062291
0,0,12,AdultCensus,0.14,0.8458336176892104,0.1409034584097966
0,0,12,AdultCensus,0.16,0.8472667713096295,0.1481381890658896
0,0,12,AdultCensus,0.18,0.8472667713096295,0.1481381890658896
0,0,13,AdultCensus,0.0,0.8308878727905549,0.0042312457614402
0,0,13,AdultCensus,0.02,0.8336176892104006,0.0222475872168809
0,0,13,AdultCensus,0.04,0.8356650515252849,0.0412866737585263
0,0,13,AdultCensus,0.06,0.8356650515252849,0.0412866737585263
0,0,13,AdultCensus,0.08,0.8356650515252849,0.0412866737585263
0,0,13,AdultCensus,0.1,0.84283081962738,0.0996303808228066
0,0,13,AdultCensus,0.12,0.8452876544052412,0.129418978856031
0,0,13,AdultCensus,0.14,0.8448781819422644,0.1468212373534789
0,0,13,AdultCensus,0.16,0.8459018630997065,0.1503005238419772
0,0,13,AdultCensus,0.18,0.8459018630997065,0.1503005238419772
0,0,14,AdultCensus,0.0,0.8287040196546782,0.003451470656976
0,0,14,AdultCensus,0.02,0.8342318979048658,0.0206094672658531
0,0,14,AdultCensus,0.04,0.8363475056302464,0.0517305773943439
0,0,14,AdultCensus,0.06,0.8370299597352078,0.0572587073864142
0,0,14,AdultCensus,0.08,0.8406469664915035,0.0767106064928539
0,0,14,AdultCensus,0.1,0.8439909916058145,0.1008724731909905
0,0,14,AdultCensus,0.12,0.8447416911212721,0.1277964764433496
0,0,14,AdultCensus,0.14,0.8443322186582952,0.1446866711761461
0,0,14,AdultCensus,0.16,0.8447416911212721,0.1481687244049132
0,0,14,AdultCensus,0.18,0.8447416911212721,0.1481687244049132
0,0,15,AdultCensus,0.0,0.8355968061147888,0.0194790288788623
0,0,15,AdultCensus,0.02,0.8391455674605883,0.0398856907878095
0,0,15,AdultCensus,0.04,0.8427625742168839,0.0572631008166593
0,0,15,AdultCensus,0.06,0.8464478263836757,0.0788635840871823
0,0,15,AdultCensus,0.08,0.8482904524670716,0.0938966059427873
0,0,15,AdultCensus,0.1,0.8491093973930253,0.1056831124456409
0,0,15,AdultCensus,0.12,0.8501330785504675,0.1371850512275523
0,0,15,AdultCensus,0.14,0.8506107964239404,0.1492489391252496
0,0,15,AdultCensus,0.16,0.8502013239609636,0.1623552363806346
0,0,15,AdultCensus,0.18,0.8506790418344367,0.1571708666019562
0,0,16,AdultCensus,0.0,0.8301371732750973,0.0046079799931393
0,0,16,AdultCensus,0.02,0.8303419095065857,0.0038861217059665
0,0,16,AdultCensus,0.04,0.8303419095065857,0.0038861217059665
0,0,16,AdultCensus,0.06,0.8416706476489456,0.0596809949479368
0,0,16,AdultCensus,0.08,0.8447416911212721,0.0845757102129394
0,0,16,AdultCensus,0.1,0.847062035078141,0.1008638070236238
0,0,16,AdultCensus,0.12,0.8486999249300484,0.1247355625298167
0,0,16,AdultCensus,0.14,0.8488364157510407,0.141617128010558
0,0,16,AdultCensus,0.16,0.8486999249300484,0.1449882005427762
0,0,16,AdultCensus,0.18,0.8486999249300484,0.1449882005427762
0,0,17,AdultCensus,0.0,0.8381218863031461,0.0103332750908479
0,0,17,AdultCensus,0.02,0.8402374940285265,0.0170736774998109
0,0,17,AdultCensus,0.04,0.8412611751859688,0.0298448436147276
0,0,17,AdultCensus,0.06,0.8487681703405446,0.0701981516850155
0,0,17,AdultCensus,0.08,0.8521121954548556,0.0779451370905069
0,0,17,AdultCensus,0.1,0.8535453490752747,0.0906457781483685
0,0,17,AdultCensus,0.12,0.8528628949703132,0.0906697973997145
0,0,17,AdultCensus,0.14,0.8553879751586706,0.1392784003816877
0,0,17,AdultCensus,0.16,0.856070429263632,0.1647873282156371
0,0,17,AdultCensus,0.18,0.8562751654951205,0.1665245037725551
0,0,18,AdultCensus,0.0,0.8271343752132669,0.0014513740663363
0,0,18,AdultCensus,0.02,0.8317068177165086,0.0146066356430117
0,0,18,AdultCensus,0.04,0.8318433085375009,0.0200311870696222
0,0,18,AdultCensus,0.06,0.8369617143247117,0.050531055918839
0,0,18,AdultCensus,0.08,0.8387360949976114,0.0764055760452466
0,0,18,AdultCensus,0.1,0.8408517027229919,0.0954488164165583
0,0,18,AdultCensus,0.12,0.8414659114174572,0.1099847856711274
0,0,18,AdultCensus,0.14,0.8433085375008531,0.1286137906934063
0,0,18,AdultCensus,0.16,0.8433085375008531,0.1486725697089458
0,0,18,AdultCensus,0.18,0.8433085375008531,0.1486725697089458
0,0,19,AdultCensus,0.0,0.8315703268955162,0.0039111729520519
0,0,19,AdultCensus,0.02,0.834777861188835,0.022868760279934
0,0,19,AdultCensus,0.04,0.8377124138401693,0.0460725811746524
0,0,19,AdultCensus,0.06,0.8391455674605883,0.0579965050328537
0,0,19,AdultCensus,0.08,0.8423531017539071,0.0836272952556999
0,0,19,AdultCensus,0.1,0.8427625742168839,0.1056599191578408
0,0,19,AdultCensus,0.12,0.8456971268682181,0.1136099803534361
0,0,19,AdultCensus,0.14,0.8491093973930253,0.1432569945639456
0,0,19,AdultCensus,0.16,0.8490411519825292,0.1693953841517718
0,0,19,AdultCensus,0.18,0.8489046611615368,0.1737520980745694
0,0,20,AdultCensus,0.0,0.8340954070838736,0.0010046846918981
0,0,20,AdultCensus,0.02,0.8352555790623081,0.017756977776332
0,0,20,AdultCensus,0.04,0.8388725858186037,0.0310423027657552
0,0,20,AdultCensus,0.06,0.8401010032075343,0.0610418878221989
0,0,20,AdultCensus,0.08,0.8401010032075343,0.0714871639608802
0,0,20,AdultCensus,0.1,0.8431720466798608,0.0946983975463699
0,0,20,AdultCensus,0.12,0.8452876544052412,0.1185667641054223
0,0,20,AdultCensus,0.14,0.8445369548897836,0.1376568575261065
0,0,20,AdultCensus,0.16,0.8454241452262335,0.1599662665484807
0,0,20,AdultCensus,0.18,0.8454241452262335,0.1579382351303725
0,0,21,AdultCensus,0.0,0.8308878727905549,0.0032566601525031
0,0,21,AdultCensus,0.02,0.8351190882413158,0.0188215688382653
0,0,21,AdultCensus,0.04,0.8381901317136422,0.0417254100866236
0,0,21,AdultCensus,0.06,0.8420118747014264,0.0623707128265777
0,0,21,AdultCensus,0.08,0.8436497645533337,0.0775071202548323
0,0,21,AdultCensus,0.1,0.8466525626151641,0.1061997761151552
0,0,21,AdultCensus,0.12,0.8485634341090562,0.1313321148263627
0,0,21,AdultCensus,0.14,0.8478127345935986,0.1456919243345117
0,0,21,AdultCensus,0.16,0.8486316795195523,0.1616680053378195
0,0,21,AdultCensus,0.18,0.8486316795195523,0.1616680053378195
0,0,22,AdultCensus,0.0,0.8310926090220433,0.01515870407478
0,0,22,AdultCensus,0.02,0.8321845355899816,0.0213678612701478
0,0,22,AdultCensus,0.04,0.8377124138401693,0.0452595142102535
0,0,22,AdultCensus,0.06,0.8427625742168839,0.0736786228713943
0,0,22,AdultCensus,0.08,0.8424895925748993,0.0858314389040627
0,0,22,AdultCensus,0.1,0.8478127345935986,0.1041131121738296
0,0,22,AdultCensus,0.12,0.8455606360472259,0.1289598261215637
0,0,22,AdultCensus,0.14,0.8460383539206988,0.1370673463673231
0,0,22,AdultCensus,0.16,0.8464478263836757,0.1569525610728854
0,0,22,AdultCensus,0.18,0.8477444891831024,0.1709193722314523
0,0,23,AdultCensus,0.0,0.8311608544325394,0.0173864430327336
0,0,23,AdultCensus,0.02,0.8342318979048658,0.02007190057388
0,0,23,AdultCensus,0.04,0.8356650515252849,0.0377853667415161
0,0,23,AdultCensus,0.06,0.8376441684296732,0.0497429191638034
0,0,23,AdultCensus,0.08,0.8403739848495189,0.0633520077108082
0,0,23,AdultCensus,0.1,0.846584317204668,0.1072665069725389
0,0,23,AdultCensus,0.12,0.843786255374326,0.1291749782072068
0,0,23,AdultCensus,0.14,0.8474032621306217,0.1356675234278038
0,0,23,AdultCensus,0.16,0.8455606360472259,0.1531535390626762
0,0,23,AdultCensus,0.18,0.8454241452262335,0.1554083482492755
0,0,24,AdultCensus,0.0,0.8302054186855934,0.0100769459475932
0,0,24,AdultCensus,0.02,0.8379171500716577,0.0306466363090984
0,0,24,AdultCensus,0.04,0.8379171500716577,0.0369793052406361
0,0,24,AdultCensus,0.06,0.840442230260015,0.0495656566010688
0,0,24,AdultCensus,0.08,0.8420118747014264,0.0545217006123481
0,0,24,AdultCensus,0.1,0.847539752951614,0.0958019687575858
0,0,24,AdultCensus,0.12,0.8493823790350099,0.1244246076155407
0,0,24,AdultCensus,0.14,0.8497918514979867,0.1442196811471171
0,0,24,AdultCensus,0.16,0.8497918514979867,0.1610781040924681
0,0,24,AdultCensus,0.18,0.8497236060874906,0.1725833540972093
0,0,25,AdultCensus,0.0,0.8340271616733774,0.0002980042152651
0,0,25,AdultCensus,0.02,0.8405787210810073,0.0266149295841723
0,0,25,AdultCensus,0.04,0.8427625742168839,0.0466274050793363
0,0,25,AdultCensus,0.06,0.8453558998157374,0.0646444912994212
0,0,25,AdultCensus,0.08,0.8469255442571487,0.0858385923178648
0,0,25,AdultCensus,0.1,0.8484269432880639,0.0982719121130099
0,0,25,AdultCensus,0.12,0.8498600969084829,0.1104454905338278
0,0,25,AdultCensus,0.14,0.8509520234764212,0.1238854238475228
0,0,25,AdultCensus,0.16,0.8506790418344367,0.1646059634162646
0,0,25,AdultCensus,0.18,0.8504743056029482,0.1658037649289236
0,0,26,AdultCensus,0.0,0.8307513819695626,0.0041810819612898
0,0,26,AdultCensus,0.02,0.8323210264109738,0.0186173611974606
0,0,26,AdultCensus,0.04,0.8341636524943697,0.0320907299689995
0,0,26,AdultCensus,0.06,0.83238927182147,0.0541114247434631
0,0,26,AdultCensus,0.08,0.8332764621579198,0.063591558367954
0,0,26,AdultCensus,0.1,0.8427625742168839,0.0990103648062926
0,0,26,AdultCensus,0.12,0.8450146727632567,0.1235120496564999
0,0,26,AdultCensus,0.14,0.8452876544052412,0.141664825051958
0,0,26,AdultCensus,0.16,0.8448781819422644,0.1425395832303657
0,0,26,AdultCensus,0.18,0.8448781819422644,0.1425395832303657
0,0,27,AdultCensus,0.0,0.8332764621579198,0.0039247151014199
0,0,27,AdultCensus,0.02,0.8379171500716577,0.0244657801165287
0,0,27,AdultCensus,0.04,0.8413294205964649,0.0428733174442141
0,0,27,AdultCensus,0.06,0.8451511635842489,0.0646355049002237
0,0,27,AdultCensus,0.08,0.8485634341090562,0.0877809462467605
0,0,27,AdultCensus,0.1,0.848017470825087,0.1015112559272446
0,0,27,AdultCensus,0.12,0.8500648331399714,0.1142820629430735
0,0,27,AdultCensus,0.14,0.8524534225073364,0.1396164776269898
0,0,27,AdultCensus,0.16,0.8517027229918788,0.1583504747570392
0,0,27,AdultCensus,0.18,0.8516344775813827,0.1736827661864055
0,0,28,AdultCensus,0.0,0.8343001433153621,0.0033631184864023
0,0,28,AdultCensus,0.02,0.8407834573124957,0.0272130339308647
0,0,28,AdultCensus,0.04,0.8405104756705112,0.0423626290372983
0,0,28,AdultCensus,0.06,0.8413294205964649,0.0527927074815521
0,0,28,AdultCensus,0.08,0.8456971268682181,0.079175022922568
0,0,28,AdultCensus,0.1,0.8483586978775677,0.1067774725638453
0,0,28,AdultCensus,0.12,0.8484269432880639,0.1209244010237871
0,0,28,AdultCensus,0.14,0.8504743056029482,0.1469556118628676
0,0,28,AdultCensus,0.16,0.8505425510134443,0.156088366473598
0,0,28,AdultCensus,0.18,0.8511567597079096,0.1629352319503296
0,0,29,AdultCensus,0.0,0.8321162901794854,0.0076556846700892
0,0,29,AdultCensus,0.02,0.8358697877567733,0.0286576723854644
0,0,29,AdultCensus,0.04,0.8373711867876885,0.0375040274413133
0,0,29,AdultCensus,0.06,0.8401692486180304,0.0685484231849579
0,0,29,AdultCensus,0.08,0.8429673104483724,0.0846514338197671
0,0,29,AdultCensus,0.1,0.8483586978775677,0.1317814681636252
0,0,29,AdultCensus,0.12,0.8483586978775677,0.1317814681636252
0,0,29,AdultCensus,0.14,0.8489046611615368,0.1530645957681639
0,0,29,AdultCensus,0.16,0.8487681703405446,0.1586773671645158
0,0,29,AdultCensus,0.18,0.8487681703405446,0.1586773671645158
0,0,30,AdultCensus,0.0,0.8358697877567733,0.016929479294622
0,0,30,AdultCensus,0.02,0.83805364089265,0.0244854864989573
0,0,30,AdultCensus,0.04,0.8419436292909301,0.0521814538802081
0,0,30,AdultCensus,0.06,0.8420118747014264,0.0528812547647857
0,0,30,AdultCensus,0.08,0.8457653722787143,0.0769036322204349
0,0,30,AdultCensus,0.1,0.8497236060874906,0.1012676570613031
0,0,30,AdultCensus,0.12,0.8512250051184058,0.1222237320407434
0,0,30,AdultCensus,0.14,0.8533406128437863,0.1413509837602345
0,0,30,AdultCensus,0.16,0.852726404149321,0.152309438787951
0,0,30,AdultCensus,0.18,0.8540230669487477,0.1682555329870105
0,0,31,AdultCensus,0.0,0.8306831365590664,0.0064724841712622
0,0,31,AdultCensus,0.02,0.8360062785777657,0.0246461942259439
0,0,31,AdultCensus,0.04,0.8398280215655497,0.0412617453868026
0,0,31,AdultCensus,0.06,0.8421483655224186,0.0503085339548166
0,0,31,AdultCensus,0.08,0.8453558998157374,0.0729253360948543
0,0,31,AdultCensus,0.1,0.8448781819422644,0.0822589061380503
0,0,31,AdultCensus,0.12,0.8478127345935986,0.1129140112630446
0,0,31,AdultCensus,0.14,0.8508837780659251,0.1286283791990432
0,0,31,AdultCensus,0.16,0.8526581587388248,0.1460349546266127
0,0,31,AdultCensus,0.18,0.8522486862758479,0.1443137579355288
0,0,32,AdultCensus,0.0,0.8331399713369276,0.0090625291301175
0,0,32,AdultCensus,0.02,0.8375076776086808,0.0108661876590072
0,0,32,AdultCensus,0.04,0.8375759230191769,0.0168658536724816
0,0,32,AdultCensus,0.06,0.8413294205964649,0.0497705568473569
0,0,32,AdultCensus,0.08,0.8449464273527605,0.0693750915593609
0,0,32,AdultCensus,0.1,0.8447416911212721,0.0837324675602987
0,0,32,AdultCensus,0.12,0.8474715075411179,0.1046246884652379
0,0,32,AdultCensus,0.14,0.8477444891831024,0.1284747399502391
0,0,32,AdultCensus,0.16,0.8486316795195523,0.1421539149332168
0,0,32,AdultCensus,0.18,0.8486316795195523,0.1421539149332168
0,0,33,AdultCensus,0.0,0.8326622534634546,0.0104828111931798
0,0,33,AdultCensus,0.02,0.8379171500716577,0.0214265243230636
0,0,33,AdultCensus,0.04,0.8405787210810073,0.0368631844739823
0,0,33,AdultCensus,0.06,0.8454241452262335,0.0523782786673915
0,0,33,AdultCensus,0.08,0.8471302804886371,0.0650403058137252
0,0,33,AdultCensus,0.1,0.8493141336245138,0.1016600331944744
0,0,33,AdultCensus,0.12,0.8516344775813827,0.1188239360038434
0,0,33,AdultCensus,0.14,0.8514297413498942,0.139694458943323
0,0,33,AdultCensus,0.16,0.8523169316863441,0.1423721733163581
0,0,33,AdultCensus,0.18,0.8523169316863441,0.1423721733163581
0,0,34,AdultCensus,0.0,0.830000682454105,0.0017788333064854
0,0,34,AdultCensus,0.02,0.8370299597352078,0.0368986886748163
0,0,34,AdultCensus,0.04,0.8366204872722309,0.0441493477012268
0,0,34,AdultCensus,0.06,0.8405104756705112,0.0658878695055625
0,0,34,AdultCensus,0.08,0.8420118747014264,0.07519618271344
0,0,34,AdultCensus,0.1,0.8416024022384495,0.104891849049366
0,0,34,AdultCensus,0.12,0.8439909916058145,0.1266712590104898
0,0,34,AdultCensus,0.14,0.84371800996383,0.1403856524147308
0,0,34,AdultCensus,0.16,0.8440592370163107,0.1557373271263565
0,0,34,AdultCensus,0.18,0.8454241452262335,0.1617787664479766
0,0,35,AdultCensus,0.0,0.8332764621579198,0.0118591549105422
0,0,35,AdultCensus,0.02,0.8362110148092541,0.0253853815145434
0,0,35,AdultCensus,0.04,0.8396232853340613,0.059737439587023
0,0,35,AdultCensus,0.06,0.840442230260015,0.0646424872006888
0,0,35,AdultCensus,0.08,0.8441274824268068,0.0865753215106054
0,0,35,AdultCensus,0.1,0.8446052003002799,0.1066432165023204
0,0,35,AdultCensus,0.12,0.8452194089947451,0.1213483920520819
0,0,35,AdultCensus,0.14,0.8479492254145908,0.1490272641736781
0,0,35,AdultCensus,0.16,0.8497918514979867,0.1583109512740521
0,0,35,AdultCensus,0.18,0.8499965877294752,0.1589527223502062
0,0,36,AdultCensus,0.0,0.8276120930867399,0.0087963702614044
0,0,36,AdultCensus,0.02,0.8301371732750973,0.0214868778641243
0,0,36,AdultCensus,0.04,0.829045246707159,0.0165629368825867
0,0,36,AdultCensus,0.06,0.8367569780932232,0.0584792776561958
0,0,36,AdultCensus,0.08,0.8367569780932232,0.0584792776561958
0,0,36,AdultCensus,0.1,0.837098205145704,0.0608336289146521
0,0,36,AdultCensus,0.12,0.8439909916058145,0.1291661475153417
0,0,36,AdultCensus,0.14,0.8459018630997065,0.1363214343849664
0,0,36,AdultCensus,0.16,0.8456971268682181,0.1479987595632698
0,0,36,AdultCensus,0.18,0.8452876544052412,0.1478984670633652
0,0,37,AdultCensus,0.0,0.8358015423462772,0.007478365892155
0,0,37,AdultCensus,0.02,0.8389408312290998,0.0074345777449483
0,0,37,AdultCensus,0.04,0.839964512386542,0.01669501154712
0,0,37,AdultCensus,0.06,0.8459018630997065,0.060075840396
0,0,37,AdultCensus,0.08,0.848017470825087,0.0767073633481817
0,0,37,AdultCensus,0.1,0.8484269432880639,0.0909198442778742
0,0,37,AdultCensus,0.12,0.8523851770968403,0.1084996252907345
0,0,37,AdultCensus,0.14,0.8545007848222207,0.1379180043741743
0,0,37,AdultCensus,0.16,0.8512932505289019,0.1555465935626783
0,0,37,AdultCensus,0.18,0.8538183307172592,0.1634729020763302
0,0,38,AdultCensus,0.0,0.8291134921176551,0.0064468887449874
0,0,38,AdultCensus,0.02,0.8330034805159353,0.0129919572772357
0,0,38,AdultCensus,0.04,0.8343001433153621,0.0365624785799522
0,0,38,AdultCensus,0.06,0.8383266225346345,0.0552142155142609
0,0,38,AdultCensus,0.08,0.8391455674605883,0.0769768169139735
0,0,38,AdultCensus,0.1,0.8422848563434109,0.0864375598899835
0,0,38,AdultCensus,0.12,0.846584317204668,0.1280866327916813
0,0,38,AdultCensus,0.14,0.8484269432880639,0.1516174101813671
0,0,38,AdultCensus,0.16,0.850406060192452,0.170697454088053
0,0,38,AdultCensus,0.18,0.8496553606769944,0.1702843513031095
0,0,39,AdultCensus,0.0,0.8269296389817785,0.0116514655398197
0,0,39,AdultCensus,0.02,0.8306831365590664,0.0264705363393733
0,0,39,AdultCensus,0.04,0.8312290998430355,0.0298464065700176
0,0,39,AdultCensus,0.06,0.8312290998430355,0.0298464065700176
0,0,39,AdultCensus,0.08,0.839009076639596,0.083635486879265
0,0,39,AdultCensus,0.1,0.8414659114174572,0.1014338422340789
0,0,39,AdultCensus,0.12,0.8444004640687913,0.1193255426094827
0,0,39,AdultCensus,0.14,0.8454923906367297,0.1421201457662461
0,0,39,AdultCensus,0.16,0.8458336176892104,0.1556282678074285
0,0,39,AdultCensus,0.18,0.8459701085102027,0.1568628889800945
0,0,40,AdultCensus,0.0,0.824336313382925,0.0175191445089929
0,0,40,AdultCensus,0.02,0.826247184876817,0.001867163470146
0,0,40,AdultCensus,0.04,0.8305466457380741,0.0202200372880708
0,0,40,AdultCensus,0.06,0.8338906708523852,0.0461836484894589
0,0,40,AdultCensus,0.08,0.8348461065993312,0.0578223815478868
0,0,40,AdultCensus,0.1,0.8388725858186037,0.0839769543255051
0,0,40,AdultCensus,0.12,0.8402374940285265,0.1025982993885648
0,0,40,AdultCensus,0.14,0.8435132737323415,0.1213024422224303
0,0,40,AdultCensus,0.16,0.8458336176892104,0.1545256060638812
0,0,40,AdultCensus,0.18,0.8469255442571487,0.1559036517103554
0,0,41,AdultCensus,0.0,0.8356650515252849,0.0116271707483588
0,0,41,AdultCensus,0.02,0.8405104756705112,0.0493897339809114
0,0,41,AdultCensus,0.04,0.8396232853340613,0.0554210641588119
0,0,41,AdultCensus,0.06,0.8431038012693647,0.0699055162353504
0,0,41,AdultCensus,0.08,0.8438545007848223,0.0763493025897822
0,0,41,AdultCensus,0.1,0.8503378147819559,0.1098062129093398
0,0,41,AdultCensus,0.12,0.851361495939398,0.1298866738371104
0,0,41,AdultCensus,0.14,0.8523851770968403,0.1473179536485753
0,0,41,AdultCensus,0.16,0.8533406128437863,0.1556222522379029
0,0,41,AdultCensus,0.18,0.8533406128437863,0.1556222522379029
0,0,42,AdultCensus,0.0,0.8321845355899816,0.0187965290700695
0,0,42,AdultCensus,0.02,0.8334129529789122,0.0285288737829186
0,0,42,AdultCensus,0.04,0.8346413703678428,0.038476747318
0,0,42,AdultCensus,0.06,0.8346413703678428,0.038476747318
0,0,42,AdultCensus,0.08,0.8422848563434109,0.0873596295021733
0,0,42,AdultCensus,0.1,0.8443322186582952,0.1130334186051621
0,0,42,AdultCensus,0.12,0.8459701085102027,0.1173102162636368
0,0,42,AdultCensus,0.14,0.8472667713096295,0.1282723986858035
0,0,42,AdultCensus,0.16,0.8472667713096295,0.1282723986858035
0,0,42,AdultCensus,0.18,0.8472667713096295,0.1282723986858035
0,0,43,AdultCensus,0.0,0.8277485839077322,0.0004875080170344
0,0,43,AdultCensus,0.02,0.8342318979048658,0.0370728528465418
0,0,43,AdultCensus,0.04,0.8360062785777657,0.0601089942453954
0,0,43,AdultCensus,0.06,0.8379171500716577,0.0665203511891028
0,0,43,AdultCensus,0.08,0.8407834573124957,0.0872188802932347
0,0,43,AdultCensus,0.1,0.8413976660069611,0.1227148377063778
0,0,43,AdultCensus,0.12,0.8412611751859688,0.1325538461098571
0,0,43,AdultCensus,0.14,0.8431720466798608,0.147980148828284
0,0,43,AdultCensus,0.16,0.8423531017539071,0.1643657415157143
0,0,43,AdultCensus,0.18,0.8426260833958916,0.1730458356349523
0,0,44,AdultCensus,0.0,0.8325257626424623,0.0085708083962524
0,0,44,AdultCensus,0.02,0.8345731249573466,0.0179318177572618
0,0,44,AdultCensus,0.04,0.8355968061147888,0.0311477758340885
0,0,44,AdultCensus,0.06,0.8369617143247117,0.0591068733588499
0,0,44,AdultCensus,0.08,0.8367569780932232,0.0624692759408849
0,0,44,AdultCensus,0.1,0.8411929297754726,0.0961319582327899
0,0,44,AdultCensus,0.12,0.8426260833958916,0.1181523560617923
0,0,44,AdultCensus,0.14,0.8442639732477991,0.1327481830100168
0,0,44,AdultCensus,0.16,0.8457653722787143,0.146596957973896
0,0,44,AdultCensus,0.18,0.8462430901521872,0.1460761194820133
0,0,45,AdultCensus,0.0,0.834777861188835,0.0024067897289762
0,0,45,AdultCensus,0.02,0.8378489046611616,0.0206347160845138
0,0,45,AdultCensus,0.04,0.8396232853340613,0.0355734210598591
0,0,45,AdultCensus,0.06,0.8441957278373029,0.0598965607731938
0,0,45,AdultCensus,0.08,0.845628881457722,0.0772913748533816
0,0,45,AdultCensus,0.1,0.8480857162355832,0.1009988387757139
0,0,45,AdultCensus,0.12,0.8486316795195523,0.1101139009633439
0,0,45,AdultCensus,0.14,0.8511567597079096,0.1404005403193015
0,0,45,AdultCensus,0.16,0.8504743056029482,0.1480807352321544
0,0,45,AdultCensus,0.18,0.8504743056029482,0.1480807352321544
0,0,46,AdultCensus,0.0,0.8286357742441821,0.0070077287163519
0,0,46,AdultCensus,0.02,0.8299324370436089,0.0133250529416754
0,0,46,AdultCensus,0.04,0.8349143520098273,0.0484926593086104
0,0,46,AdultCensus,0.06,0.8403739848495189,0.0606518482596128
0,0,46,AdultCensus,0.08,0.8446052003002799,0.0833705572088976
0,0,46,AdultCensus,0.1,0.8457653722787143,0.1178380979262607
0,0,46,AdultCensus,0.12,0.8478809800040947,0.1264347188781774
0,0,46,AdultCensus,0.14,0.84849518869856,0.1427261895064663
0,0,46,AdultCensus,0.16,0.8493823790350099,0.1595508340063519
0,0,46,AdultCensus,0.18,0.8491093973930253,0.161579130045298
0,0,47,AdultCensus,0.0,0.8302054186855934,0.0059498378086735
0,0,47,AdultCensus,0.02,0.8349143520098273,0.0206330514584879
0,0,47,AdultCensus,0.04,0.8370299597352078,0.0538267983430039
0,0,47,AdultCensus,0.06,0.8402374940285265,0.0667075788357073
0,0,47,AdultCensus,0.08,0.841875383880434,0.0789017242043242
0,0,47,AdultCensus,0.1,0.8460383539206988,0.1425365715006639
0,0,47,AdultCensus,0.12,0.8460383539206988,0.1425365715006639
0,0,47,AdultCensus,0.14,0.8456971268682181,0.1501407672212467
0,0,47,AdultCensus,0.16,0.8457653722787143,0.158584949555487
0,0,47,AdultCensus,0.18,0.846106599331195,0.157235379856618
0,0,48,AdultCensus,0.0,0.8294547191701358,0.0019592774104141
0,0,48,AdultCensus,0.02,0.8334129529789122,0.0185027273163337
0,0,48,AdultCensus,0.04,0.8360745239882618,0.0397830840406383
0,0,48,AdultCensus,0.06,0.8364839964512386,0.0423441284411932
0,0,48,AdultCensus,0.08,0.8463795809731796,0.0826517922618827
0,0,48,AdultCensus,0.1,0.8485634341090562,0.100969584468886
0,0,48,AdultCensus,0.12,0.8489046611615368,0.1103932735483306
0,0,48,AdultCensus,0.14,0.8502013239609636,0.1413110766055306
0,0,48,AdultCensus,0.16,0.8512250051184058,0.1511295201385306
0,0,48,AdultCensus,0.18,0.8517027229918788,0.1526673574764872
0,0,49,AdultCensus,0.0,0.8306148911485702,0.0048781782441174
0,0,49,AdultCensus,0.02,0.8369617143247117,0.0239409762921879
0,0,49,AdultCensus,0.04,0.8411929297754726,0.0490369930239768
0,0,49,AdultCensus,0.06,0.8419436292909301,0.0628974361051603
0,0,49,AdultCensus,0.08,0.8458336176892104,0.077283469105279
0,0,49,AdultCensus,0.1,0.846584317204668,0.0909885959666896
0,0,49,AdultCensus,0.12,0.8482904524670716,0.1227708261708969
0,0,49,AdultCensus,0.14,0.8489729065720331,0.1436892543116812
0,0,49,AdultCensus,0.16,0.8495188698560022,0.1567320193100129
0,0,49,AdultCensus,0.18,0.8478809800040947,0.1684726132905452
