,Unnamed: 0,seed,dataset,alpha,acc,disparity
0,0,0,Lawschool,0.2,0.7936223081170624,0.0607320448424541
0,0,0,Lawschool,0.45,0.7933462175593595,0.0507643714091619
0,0,0,Lawschool,0.7,0.7934842628382109,0.0447535694364341
0,0,0,Lawschool,0.95,0.7933807288790723,0.0412139801969859
0,0,0,Lawschool,1.2,0.7932771949199338,0.0393761089049349
0,0,0,Lawschool,1.45,0.7932426836002209,0.0383313908050296
0,0,0,Lawschool,1.7,0.7934152401987852,0.0376802965199774
0,0,0,Lawschool,1.95,0.7933117062396466,0.0374435316748216
0,0,0,Lawschool,2.2,0.7932426836002209,0.0375885433631349
0,0,0,Lawschool,2.45,0.7933807288790723,0.0426966861430509
0,0,1,Lawschool,0.2,0.7879624516841524,0.043477511678624
0,0,1,Lawschool,0.45,0.7876863611264495,0.0301808792733851
0,0,1,Lawschool,0.7,0.7867545554942021,0.0238632509014534
0,0,1,Lawschool,0.95,0.7867890668139149,0.02187389641649
0,0,1,Lawschool,1.2,0.7867545554942021,0.0229194933893411
0,0,1,Lawschool,1.45,0.7870996686913307,0.0252258861194751
0,0,1,Lawschool,1.7,0.7869961347321922,0.0312611326406701
0,0,1,Lawschool,1.95,0.7875138045278851,0.0366623026715239
0,0,1,Lawschool,2.2,0.7877208724461623,0.0394148722786018
0,0,1,Lawschool,2.45,0.7873067366096079,0.0356398422301525
0,0,2,Lawschool,0.2,0.7886181667586969,0.0404177552077498
0,0,2,Lawschool,0.45,0.7882040309221424,0.0275736344645749
0,0,2,Lawschool,0.7,0.7879279403644396,0.0222248988449018
0,0,2,Lawschool,0.95,0.7877208724461623,0.018901995068727
0,0,2,Lawschool,1.2,0.7874447818884595,0.0139988268361583
0,0,2,Lawschool,1.45,0.7873412479293208,0.0123033862703302
0,0,2,Lawschool,1.7,0.7874447818884595,0.0116066880628291
0,0,2,Lawschool,1.95,0.7874102705687466,0.0121674315593677
0,0,2,Lawschool,2.2,0.787030646051905,0.0103115431045725
0,0,2,Lawschool,2.45,0.7870996686913307,0.009650760549232
0,0,3,Lawschool,0.2,0.7877208724461623,0.0615172796367428
0,0,3,Lawschool,0.45,0.7882730535615682,0.0488850845412402
0,0,3,Lawschool,0.7,0.7885491441192711,0.0403315939673855
0,0,3,Lawschool,0.95,0.7885146327995582,0.0321016853639578
0,0,3,Lawschool,1.2,0.7881004969630039,0.0242207196090868
0,0,3,Lawschool,1.45,0.7878589177250138,0.0178951360240658
0,0,3,Lawschool,1.7,0.7878934290447267,0.0129585463572195
0,0,3,Lawschool,1.95,0.7875828271673109,0.0087823700697718
0,0,3,Lawschool,2.2,0.7874792932081722,0.0060517152516555
0,0,3,Lawschool,2.45,0.7874102705687466,0.0025448693813964
0,0,4,Lawschool,0.2,0.7894464384318056,0.0568745344865778
0,0,4,Lawschool,0.45,0.7893429044726671,0.0455917312848461
0,0,4,Lawschool,0.7,0.7894464384318056,0.0409797921777976
0,0,4,Lawschool,0.95,0.7894809497515185,0.0359207640724669
0,0,4,Lawschool,1.2,0.7892393705135284,0.0324618112647973
0,0,4,Lawschool,1.45,0.7892393705135284,0.0310382255185778
0,0,4,Lawschool,1.7,0.7891358365543898,0.0310852865567443
0,0,4,Lawschool,1.95,0.789101325234677,0.0386267524504065
0,0,4,Lawschool,2.2,0.789101325234677,0.0459446921163284
0,0,4,Lawschool,2.45,0.7892738818332413,0.0402150426945083
0,0,5,Lawschool,0.2,0.7871341800110436,0.0603303032744657
0,0,5,Lawschool,0.45,0.7868926007730536,0.0510748529530255
0,0,5,Lawschool,0.7,0.7866855328547764,0.0454916337657454
0,0,5,Lawschool,0.95,0.7867545554942021,0.0426282891765125
0,0,5,Lawschool,1.2,0.7865129762562121,0.0399170823536305
0,0,5,Lawschool,1.45,0.7860988404196576,0.0364179869763626
0,0,5,Lawschool,1.7,0.7861678630590834,0.0332677024047582
0,0,5,Lawschool,1.95,0.7860988404196576,0.0279949604822701
0,0,5,Lawschool,2.2,0.7855466593042518,0.0233196358069454
0,0,5,Lawschool,2.45,0.785236057426836,0.0168669288973857
0,0,6,Lawschool,0.2,0.786271397018222,0.0530288520555819
0,0,6,Lawschool,0.45,0.7867200441744893,0.0387073187286353
0,0,6,Lawschool,0.7,0.7865819988956377,0.0304322459765199
0,0,6,Lawschool,0.95,0.7866510215350635,0.0266437570507354
0,0,6,Lawschool,1.2,0.7865129762562121,0.0230692110085148
0,0,6,Lawschool,1.45,0.786271397018222,0.0201004681609399
0,0,6,Lawschool,1.7,0.7861678630590834,0.0199590254452398
0,0,6,Lawschool,1.95,0.7865819988956377,0.0235842766793878
0,0,6,Lawschool,2.2,0.7867200441744893,0.0262539001775531
0,0,6,Lawschool,2.45,0.7868235781336278,0.0299009463876375
0,0,7,Lawschool,0.2,0.7911029817780232,0.0656298669539646
0,0,7,Lawschool,0.45,0.7909304251794589,0.0535419266060163
0,0,7,Lawschool,0.7,0.7909994478188846,0.0478885645914448
0,0,7,Lawschool,0.95,0.7904817780231916,0.0431056411057962
0,0,7,Lawschool,1.2,0.7900676421866372,0.0373962086982271
0,0,7,Lawschool,1.45,0.78986057426836,0.032803158573062
0,0,7,Lawschool,1.7,0.7893083931529542,0.0287071429231707
0,0,7,Lawschool,1.95,0.7894464384318056,0.0254038332277142
0,0,7,Lawschool,2.2,0.7897570403092214,0.0213371395163997
0,0,7,Lawschool,2.45,0.7892048591938156,0.0151638244506766
0,0,8,Lawschool,0.2,0.7901366648260629,0.0594038001862609
0,0,8,Lawschool,0.45,0.7902401987852016,0.0461653905482739
0,0,8,Lawschool,0.7,0.7904817780231916,0.0385172700128112
0,0,8,Lawschool,0.95,0.7904817780231916,0.0362221038991612
0,0,8,Lawschool,1.2,0.7906198233020431,0.0359122524757355
0,0,8,Lawschool,1.45,0.7908268912203202,0.0373164761074354
0,0,8,Lawschool,1.7,0.7906198233020431,0.0385584744973106
0,0,8,Lawschool,1.95,0.7904472667034788,0.0414141294272354
0,0,8,Lawschool,2.2,0.7907578685808946,0.0450517124458363
0,0,8,Lawschool,2.45,0.7905162893429045,0.0589630357792253
0,0,9,Lawschool,0.2,0.7909304251794589,0.0571791987614608
0,0,9,Lawschool,0.45,0.7907233572611817,0.0449130491839439
0,0,9,Lawschool,0.7,0.7905853119823302,0.0376605547228857
0,0,9,Lawschool,0.95,0.7904472667034788,0.0353255345465841
0,0,9,Lawschool,1.2,0.7902747101049145,0.0327259192637972
0,0,9,Lawschool,1.45,0.7902401987852016,0.029334468933949
0,0,9,Lawschool,1.7,0.7899295969077857,0.0283910689874011
0,0,9,Lawschool,1.95,0.7897915516289343,0.0237019171880715
0,0,9,Lawschool,2.2,0.7892738818332413,0.0201226293376786
0,0,9,Lawschool,2.45,0.7881695196024296,0.0093186949596371
0,0,10,Lawschool,0.2,0.7899641082274986,0.0557741700010814
0,0,10,Lawschool,0.45,0.7896189950303699,0.0407275911878756
0,0,10,Lawschool,0.7,0.78986057426836,0.0327682530241468
0,0,10,Lawschool,0.95,0.7890668139149641,0.024313097684191
0,0,10,Lawschool,1.2,0.7884801214798454,0.0153704290194503
0,0,10,Lawschool,1.45,0.788065985643291,0.0098179525405923
0,0,10,Lawschool,1.7,0.7880314743235781,0.0099742773718116
0,0,10,Lawschool,1.95,0.7881350082827168,0.0165407892907352
0,0,10,Lawschool,2.2,0.7890323025952513,0.0249486319887531
0,0,10,Lawschool,2.45,0.7894119271120927,0.0307376716773007
0,0,11,Lawschool,0.2,0.7905508006626173,0.0553031156032799
0,0,11,Lawschool,0.45,0.7894809497515185,0.0407539272941001
0,0,11,Lawschool,0.7,0.7892048591938156,0.0331326766964728
0,0,11,Lawschool,0.95,0.788859745996687,0.0262910577780066
0,0,11,Lawschool,1.2,0.788583655438984,0.0204037845845515
0,0,11,Lawschool,1.45,0.7885491441192711,0.0149028603930282
0,0,11,Lawschool,1.7,0.788342076200994,0.0101527949496371
0,0,11,Lawschool,1.95,0.788065985643291,0.0042908278495622
0,0,11,Lawschool,2.2,0.7874447818884595,0.0009490635030245
0,0,11,Lawschool,2.45,0.7876518498067366,0.0012816734856408
0,0,12,Lawschool,0.2,0.7864439536167863,0.0676028064158095
0,0,12,Lawschool,0.45,0.7868580894533407,0.0548862939713639
0,0,12,Lawschool,0.7,0.7868235781336278,0.049108488347823
0,0,12,Lawschool,0.95,0.7866510215350635,0.0448774339190292
0,0,12,Lawschool,1.2,0.7867890668139149,0.0422387240747547
0,0,12,Lawschool,1.45,0.7865129762562121,0.0397632519221165
0,0,12,Lawschool,1.7,0.7866855328547764,0.0384030875770701
0,0,12,Lawschool,1.95,0.7864784649364992,0.0360655005201046
0,0,12,Lawschool,2.2,0.7864439536167863,0.0344406880995667
0,0,12,Lawschool,2.45,0.7863059083379348,0.0334343551716563
0,0,13,Lawschool,0.2,0.7896535063500828,0.0564496683949255
0,0,13,Lawschool,0.45,0.7897915516289343,0.0382963030746202
0,0,13,Lawschool,0.7,0.7894464384318056,0.0279615573767263
0,0,13,Lawschool,0.95,0.7893774157923799,0.022404320980021
0,0,13,Lawschool,1.2,0.7891358365543898,0.0218264963402088
0,0,13,Lawschool,1.45,0.7891358365543898,0.021389642519437
0,0,13,Lawschool,1.7,0.789101325234677,0.0206458893938129
0,0,13,Lawschool,1.95,0.789101325234677,0.0207398699398399
0,0,13,Lawschool,2.2,0.7890323025952513,0.0221055129177603
0,0,13,Lawschool,2.45,0.7895844837106571,0.0294321972037947
0,0,14,Lawschool,0.2,0.7903437327443401,0.0478976079432148
0,0,14,Lawschool,0.45,0.7895154610712314,0.0371652857986733
0,0,14,Lawschool,0.7,0.7895844837106571,0.0299703779201359
0,0,14,Lawschool,0.95,0.7896880176697957,0.0257726364553858
0,0,14,Lawschool,1.2,0.7893083931529542,0.0225782418990669
0,0,14,Lawschool,1.45,0.7888252346769741,0.0179945987106225
0,0,14,Lawschool,1.7,0.7884801214798454,0.0119359549961635
0,0,14,Lawschool,1.95,0.7883075648812811,0.0070478786301645
0,0,14,Lawschool,2.2,0.7882040309221424,0.0034975900526541
0,0,14,Lawschool,2.45,0.7879279403644396,0.0078693470700093
0,0,15,Lawschool,0.2,0.7895499723909443,0.0479658044047973
0,0,15,Lawschool,0.45,0.7888942573163997,0.0362377231741717
0,0,15,Lawschool,0.7,0.7888942573163997,0.0293190678095472
0,0,15,Lawschool,0.95,0.7890668139149641,0.0268221083927826
0,0,15,Lawschool,1.2,0.7889287686361126,0.0250155362498971
0,0,15,Lawschool,1.45,0.7887562120375483,0.0231003166380482
0,0,15,Lawschool,1.7,0.7887907233572612,0.0234029739937862
0,0,15,Lawschool,1.95,0.788583655438984,0.0229064516789777
0,0,15,Lawschool,2.2,0.7882730535615682,0.0222018614900809
0,0,15,Lawschool,2.45,0.7881695196024296,0.0215398800462377
0,0,16,Lawschool,0.2,0.7879624516841524,0.0533789854533107
0,0,16,Lawschool,0.45,0.7877208724461623,0.0407036994485885
0,0,16,Lawschool,0.7,0.7881350082827168,0.0320962611888722
0,0,16,Lawschool,0.95,0.7881350082827168,0.0273067083815642
0,0,16,Lawschool,1.2,0.7877553837658752,0.0234683826390114
0,0,16,Lawschool,1.45,0.7873412479293208,0.0181123487080329
0,0,16,Lawschool,1.7,0.787548315847598,0.0133227959007249
0,0,16,Lawschool,1.95,0.7874102705687466,0.0093430586986965
0,0,16,Lawschool,2.2,0.7874447818884595,0.0056533290837867
0,0,16,Lawschool,2.45,0.787548315847598,0.0064692156428759
0,0,17,Lawschool,0.2,0.7916551628934291,0.0577139903337298
0,0,17,Lawschool,0.45,0.7911374930977361,0.0455690017452987
0,0,17,Lawschool,0.7,0.7910684704583103,0.0412456601694094
0,0,17,Lawschool,0.95,0.7910339591385974,0.0404206240301727
0,0,17,Lawschool,1.2,0.7908614025400331,0.0400202044091429
0,0,17,Lawschool,1.45,0.7906888459414688,0.0387477208083949
0,0,17,Lawschool,1.7,0.7906543346217559,0.0371332608987508
0,0,17,Lawschool,1.95,0.7905853119823302,0.0369451495368245
0,0,17,Lawschool,2.2,0.7903437327443401,0.0305142387031712
0,0,17,Lawschool,2.45,0.7897570403092214,0.0194750873429933
0,0,18,Lawschool,0.2,0.7868235781336278,0.064619495089859
0,0,18,Lawschool,0.45,0.7865819988956377,0.0499344358145623
0,0,18,Lawschool,0.7,0.7868235781336278,0.0427593061595439
0,0,18,Lawschool,0.95,0.7868926007730536,0.0363852149853905
0,0,18,Lawschool,1.2,0.7871341800110436,0.0337181562001774
0,0,18,Lawschool,1.45,0.7870996686913307,0.0329555024287052
0,0,18,Lawschool,1.7,0.7873412479293208,0.031301858130114
0,0,18,Lawschool,1.95,0.7870651573716179,0.0255635379380509
0,0,18,Lawschool,2.2,0.7868926007730536,0.0202766258056911
0,0,18,Lawschool,2.45,0.7870996686913307,0.0126619136832571
0,0,19,Lawschool,0.2,0.7906543346217559,0.0549037794889234
0,0,19,Lawschool,0.45,0.7898260629486472,0.0409591571751299
0,0,19,Lawschool,0.7,0.7903092214246272,0.0345342219230495
0,0,19,Lawschool,0.95,0.7899986195472115,0.0294860968030985
0,0,19,Lawschool,1.2,0.7897225289895086,0.0267914955675296
0,0,19,Lawschool,1.45,0.7897225289895086,0.0255909383811124
0,0,19,Lawschool,1.7,0.78986057426836,0.0238964440718431
0,0,19,Lawschool,1.95,0.7897915516289343,0.0215543487276988
0,0,19,Lawschool,2.2,0.7898260629486472,0.0185766169824891
0,0,19,Lawschool,2.45,0.7902747101049145,0.0191994846093871
0,0,20,Lawschool,0.2,0.7875828271673109,0.050318489180793
0,0,20,Lawschool,0.45,0.7876173384870238,0.0371175570075233
0,0,20,Lawschool,0.7,0.7872377139701823,0.0287366786607088
0,0,20,Lawschool,0.95,0.787548315847598,0.0242186689850794
0,0,20,Lawschool,1.2,0.7875138045278851,0.0230783303648938
0,0,20,Lawschool,1.45,0.787272225289895,0.0212601451643155
0,0,20,Lawschool,1.7,0.7870651573716179,0.0190870755080624
0,0,20,Lawschool,1.95,0.7872377139701823,0.0146106230354897
0,0,20,Lawschool,2.2,0.7872032026504694,0.01134812808948
0,0,20,Lawschool,2.45,0.7870651573716179,0.0034996461123597
0,0,21,Lawschool,0.2,0.7892393705135284,0.0565568597486458
0,0,21,Lawschool,0.45,0.7890668139149641,0.0421152906886282
0,0,21,Lawschool,0.7,0.788583655438984,0.034392274046961
0,0,21,Lawschool,0.95,0.7888252346769741,0.0316914569822533
0,0,21,Lawschool,1.2,0.7888252346769741,0.028623602406747
0,0,21,Lawschool,1.45,0.788065985643291,0.0208807261905031
0,0,21,Lawschool,1.7,0.787789895085588,0.0172970088344965
0,0,21,Lawschool,1.95,0.7876173384870238,0.0127733404876417
0,0,21,Lawschool,2.2,0.787548315847598,0.0074783452244055
0,0,21,Lawschool,2.45,0.7871341800110436,0.00154672541017
0,0,22,Lawschool,0.2,0.7904127553837659,0.0439034862914616
0,0,22,Lawschool,0.45,0.7904472667034788,0.0326665427065938
0,0,22,Lawschool,0.7,0.7900676421866372,0.0281656288257122
0,0,22,Lawschool,0.95,0.7901711761457758,0.0247604406764023
0,0,22,Lawschool,1.2,0.7900676421866372,0.0236566225897949
0,0,22,Lawschool,1.45,0.7902056874654887,0.0223184697794682
0,0,22,Lawschool,1.7,0.7899641082274986,0.0191363214140592
0,0,22,Lawschool,1.95,0.7897225289895086,0.0144867143439103
0,0,22,Lawschool,2.2,0.7896535063500828,0.0107890295863187
0,0,22,Lawschool,2.45,0.7895154610712314,0.0107340702865392
0,0,23,Lawschool,0.2,0.7900676421866372,0.0557332033260161
0,0,23,Lawschool,0.45,0.7901711761457758,0.0441418654070436
0,0,23,Lawschool,0.7,0.7893083931529542,0.0367196631612903
0,0,23,Lawschool,0.95,0.7889977912755384,0.0302556335959564
0,0,23,Lawschool,1.2,0.788583655438984,0.0256929196784619
0,0,23,Lawschool,1.45,0.7887217007178354,0.0216812153029528
0,0,23,Lawschool,1.7,0.7882730535615682,0.0169244580186273
0,0,23,Lawschool,1.95,0.7881350082827168,0.0140174705216039
0,0,23,Lawschool,2.2,0.7879969630038652,0.0113791953484938
0,0,23,Lawschool,2.45,0.788065985643291,0.0085834888776736
0,0,24,Lawschool,0.2,0.7881004969630039,0.0593512526130195
0,0,24,Lawschool,0.45,0.7876863611264495,0.0508689035041581
0,0,24,Lawschool,0.7,0.7876518498067366,0.0458090925753698
0,0,24,Lawschool,0.95,0.7873412479293208,0.0417563927888795
0,0,24,Lawschool,1.2,0.7874447818884595,0.0383509809436463
0,0,24,Lawschool,1.45,0.787272225289895,0.0375175945286015
0,0,24,Lawschool,1.7,0.7872377139701823,0.0363320060707448
0,0,24,Lawschool,1.95,0.7873067366096079,0.036250142433309
0,0,24,Lawschool,2.2,0.7873067366096079,0.0362377686867745
0,0,24,Lawschool,2.45,0.7871686913307565,0.0364957333456163
0,0,25,Lawschool,0.2,0.787272225289895,0.0608660712113328
0,0,25,Lawschool,0.45,0.7865474875759249,0.0491857345965656
0,0,25,Lawschool,0.7,0.786271397018222,0.0448716068827551
0,0,25,Lawschool,0.95,0.7858572611816675,0.039695023757954
0,0,25,Lawschool,1.2,0.7859262838210933,0.0357038541585505
0,0,25,Lawschool,1.45,0.7859953064605191,0.033075192831849
0,0,25,Lawschool,1.7,0.785753727222529,0.032543503380316
0,0,25,Lawschool,1.95,0.7858917725013804,0.0335692885073679
0,0,25,Lawschool,2.2,0.7857192159028161,0.0349652840287493
0,0,25,Lawschool,2.45,0.7858227498619548,0.0385981576062088
0,0,26,Lawschool,0.2,0.7857882385422419,0.0652666694665517
0,0,26,Lawschool,0.45,0.7859953064605191,0.0551412039439023
0,0,26,Lawschool,0.7,0.7857192159028161,0.0495913701346948
0,0,26,Lawschool,0.95,0.7858227498619548,0.0466341873924211
0,0,26,Lawschool,1.2,0.7856501932633904,0.041835433383795
0,0,26,Lawschool,1.45,0.7856847045831032,0.0380360014810845
0,0,26,Lawschool,1.7,0.7856847045831032,0.0351385152039377
0,0,26,Lawschool,1.95,0.7858572611816675,0.0322064524718141
0,0,26,Lawschool,2.2,0.7857882385422419,0.0296169049651285
0,0,26,Lawschool,2.45,0.7854086140254003,0.0254907671663854
0,0,27,Lawschool,0.2,0.7875828271673109,0.0544941602797404
0,0,27,Lawschool,0.45,0.7866855328547764,0.0412041851393359
0,0,27,Lawschool,0.7,0.7865474875759249,0.0344488383065766
0,0,27,Lawschool,0.95,0.7868926007730536,0.0316087428378201
0,0,27,Lawschool,1.2,0.7868235781336278,0.0331124835083657
0,0,27,Lawschool,1.45,0.7865819988956377,0.0346732507886889
0,0,27,Lawschool,1.7,0.7867545554942021,0.0330490307611236
0,0,27,Lawschool,1.95,0.7869616234124793,0.0287484071801384
0,0,27,Lawschool,2.2,0.7869271120927664,0.025328887295675
0,0,27,Lawschool,2.45,0.7868580894533407,0.0443091734680552
0,0,28,Lawschool,0.2,0.7898950855880729,0.0623407941587631
0,0,28,Lawschool,0.45,0.7891358365543898,0.0503801852263805
0,0,28,Lawschool,0.7,0.7891703478741027,0.0454710230018465
0,0,28,Lawschool,0.95,0.7889287686361126,0.0421989734291622
0,0,28,Lawschool,1.2,0.7888942573163997,0.039432095687943
0,0,28,Lawschool,1.45,0.7889632799558255,0.0392439223803267
0,0,28,Lawschool,1.7,0.7889977912755384,0.0393966318818471
0,0,28,Lawschool,1.95,0.788859745996687,0.0398439061092716
0,0,28,Lawschool,2.2,0.7890668139149641,0.0410916421377372
0,0,28,Lawschool,2.45,0.788859745996687,0.0415389163651618
0,0,29,Lawschool,0.2,0.7894809497515185,0.0592147717640608
0,0,29,Lawschool,0.45,0.7883765875207068,0.0486522854564125
0,0,29,Lawschool,0.7,0.7883075648812811,0.0411273423237768
0,0,29,Lawschool,0.95,0.7879624516841524,0.0376309401868692
0,0,29,Lawschool,1.2,0.7876173384870238,0.0341208697031307
0,0,29,Lawschool,1.45,0.7874447818884595,0.0321536336815378
0,0,29,Lawschool,1.7,0.7875138045278851,0.0324954520892589
0,0,29,Lawschool,1.95,0.7877553837658752,0.0347448949684785
0,0,29,Lawschool,2.2,0.7871341800110436,0.0304226613143078
0,0,29,Lawschool,2.45,0.7868580894533407,0.0237809787030147
0,0,30,Lawschool,0.2,0.788583655438984,0.0648566734212235
0,0,30,Lawschool,0.45,0.7887907233572612,0.0497986472634828
0,0,30,Lawschool,0.7,0.7890323025952513,0.0424534403536005
0,0,30,Lawschool,0.95,0.7889632799558255,0.0381553241258042
0,0,30,Lawschool,1.2,0.7887217007178354,0.035218809411048
0,0,30,Lawschool,1.45,0.7885491441192711,0.0324157304682297
0,0,30,Lawschool,1.7,0.7883075648812811,0.0307612081485562
0,0,30,Lawschool,1.95,0.7883075648812811,0.0294922403848524
0,0,30,Lawschool,2.2,0.788065985643291,0.0259993895765172
0,0,30,Lawschool,2.45,0.7879969630038652,0.0213660891898015
0,0,31,Lawschool,0.2,0.7876518498067366,0.0555952114132166
0,0,31,Lawschool,0.45,0.7883765875207068,0.0448137535205344
0,0,31,Lawschool,0.7,0.7876518498067366,0.0363371131863713
0,0,31,Lawschool,0.95,0.7876863611264495,0.0305341659481611
0,0,31,Lawschool,1.2,0.7878244064053009,0.0269583205249024
0,0,31,Lawschool,1.45,0.7875828271673109,0.0229795690019287
0,0,31,Lawschool,1.7,0.7875138045278851,0.0187253547743694
0,0,31,Lawschool,1.95,0.7869271120927664,0.0131946520344097
0,0,31,Lawschool,2.2,0.7868580894533407,0.0105187164971311
0,0,31,Lawschool,2.45,0.7864784649364992,0.007688034326419
0,0,32,Lawschool,0.2,0.7881004969630039,0.0532235887318959
0,0,32,Lawschool,0.45,0.7879624516841524,0.0397777568593608
0,0,32,Lawschool,0.7,0.787272225289895,0.0322785790017562
0,0,32,Lawschool,0.95,0.7872032026504694,0.0280706815009075
0,0,32,Lawschool,1.2,0.7871686913307565,0.0255552092526887
0,0,32,Lawschool,1.45,0.7871341800110436,0.0247794011441516
0,0,32,Lawschool,1.7,0.7871686913307565,0.0231133212372657
0,0,32,Lawschool,1.95,0.7869616234124793,0.0201863254912524
0,0,32,Lawschool,2.2,0.7867200441744893,0.0160520122231996
0,0,32,Lawschool,2.45,0.7864439536167863,0.0128960890975631
0,0,33,Lawschool,0.2,0.7954859193815571,0.0512839369870277
0,0,33,Lawschool,0.45,0.795002760905577,0.0388394363617521
0,0,33,Lawschool,0.7,0.7946576477084484,0.0350869790085439
0,0,33,Lawschool,0.95,0.794243511871894,0.0328756381689806
0,0,33,Lawschool,1.2,0.7941744892324683,0.0311225770342098
0,0,33,Lawschool,1.45,0.7941054665930425,0.0297111067189391
0,0,33,Lawschool,1.7,0.7940364439536168,0.0280290672476024
0,0,33,Lawschool,1.95,0.7939674213141911,0.0236650101034161
0,0,33,Lawschool,2.2,0.7938983986747653,0.0163602030742199
0,0,33,Lawschool,2.45,0.7937603533959139,0.0141606991785623
0,0,34,Lawschool,0.2,0.788342076200994,0.0583185780324471
0,0,34,Lawschool,0.45,0.7884110988404197,0.0479041399808502
0,0,34,Lawschool,0.7,0.7881350082827168,0.0409294038777714
0,0,34,Lawschool,0.95,0.7879279403644396,0.0365718756427455
0,0,34,Lawschool,1.2,0.7881004969630039,0.033563890127174
0,0,34,Lawschool,1.45,0.7879969630038652,0.0311404962789891
0,0,34,Lawschool,1.7,0.7879279403644396,0.0280128440149162
0,0,34,Lawschool,1.95,0.7879624516841524,0.025245623080272
0,0,34,Lawschool,2.2,0.7881004969630039,0.0231402906921634
0,0,34,Lawschool,2.45,0.787789895085588,0.0213424272967932
0,0,35,Lawschool,0.2,0.7943125345113197,0.0538351367291236
0,0,35,Lawschool,0.45,0.7937948647156268,0.039583102968098
0,0,35,Lawschool,0.7,0.7935532854776367,0.0322674769169452
0,0,35,Lawschool,0.95,0.7932426836002209,0.0276289219566772
0,0,35,Lawschool,1.2,0.7930701270016566,0.0247169546899022
0,0,35,Lawschool,1.45,0.7928630590833794,0.0218628653521359
0,0,35,Lawschool,1.7,0.7927595251242407,0.0198686854012606
0,0,35,Lawschool,1.95,0.7927250138045279,0.0167075388049093
0,0,35,Lawschool,2.2,0.7927940364439536,0.0145615224546693
0,0,35,Lawschool,2.45,0.7927250138045279,0.0135824727499054
0,0,36,Lawschool,0.2,0.787789895085588,0.0584870850088915
0,0,36,Lawschool,0.45,0.7881350082827168,0.0440062363504712
0,0,36,Lawschool,0.7,0.7876518498067366,0.0357889627032732
0,0,36,Lawschool,0.95,0.7875138045278851,0.0304941999782927
0,0,36,Lawschool,1.2,0.7873757592490337,0.0265676151981187
0,0,36,Lawschool,1.45,0.7877208724461623,0.0221389934889664
0,0,36,Lawschool,1.7,0.787272225289895,0.0182308600924857
0,0,36,Lawschool,1.95,0.7868926007730536,0.012734773342551
0,0,36,Lawschool,2.2,0.7868580894533407,0.0091105426620729
0,0,36,Lawschool,2.45,0.7864784649364992,0.0054574462459543
0,0,37,Lawschool,0.2,0.7896880176697957,0.0602992659752736
0,0,37,Lawschool,0.45,0.7895154610712314,0.0461571125265392
0,0,37,Lawschool,0.7,0.7887907233572612,0.0365800345033228
0,0,37,Lawschool,0.95,0.7883765875207068,0.0319279349682915
0,0,37,Lawschool,1.2,0.7885491441192711,0.0265588392604639
0,0,37,Lawschool,1.45,0.7882730535615682,0.0212078454357265
0,0,37,Lawschool,1.7,0.7884110988404197,0.0188925892627251
0,0,37,Lawschool,1.95,0.7885491441192711,0.0189218224170295
0,0,37,Lawschool,2.2,0.7882040309221424,0.0234284315339386
0,0,37,Lawschool,2.45,0.7883765875207068,0.0287390609331575
0,0,38,Lawschool,0.2,0.7882730535615682,0.0578752121878356
0,0,38,Lawschool,0.45,0.788065985643291,0.0458274590146711
0,0,38,Lawschool,0.7,0.7880314743235781,0.0370508583017534
0,0,38,Lawschool,0.95,0.7875138045278851,0.0312909389007619
0,0,38,Lawschool,1.2,0.7873412479293208,0.0294715023772057
0,0,38,Lawschool,1.45,0.7875828271673109,0.0278406205816595
0,0,38,Lawschool,1.7,0.787548315847598,0.0275358163495411
0,0,38,Lawschool,1.95,0.7875828271673109,0.0271367347534177
0,0,38,Lawschool,2.2,0.7875138045278851,0.0264328489251761
0,0,38,Lawschool,2.45,0.787548315847598,0.0254806864159727
0,0,39,Lawschool,0.2,0.7884456101601325,0.0508606662536817
0,0,39,Lawschool,0.45,0.7882040309221424,0.0377105236492619
0,0,39,Lawschool,0.7,0.7888252346769741,0.0303918981976729
0,0,39,Lawschool,0.95,0.7884110988404197,0.0261376839701136
0,0,39,Lawschool,1.2,0.7883765875207068,0.0223894432941225
0,0,39,Lawschool,1.45,0.7882040309221424,0.02058611440452
0,0,39,Lawschool,1.7,0.7881004969630039,0.019241564767557
0,0,39,Lawschool,1.95,0.788065985643291,0.0195587611234104
0,0,39,Lawschool,2.2,0.7882040309221424,0.021341223187379
0,0,39,Lawschool,2.45,0.7883075648812811,0.0238733333865458
0,0,40,Lawschool,0.2,0.7903437327443401,0.0398924151745423
0,0,40,Lawschool,0.45,0.7897570403092214,0.0255018806948417
0,0,40,Lawschool,0.7,0.7890323025952513,0.0190239463835794
0,0,40,Lawschool,0.95,0.7889977912755384,0.0163396507007519
0,0,40,Lawschool,1.2,0.7889977912755384,0.0153000145733965
0,0,40,Lawschool,1.45,0.7890323025952513,0.0143793166588395
0,0,40,Lawschool,1.7,0.7890668139149641,0.0105503879995086
0,0,40,Lawschool,1.95,0.7887562120375483,0.0098066348738845
0,0,40,Lawschool,2.2,0.7889287686361126,0.0112801997614823
0,0,40,Lawschool,2.45,0.7891703478741027,0.0155187834532806
0,0,41,Lawschool,0.2,0.7898950855880729,0.0455846290172601
0,0,41,Lawschool,0.45,0.7889632799558255,0.0316662688920656
0,0,41,Lawschool,0.7,0.7885491441192711,0.0219386140625554
0,0,41,Lawschool,0.95,0.787789895085588,0.0167511309841786
0,0,41,Lawschool,1.2,0.7878589177250138,0.0133491130760582
0,0,41,Lawschool,1.45,0.7877208724461623,0.0104254940627887
0,0,41,Lawschool,1.7,0.7876518498067366,0.0071497594638354
0,0,41,Lawschool,1.95,0.787548315847598,0.0035939218744759
0,0,41,Lawschool,2.2,0.7875138045278851,0.0003958383865289
0,0,41,Lawschool,2.45,0.7867545554942021,0.0074132628583677
0,0,42,Lawschool,0.2,0.7893083931529542,0.0621898761526617
0,0,42,Lawschool,0.45,0.7890668139149641,0.0544255841088565
0,0,42,Lawschool,0.7,0.7894809497515185,0.050037625885284
0,0,42,Lawschool,0.95,0.7896535063500828,0.0452969598112967
0,0,42,Lawschool,1.2,0.7892048591938156,0.0419678802325174
0,0,42,Lawschool,1.45,0.7891703478741027,0.0404974147088801
0,0,42,Lawschool,1.7,0.7891358365543898,0.039921004305111
0,0,42,Lawschool,1.95,0.7890323025952513,0.0388975663414078
0,0,42,Lawschool,2.2,0.7890668139149641,0.0364271012014068
0,0,42,Lawschool,2.45,0.7892393705135284,0.0419326283248146
0,0,43,Lawschool,0.2,0.7910684704583103,0.0588320670931066
0,0,43,Lawschool,0.45,0.7911029817780232,0.0462267607268314
0,0,43,Lawschool,0.7,0.7909649364991718,0.0402119360839116
0,0,43,Lawschool,0.95,0.7905853119823302,0.036209623121049
0,0,43,Lawschool,1.2,0.7905162893429045,0.0350910187569174
0,0,43,Lawschool,1.45,0.7904127553837659,0.035032344644994
0,0,43,Lawschool,1.7,0.7904817780231916,0.0356677604766636
0,0,43,Lawschool,1.95,0.7907923799006074,0.0384224944930942
0,0,43,Lawschool,2.2,0.7911029817780232,0.0431194397192051
0,0,43,Lawschool,2.45,0.7909649364991718,0.0458027886259481
0,0,44,Lawschool,0.2,0.7903092214246272,0.0591126387227444
0,0,44,Lawschool,0.45,0.7906888459414688,0.0463990074095824
0,0,44,Lawschool,0.7,0.7903437327443401,0.0415188741504192
0,0,44,Lawschool,0.95,0.7899986195472115,0.0391372536755198
0,0,44,Lawschool,1.2,0.7899641082274986,0.037691471484985
0,0,44,Lawschool,1.45,0.79010215350635,0.0377204291173626
0,0,44,Lawschool,1.7,0.7901366648260629,0.037862393910094
0,0,44,Lawschool,1.95,0.7900331308669244,0.03860894580415
0,0,44,Lawschool,2.2,0.7903437327443401,0.0408263523721078
0,0,44,Lawschool,2.45,0.7901711761457758,0.0425193362177065
0,0,45,Lawschool,0.2,0.7896880176697957,0.0597466460588863
0,0,45,Lawschool,0.45,0.7894119271120927,0.0449164175508848
0,0,45,Lawschool,0.7,0.7892048591938156,0.0379014772133073
0,0,45,Lawschool,0.95,0.7889977912755384,0.0341727217104688
0,0,45,Lawschool,1.2,0.7889632799558255,0.03203017591226
0,0,45,Lawschool,1.45,0.7891358365543898,0.0308214137188357
0,0,45,Lawschool,1.7,0.788859745996687,0.0286447116131051
0,0,45,Lawschool,1.95,0.7888942573163997,0.0242505053790423
0,0,45,Lawschool,2.2,0.7886526780784097,0.0178521067053233
0,0,45,Lawschool,2.45,0.7882040309221424,0.0089354428506552
0,0,46,Lawschool,0.2,0.7887562120375483,0.0611361248003206
0,0,46,Lawschool,0.45,0.7884801214798454,0.0484870590235039
0,0,46,Lawschool,0.7,0.788065985643291,0.0449772110277873
0,0,46,Lawschool,0.95,0.7879969630038652,0.0439302276486485
0,0,46,Lawschool,1.2,0.7881695196024296,0.0442485859237476
0,0,46,Lawschool,1.45,0.7884456101601325,0.0455025368398688
0,0,46,Lawschool,1.7,0.7883075648812811,0.0463815170505764
0,0,46,Lawschool,1.95,0.7883075648812811,0.0454733135634556
0,0,46,Lawschool,2.2,0.7879624516841524,0.0407192557437555
0,0,46,Lawschool,2.45,0.788342076200994,0.0313359401796342
0,0,47,Lawschool,0.2,0.7856156819436775,0.0663231775017056
0,0,47,Lawschool,0.45,0.7863059083379348,0.0537545853759515
0,0,47,Lawschool,0.7,0.786271397018222,0.0478378280512475
0,0,47,Lawschool,0.95,0.7861333517393705,0.0446706005487036
0,0,47,Lawschool,1.2,0.7862368856985091,0.0440139131189674
0,0,47,Lawschool,1.45,0.7861333517393705,0.0443186863817542
0,0,47,Lawschool,1.7,0.7860988404196576,0.0441520506029156
0,0,47,Lawschool,1.95,0.786029817780232,0.043014632826918
0,0,47,Lawschool,2.2,0.7856501932633904,0.0350746362327466
0,0,47,Lawschool,2.45,0.7849254555494202,0.0217616453260103
0,0,48,Lawschool,0.2,0.7879624516841524,0.0435127981378898
0,0,48,Lawschool,0.45,0.7876863611264495,0.0294528406661339
0,0,48,Lawschool,0.7,0.7874792932081722,0.0186733432269224
0,0,48,Lawschool,0.95,0.7868926007730536,0.0134507181236492
0,0,48,Lawschool,1.2,0.7871341800110436,0.010519548867816
0,0,48,Lawschool,1.45,0.787030646051905,0.010366259507423
0,0,48,Lawschool,1.7,0.787272225289895,0.0143348044726246
0,0,48,Lawschool,1.95,0.7876173384870238,0.0188762133996861
0,0,48,Lawschool,2.2,0.7879969630038652,0.0288039366681307
0,0,48,Lawschool,2.45,0.7874792932081722,0.0349832537782997
0,0,49,Lawschool,0.2,0.787548315847598,0.0536032022365075
0,0,49,Lawschool,0.45,0.7877208724461623,0.0414444960702319
0,0,49,Lawschool,0.7,0.7873757592490337,0.0342166244184747
0,0,49,Lawschool,0.95,0.7876518498067366,0.0303948784604798
0,0,49,Lawschool,1.2,0.787272225289895,0.0282076278081324
0,0,49,Lawschool,1.45,0.787272225289895,0.0247510199360493
0,0,49,Lawschool,1.7,0.7873067366096079,0.0216126458346811
0,0,49,Lawschool,1.95,0.7871686913307565,0.0211839884253677
0,0,49,Lawschool,2.2,0.787272225289895,0.0234448548367808
0,0,49,Lawschool,2.45,0.7875828271673109,0.0272297929152428
