,Unnamed: 0,seed,dataset,level,acc,disparity
0,0,0,COMPAS,0.05,0.6565656565656566,0.2962407254462971
0,0,0,COMPAS,0.15,0.6584595959595959,0.2795854630005434
0,0,0,COMPAS,0.25,0.6527777777777778,0.3125
0,0,0,COMPAS,0.35,0.6559343434343434,0.2723807596303043
0,0,0,COMPAS,0.45,0.6559343434343434,0.2820623630743375
0,0,0,COMPAS,0.55,0.6641414141414141,0.2013991383355373
0,0,0,COMPAS,0.65,0.6603535353535354,0.2607590724858527
0,0,0,COMPAS,0.75,0.6559343434343434,0.2313988095238095
0,0,0,COMPAS,0.8500000000000001,0.6603535353535354,0.3394792714269751
0,0,0,COMPAS,0.95,0.6521464646464646,0.1501089324618736
0,0,1,COMPAS,0.05,0.6691919191919192,0.2039248467478703
0,0,1,COMPAS,0.15,0.6654040404040404,0.2184941924191314
0,0,1,COMPAS,0.25,0.6679292929292929,0.2608356354669039
0,0,1,COMPAS,0.35,0.6685606060606061,0.2344557983926688
0,0,1,COMPAS,0.45,0.6672979797979798,0.2044454225352112
0,0,1,COMPAS,0.55,0.6704545454545454,0.181344834955606
0,0,1,COMPAS,0.65,0.6641414141414141,0.1504579429413622
0,0,1,COMPAS,0.75,0.6603535353535354,0.1461150296125631
0,0,1,COMPAS,0.8500000000000001,0.6660353535353535,0.2134943157680085
0,0,1,COMPAS,0.95,0.6704545454545454,0.10595160235448
0,0,2,COMPAS,0.05,0.672979797979798,0.2560800406196156
0,0,2,COMPAS,0.15,0.678030303030303,0.2622941922703807
0,0,2,COMPAS,0.25,0.6761363636363636,0.2141165200274806
0,0,2,COMPAS,0.35,0.6767676767676768,0.2530099855290024
0,0,2,COMPAS,0.45,0.6755050505050505,0.2035890721360941
0,0,2,COMPAS,0.55,0.6792929292929293,0.1885521885521885
0,0,2,COMPAS,0.65,0.6830808080808081,0.2403129630035106
0,0,2,COMPAS,0.75,0.6856060606060606,0.2353442661772541
0,0,2,COMPAS,0.8500000000000001,0.6843434343434344,0.1285511363636363
0,0,2,COMPAS,0.95,0.6792929292929293,0.0755142293603832
0,0,3,COMPAS,0.05,0.678030303030303,0.2265438525962022
0,0,3,COMPAS,0.15,0.6792929292929293,0.2418395383981316
0,0,3,COMPAS,0.25,0.6704545454545454,0.1906176739310578
0,0,3,COMPAS,0.35,0.6691919191919192,0.1660390226268627
0,0,3,COMPAS,0.45,0.6666666666666666,0.1700727883538634
0,0,3,COMPAS,0.55,0.6704545454545454,0.2120790474848527
0,0,3,COMPAS,0.65,0.6672979797979798,0.0925756711873099
0,0,3,COMPAS,0.75,0.6691919191919192,0.1521776652666704
0,0,3,COMPAS,0.8500000000000001,0.663510101010101,0.0598824931524034
0,0,3,COMPAS,0.95,0.6584595959595959,0.283590183938175
0,0,4,COMPAS,0.05,0.6824494949494949,0.2120392987394361
0,0,4,COMPAS,0.15,0.6824494949494949,0.2112003562902314
0,0,4,COMPAS,0.25,0.6837121212121212,0.2121212121212121
0,0,4,COMPAS,0.35,0.6767676767676768,0.1711662075298439
0,0,4,COMPAS,0.45,0.6824494949494949,0.1416007036059806
0,0,4,COMPAS,0.55,0.6736111111111112,0.0902838491577781
0,0,4,COMPAS,0.65,0.6710858585858586,0.0649584298759711
0,0,4,COMPAS,0.75,0.6647727272727273,0.0917897303888362
0,0,4,COMPAS,0.8500000000000001,0.6660353535353535,0.0283298097251585
0,0,4,COMPAS,0.95,0.6672979797979798,0.0204284195067604
0,0,5,COMPAS,0.05,0.6691919191919192,0.2566737288135594
0,0,5,COMPAS,0.15,0.6698232323232324,0.2245400386821102
0,0,5,COMPAS,0.25,0.6685606060606061,0.245638654233204
0,0,5,COMPAS,0.35,0.6672979797979798,0.1754053400016132
0,0,5,COMPAS,0.45,0.6742424242424242,0.2065315441478994
0,0,5,COMPAS,0.55,0.6609848484848485,0.1314527027027027
0,0,5,COMPAS,0.65,0.6647727272727273,0.1275631247932724
0,0,5,COMPAS,0.75,0.6641414141414141,0.1660574506176345
0,0,5,COMPAS,0.8500000000000001,0.6654040404040404,0.1438852530997135
0,0,5,COMPAS,0.95,0.663510101010101,0.0492125984251968
0,0,6,COMPAS,0.05,0.67739898989899,0.2652093579327771
0,0,6,COMPAS,0.15,0.6799242424242424,0.2746600228381605
0,0,6,COMPAS,0.25,0.6799242424242424,0.2575632809423221
0,0,6,COMPAS,0.35,0.6736111111111112,0.2452306916547608
0,0,6,COMPAS,0.45,0.6710858585858586,0.2022945418314902
0,0,6,COMPAS,0.55,0.6818181818181818,0.1725260545905707
0,0,6,COMPAS,0.65,0.6824494949494949,0.2130663529202832
0,0,6,COMPAS,0.75,0.6672979797979798,0.2193940012242399
0,0,6,COMPAS,0.8500000000000001,0.6723484848484849,0.1064039226741472
0,0,6,COMPAS,0.95,0.6805555555555556,0.1377658291110881
0,0,7,COMPAS,0.05,0.6811868686868687,0.2592592592592593
0,0,7,COMPAS,0.15,0.678030303030303,0.2554647794726343
0,0,7,COMPAS,0.25,0.6805555555555556,0.2456165359942979
0,0,7,COMPAS,0.35,0.6786616161616161,0.2664302281027472
0,0,7,COMPAS,0.45,0.6856060606060606,0.2429863411077586
0,0,7,COMPAS,0.55,0.6856060606060606,0.2197262360444805
0,0,7,COMPAS,0.65,0.6862373737373737,0.192491015698884
0,0,7,COMPAS,0.75,0.6868686868686869,0.2296224796224796
0,0,7,COMPAS,0.8500000000000001,0.6818181818181818,0.1649515738498789
0,0,7,COMPAS,0.95,0.6805555555555556,0.302755905511811
0,0,8,COMPAS,0.05,0.6824494949494949,0.2630759465884359
0,0,8,COMPAS,0.15,0.6805555555555556,0.2613560267857143
0,0,8,COMPAS,0.25,0.6742424242424242,0.2399137126865671
0,0,8,COMPAS,0.35,0.6767676767676768,0.2239454094292804
0,0,8,COMPAS,0.45,0.6755050505050505,0.1816750150270487
0,0,8,COMPAS,0.55,0.6723484848484849,0.136628743179548
0,0,8,COMPAS,0.65,0.6736111111111112,0.172229290482249
0,0,8,COMPAS,0.75,0.6641414141414141,0.0863268365817091
0,0,8,COMPAS,0.8500000000000001,0.6685606060606061,0.0531214829526646
0,0,8,COMPAS,0.95,0.6660353535353535,0.0053223538863225
0,0,9,COMPAS,0.05,0.678030303030303,0.2942174015245643
0,0,9,COMPAS,0.15,0.67739898989899,0.2707014707014707
0,0,9,COMPAS,0.25,0.678030303030303,0.2616974502810985
0,0,9,COMPAS,0.35,0.6805555555555556,0.2613406795224976
0,0,9,COMPAS,0.45,0.6767676767676768,0.2850403034613561
0,0,9,COMPAS,0.55,0.672979797979798,0.2494476772326854
0,0,9,COMPAS,0.65,0.6761363636363636,0.248747604353971
0,0,9,COMPAS,0.75,0.6792929292929293,0.2277618364418938
0,0,9,COMPAS,0.8500000000000001,0.672979797979798,0.2024811626473687
0,0,9,COMPAS,0.95,0.6710858585858586,0.1452976002169295
0,0,10,COMPAS,0.05,0.6723484848484849,0.2487386681139319
0,0,10,COMPAS,0.15,0.678030303030303,0.2180059523809523
0,0,10,COMPAS,0.25,0.6698232323232324,0.2245849297573435
0,0,10,COMPAS,0.35,0.6755050505050505,0.2253877388005059
0,0,10,COMPAS,0.45,0.672979797979798,0.1739905890244744
0,0,10,COMPAS,0.55,0.678030303030303,0.1974221418911556
0,0,10,COMPAS,0.65,0.6717171717171717,0.1779241155965713
0,0,10,COMPAS,0.75,0.6679292929292929,0.2212303611507856
0,0,10,COMPAS,0.8500000000000001,0.6792929292929293,0.1159763313609467
0,0,10,COMPAS,0.95,0.672979797979798,0.0389636473187386
0,0,11,COMPAS,0.05,0.6691919191919192,0.2541036637830411
0,0,11,COMPAS,0.15,0.6660353535353535,0.2313347030328162
0,0,11,COMPAS,0.25,0.6691919191919192,0.2099470751112824
0,0,11,COMPAS,0.35,0.6660353535353535,0.1839921265502236
0,0,11,COMPAS,0.45,0.6717171717171717,0.2614675379103138
0,0,11,COMPAS,0.55,0.6691919191919192,0.1568351257891564
0,0,11,COMPAS,0.65,0.672979797979798,0.141025641025641
0,0,11,COMPAS,0.75,0.6660353535353535,0.1406163981769775
0,0,11,COMPAS,0.8500000000000001,0.663510101010101,0.1642786599990594
0,0,11,COMPAS,0.95,0.6685606060606061,0.1263916175507531
0,0,12,COMPAS,0.05,0.6685606060606061,0.2711183349135401
0,0,12,COMPAS,0.15,0.6666666666666666,0.2594999313092457
0,0,12,COMPAS,0.25,0.6660353535353535,0.2454653237940464
0,0,12,COMPAS,0.35,0.6698232323232324,0.2192270458075036
0,0,12,COMPAS,0.45,0.6704545454545454,0.2204875203921599
0,0,12,COMPAS,0.55,0.6685606060606061,0.1818289504856669
0,0,12,COMPAS,0.65,0.6704545454545454,0.2147971843824378
0,0,12,COMPAS,0.75,0.6755050505050505,0.1299748667384759
0,0,12,COMPAS,0.8500000000000001,0.672979797979798,0.1211365019881445
0,0,12,COMPAS,0.95,0.6698232323232324,0.0886513157894736
0,0,13,COMPAS,0.05,0.6672979797979798,0.2177223952924887
0,0,13,COMPAS,0.15,0.6654040404040404,0.2026063437423161
0,0,13,COMPAS,0.25,0.6666666666666666,0.1638670848790739
0,0,13,COMPAS,0.35,0.6679292929292929,0.2339919435014102
0,0,13,COMPAS,0.45,0.6672979797979798,0.2104707984414354
0,0,13,COMPAS,0.55,0.6742424242424242,0.17003367003367
0,0,13,COMPAS,0.65,0.6672979797979798,0.1909090909090909
0,0,13,COMPAS,0.75,0.6685606060606061,0.1621750059028701
0,0,13,COMPAS,0.8500000000000001,0.6654040404040404,0.1134318103744417
0,0,13,COMPAS,0.95,0.6654040404040404,0.1577342047930283
0,0,14,COMPAS,0.05,0.6849747474747475,0.2995121951219512
0,0,14,COMPAS,0.15,0.6792929292929293,0.2551759411157869
0,0,14,COMPAS,0.25,0.6805555555555556,0.2879130714976191
0,0,14,COMPAS,0.35,0.6755050505050505,0.2267151815151039
0,0,14,COMPAS,0.45,0.6736111111111112,0.2352563072473083
0,0,14,COMPAS,0.55,0.6685606060606061,0.1599183643718794
0,0,14,COMPAS,0.65,0.6590909090909091,0.1188952849561635
0,0,14,COMPAS,0.75,0.6666666666666666,0.1298604525132096
0,0,14,COMPAS,0.8500000000000001,0.663510101010101,0.0494616011876137
0,0,14,COMPAS,0.95,0.6647727272727273,0.0039029989955517
0,0,15,COMPAS,0.05,0.7001262626262627,0.2874177267987487
0,0,15,COMPAS,0.15,0.7001262626262627,0.2694206537015459
0,0,15,COMPAS,0.25,0.6988636363636364,0.2572851788180255
0,0,15,COMPAS,0.35,0.6950757575757576,0.2766755069891722
0,0,15,COMPAS,0.45,0.6982323232323232,0.2548337438423645
0,0,15,COMPAS,0.55,0.7045454545454546,0.2872629635844941
0,0,15,COMPAS,0.65,0.7039141414141414,0.2543111744101004
0,0,15,COMPAS,0.75,0.696969696969697,0.2312572021860417
0,0,15,COMPAS,0.8500000000000001,0.6950757575757576,0.2634145240298878
0,0,15,COMPAS,0.95,0.7001262626262627,0.1236968160045083
0,0,16,COMPAS,0.05,0.6893939393939394,0.2458686440677966
0,0,16,COMPAS,0.15,0.6830808080808081,0.2354840948368521
0,0,16,COMPAS,0.25,0.6881313131313131,0.2237741848146785
0,0,16,COMPAS,0.35,0.6862373737373737,0.2045335772145283
0,0,16,COMPAS,0.45,0.6881313131313131,0.2160497968901865
0,0,16,COMPAS,0.55,0.6862373737373737,0.2258608144387665
0,0,16,COMPAS,0.65,0.6792929292929293,0.2006178840711214
0,0,16,COMPAS,0.75,0.6919191919191919,0.1619476619476619
0,0,16,COMPAS,0.8500000000000001,0.6856060606060606,0.1442523239955479
0,0,16,COMPAS,0.95,0.6843434343434344,0.1237850230885977
0,0,17,COMPAS,0.05,0.6748737373737373,0.249060282618746
0,0,17,COMPAS,0.15,0.6717171717171717,0.230309441946575
0,0,17,COMPAS,0.25,0.6717171717171717,0.2075310470548023
0,0,17,COMPAS,0.35,0.6723484848484849,0.2693532295470754
0,0,17,COMPAS,0.45,0.6786616161616161,0.1997428892816969
0,0,17,COMPAS,0.55,0.6875,0.2139583333333333
0,0,17,COMPAS,0.65,0.6761363636363636,0.1453269461077844
0,0,17,COMPAS,0.75,0.6786616161616161,0.1841285014323875
0,0,17,COMPAS,0.8500000000000001,0.6742424242424242,0.0845084707085476
0,0,17,COMPAS,0.95,0.6710858585858586,0.1568607176093475
0,0,18,COMPAS,0.05,0.6590909090909091,0.2596077526847436
0,0,18,COMPAS,0.15,0.6628787878787878,0.2452291805842538
0,0,18,COMPAS,0.25,0.6647727272727273,0.2195272420287031
0,0,18,COMPAS,0.35,0.6628787878787878,0.2550927728039445
0,0,18,COMPAS,0.45,0.6698232323232324,0.2209352363193
0,0,18,COMPAS,0.55,0.6660353535353535,0.0457452677309243
0,0,18,COMPAS,0.65,0.6679292929292929,0.1688633835674419
0,0,18,COMPAS,0.75,0.6755050505050505,0.162850562254437
0,0,18,COMPAS,0.8500000000000001,0.6698232323232324,0.1859158667669306
0,0,18,COMPAS,0.95,0.663510101010101,0.1240710986141795
0,0,19,COMPAS,0.05,0.672979797979798,0.2612758310871518
0,0,19,COMPAS,0.15,0.6710858585858586,0.2549470612826441
0,0,19,COMPAS,0.25,0.6710858585858586,0.2606771460145506
0,0,19,COMPAS,0.35,0.6616161616161617,0.2139726457523341
0,0,19,COMPAS,0.45,0.6685606060606061,0.1849927690058422
0,0,19,COMPAS,0.55,0.6527777777777778,0.1772966459643253
0,0,19,COMPAS,0.65,0.6603535353535354,0.1724796861187469
0,0,19,COMPAS,0.75,0.663510101010101,0.1892964392964393
0,0,19,COMPAS,0.8500000000000001,0.6546717171717171,0.0582663692749549
0,0,19,COMPAS,0.95,0.6578282828282829,0.0506765120609668
0,0,20,COMPAS,0.05,0.6811868686868687,0.2787864787864788
0,0,20,COMPAS,0.15,0.6792929292929293,0.2785142947651857
0,0,20,COMPAS,0.25,0.6761363636363636,0.2357913898308736
0,0,20,COMPAS,0.35,0.678030303030303,0.2749142978491036
0,0,20,COMPAS,0.45,0.6792929292929293,0.21920576916858
0,0,20,COMPAS,0.55,0.67739898989899,0.1358519969722605
0,0,20,COMPAS,0.65,0.6761363636363636,0.2268771051298101
0,0,20,COMPAS,0.75,0.6717171717171717,0.1977226270628587
0,0,20,COMPAS,0.8500000000000001,0.6786616161616161,0.2358962337865291
0,0,20,COMPAS,0.95,0.6792929292929293,0.0752114245201802
0,0,21,COMPAS,0.05,0.6818181818181818,0.2480535556397625
0,0,21,COMPAS,0.15,0.6893939393939394,0.2452150070104404
0,0,21,COMPAS,0.25,0.6893939393939394,0.2325516927647899
0,0,21,COMPAS,0.35,0.6786616161616161,0.2404797047970479
0,0,21,COMPAS,0.45,0.6717171717171717,0.1496992612834872
0,0,21,COMPAS,0.55,0.6786616161616161,0.2068435816376508
0,0,21,COMPAS,0.65,0.6837121212121212,0.1512345679012345
0,0,21,COMPAS,0.75,0.6799242424242424,0.1838042367497997
0,0,21,COMPAS,0.8500000000000001,0.6843434343434344,0.1303116147308782
0,0,21,COMPAS,0.95,0.6881313131313131,0.1838070306656694
0,0,22,COMPAS,0.05,0.6818181818181818,0.2422124564227445
0,0,22,COMPAS,0.15,0.6767676767676768,0.2205447680047918
0,0,22,COMPAS,0.25,0.6805555555555556,0.2289140684304726
0,0,22,COMPAS,0.35,0.6786616161616161,0.2281002612215597
0,0,22,COMPAS,0.45,0.6792929292929293,0.1985731550426884
0,0,22,COMPAS,0.55,0.6786616161616161,0.1796289137997681
0,0,22,COMPAS,0.65,0.67739898989899,0.1926425598074126
0,0,22,COMPAS,0.75,0.6723484848484849,0.1542655852228998
0,0,22,COMPAS,0.8500000000000001,0.6761363636363636,0.0644557251541882
0,0,22,COMPAS,0.95,0.6786616161616161,0.0327094750629028
0,0,23,COMPAS,0.05,0.6837121212121212,0.3198380499179059
0,0,23,COMPAS,0.15,0.6862373737373737,0.318602877070619
0,0,23,COMPAS,0.25,0.6856060606060606,0.2791949162220234
0,0,23,COMPAS,0.35,0.6818181818181818,0.3266209962346774
0,0,23,COMPAS,0.45,0.6912878787878788,0.2531194295900179
0,0,23,COMPAS,0.55,0.6893939393939394,0.2416118748968299
0,0,23,COMPAS,0.65,0.6887626262626263,0.2272539023238353
0,0,23,COMPAS,0.75,0.6893939393939394,0.1957224833523438
0,0,23,COMPAS,0.8500000000000001,0.6837121212121212,0.226661835430529
0,0,23,COMPAS,0.95,0.6875,0.1841705865257311
0,0,24,COMPAS,0.05,0.6710858585858586,0.3117999401018269
0,0,24,COMPAS,0.15,0.6710858585858586,0.2965274689322721
0,0,24,COMPAS,0.25,0.6691919191919192,0.2934491873091487
0,0,24,COMPAS,0.35,0.6786616161616161,0.2474436880339928
0,0,24,COMPAS,0.45,0.6717171717171717,0.2209345902159186
0,0,24,COMPAS,0.55,0.6704545454545454,0.1874908177279066
0,0,24,COMPAS,0.65,0.6792929292929293,0.2426573341890795
0,0,24,COMPAS,0.75,0.6748737373737373,0.1725701774962859
0,0,24,COMPAS,0.8500000000000001,0.6755050505050505,0.1281450226597906
0,0,24,COMPAS,0.95,0.6761363636363636,0.1477411477411477
0,0,25,COMPAS,0.05,0.6603535353535354,0.2727899754743988
0,0,25,COMPAS,0.15,0.6616161616161617,0.267226687825577
0,0,25,COMPAS,0.25,0.6553030303030303,0.2976360314250624
0,0,25,COMPAS,0.35,0.6628787878787878,0.2399456169151703
0,0,25,COMPAS,0.45,0.6654040404040404,0.2196180555555555
0,0,25,COMPAS,0.55,0.6609848484848485,0.2405153714141353
0,0,25,COMPAS,0.65,0.6666666666666666,0.2412193861129263
0,0,25,COMPAS,0.75,0.6654040404040404,0.2123460132665493
0,0,25,COMPAS,0.8500000000000001,0.6654040404040404,0.0540982881408413
0,0,25,COMPAS,0.95,0.6616161616161617,0.2172661870503597
0,0,26,COMPAS,0.05,0.678030303030303,0.2714229471596374
0,0,26,COMPAS,0.15,0.6799242424242424,0.3001962663745492
0,0,26,COMPAS,0.25,0.678030303030303,0.2710471422611598
0,0,26,COMPAS,0.35,0.6799242424242424,0.276061776061776
0,0,26,COMPAS,0.45,0.6824494949494949,0.2506136910034164
0,0,26,COMPAS,0.55,0.6811868686868687,0.1919074342936023
0,0,26,COMPAS,0.65,0.6875,0.1805114638447971
0,0,26,COMPAS,0.75,0.6837121212121212,0.1843007533320456
0,0,26,COMPAS,0.8500000000000001,0.6786616161616161,0.1226915404861568
0,0,26,COMPAS,0.95,0.6792929292929293,0.2673053442284211
0,0,27,COMPAS,0.05,0.6957070707070707,0.2774336245688669
0,0,27,COMPAS,0.15,0.6944444444444444,0.2743517042271728
0,0,27,COMPAS,0.25,0.6944444444444444,0.244230903115589
0,0,27,COMPAS,0.35,0.6925505050505051,0.2276667489722793
0,0,27,COMPAS,0.45,0.6875,0.2217362303955422
0,0,27,COMPAS,0.55,0.6906565656565656,0.1788424549746459
0,0,27,COMPAS,0.65,0.6875,0.1486983780836854
0,0,27,COMPAS,0.75,0.6906565656565656,0.1290434782608696
0,0,27,COMPAS,0.8500000000000001,0.6862373737373737,0.1564309243900648
0,0,27,COMPAS,0.95,0.6868686868686869,0.3211558766323979
0,0,28,COMPAS,0.05,0.6811868686868687,0.2660835209723187
0,0,28,COMPAS,0.15,0.6811868686868687,0.2607260273972603
0,0,28,COMPAS,0.25,0.6786616161616161,0.2680995475113121
0,0,28,COMPAS,0.35,0.6830808080808081,0.2421602787456445
0,0,28,COMPAS,0.45,0.6792929292929293,0.2263157894736842
0,0,28,COMPAS,0.55,0.6767676767676768,0.1488413528510767
0,0,28,COMPAS,0.65,0.6875,0.2383963246582906
0,0,28,COMPAS,0.75,0.6862373737373737,0.2467112394035164
0,0,28,COMPAS,0.8500000000000001,0.6824494949494949,0.1842493988320165
0,0,28,COMPAS,0.95,0.6786616161616161,0.06292071802543
0,0,29,COMPAS,0.05,0.6723484848484849,0.2637123657606486
0,0,29,COMPAS,0.15,0.6755050505050505,0.237100514656211
0,0,29,COMPAS,0.25,0.6792929292929293,0.2253062929695659
0,0,29,COMPAS,0.35,0.678030303030303,0.236934183887849
0,0,29,COMPAS,0.45,0.6792929292929293,0.1743978421471593
0,0,29,COMPAS,0.55,0.6691919191919192,0.0997613958663388
0,0,29,COMPAS,0.65,0.6736111111111112,0.0733852048135834
0,0,29,COMPAS,0.75,0.6755050505050505,0.0720648891984698
0,0,29,COMPAS,0.8500000000000001,0.6698232323232324,0.0474900586970026
0,0,29,COMPAS,0.95,0.6742424242424242,0.085088748479597
0,0,30,COMPAS,0.05,0.696969696969697,0.3345872143937584
0,0,30,COMPAS,0.15,0.6950757575757576,0.3051001806077696
0,0,30,COMPAS,0.25,0.6982323232323232,0.3422234974666182
0,0,30,COMPAS,0.35,0.6963383838383839,0.3407445811481784
0,0,30,COMPAS,0.45,0.7013888888888888,0.274880154706731
0,0,30,COMPAS,0.55,0.6900252525252525,0.2796929060282345
0,0,30,COMPAS,0.65,0.6925505050505051,0.2525958731615719
0,0,30,COMPAS,0.75,0.6893939393939394,0.2264724136804625
0,0,30,COMPAS,0.8500000000000001,0.6893939393939394,0.2367836965294592
0,0,30,COMPAS,0.95,0.6881313131313131,0.2038232842456238
0,0,31,COMPAS,0.05,0.6792929292929293,0.2522178194023863
0,0,31,COMPAS,0.15,0.678030303030303,0.281351689612015
0,0,31,COMPAS,0.25,0.67739898989899,0.2157998937659954
0,0,31,COMPAS,0.35,0.6723484848484849,0.1947873517283463
0,0,31,COMPAS,0.45,0.6742424242424242,0.1988677988677988
0,0,31,COMPAS,0.55,0.6805555555555556,0.1791933014436842
0,0,31,COMPAS,0.65,0.6786616161616161,0.1860605004136969
0,0,31,COMPAS,0.75,0.6742424242424242,0.0352181997156293
0,0,31,COMPAS,0.8500000000000001,0.6691919191919192,0.0862579281183932
0,0,31,COMPAS,0.95,0.6679292929292929,0.0100651890482398
0,0,32,COMPAS,0.05,0.6856060606060606,0.2149837133550488
0,0,32,COMPAS,0.15,0.6843434343434344,0.2016551900598696
0,0,32,COMPAS,0.25,0.6856060606060606,0.2142330207354806
0,0,32,COMPAS,0.35,0.6792929292929293,0.1426258254672984
0,0,32,COMPAS,0.45,0.6792929292929293,0.150016915184692
0,0,32,COMPAS,0.55,0.678030303030303,0.108248904530843
0,0,32,COMPAS,0.65,0.6818181818181818,0.1566548736444367
0,0,32,COMPAS,0.75,0.6761363636363636,0.1739268515203658
0,0,32,COMPAS,0.8500000000000001,0.6811868686868687,0.1418376668865192
0,0,32,COMPAS,0.95,0.6805555555555556,0.2182958956648018
0,0,33,COMPAS,0.05,0.6685606060606061,0.2975282726118666
0,0,33,COMPAS,0.15,0.6666666666666666,0.268542199488491
0,0,33,COMPAS,0.25,0.6736111111111112,0.2606589147286822
0,0,33,COMPAS,0.35,0.663510101010101,0.2512782282992108
0,0,33,COMPAS,0.45,0.6691919191919192,0.2689075630252101
0,0,33,COMPAS,0.55,0.6654040404040404,0.2218670327920715
0,0,33,COMPAS,0.65,0.6704545454545454,0.1649780170063687
0,0,33,COMPAS,0.75,0.6641414141414141,0.1402742272832907
0,0,33,COMPAS,0.8500000000000001,0.672979797979798,0.1852400366087029
0,0,33,COMPAS,0.95,0.6685606060606061,0.1224409448818897
0,0,34,COMPAS,0.05,0.6875,0.2274637176810249
0,0,34,COMPAS,0.15,0.6862373737373737,0.2159874967991452
0,0,34,COMPAS,0.25,0.6875,0.1808112607341234
0,0,34,COMPAS,0.35,0.6868686868686869,0.1748800866470679
0,0,34,COMPAS,0.45,0.6912878787878788,0.1628987996341031
0,0,34,COMPAS,0.55,0.6881313131313131,0.1321731314602736
0,0,34,COMPAS,0.65,0.6837121212121212,0.0551398026315789
0,0,34,COMPAS,0.75,0.6862373737373737,0.1160714285714285
0,0,34,COMPAS,0.8500000000000001,0.6786616161616161,0.0949511854951185
0,0,34,COMPAS,0.95,0.6837121212121212,0.105214688615172
0,0,35,COMPAS,0.05,0.6546717171717171,0.228736480698651
0,0,35,COMPAS,0.15,0.6527777777777778,0.218700498026603
0,0,35,COMPAS,0.25,0.6553030303030303,0.2408234067039376
0,0,35,COMPAS,0.35,0.6609848484848485,0.2253694581280788
0,0,35,COMPAS,0.45,0.6571969696969697,0.2221158566519391
0,0,35,COMPAS,0.55,0.6553030303030303,0.2284147769615671
0,0,35,COMPAS,0.65,0.6521464646464646,0.234241820003926
0,0,35,COMPAS,0.75,0.6553030303030303,0.1995511120179555
0,0,35,COMPAS,0.8500000000000001,0.6534090909090909,0.228840383113413
0,0,35,COMPAS,0.95,0.6571969696969697,0.2312651087832393
0,0,36,COMPAS,0.05,0.6761363636363636,0.248679551675358
0,0,36,COMPAS,0.15,0.6837121212121212,0.2300276233673226
0,0,36,COMPAS,0.25,0.6830808080808081,0.2081292013216361
0,0,36,COMPAS,0.35,0.6799242424242424,0.2261674190483905
0,0,36,COMPAS,0.45,0.6799242424242424,0.2129992534527808
0,0,36,COMPAS,0.55,0.6843434343434344,0.2076712845160682
0,0,36,COMPAS,0.65,0.6824494949494949,0.1769982585208089
0,0,36,COMPAS,0.75,0.6799242424242424,0.2434415073607452
0,0,36,COMPAS,0.8500000000000001,0.6811868686868687,0.255839917554105
0,0,36,COMPAS,0.95,0.6881313131313131,0.1245230339692879
0,0,37,COMPAS,0.05,0.6767676767676768,0.223669357766673
0,0,37,COMPAS,0.15,0.6761363636363636,0.2319029598594404
0,0,37,COMPAS,0.25,0.6698232323232324,0.1701634801108529
0,0,37,COMPAS,0.35,0.6786616161616161,0.1579348488807594
0,0,37,COMPAS,0.45,0.6748737373737373,0.1686803860329889
0,0,37,COMPAS,0.55,0.672979797979798,0.1543046190367957
0,0,37,COMPAS,0.65,0.6742424242424242,0.1261521355350298
0,0,37,COMPAS,0.75,0.6799242424242424,0.10650201389811
0,0,37,COMPAS,0.8500000000000001,0.6786616161616161,0.0358667698162126
0,0,37,COMPAS,0.95,0.6843434343434344,0.1979002624671916
0,0,38,COMPAS,0.05,0.6616161616161617,0.2765643447461629
0,0,38,COMPAS,0.15,0.6597222222222222,0.2520309878800445
0,0,38,COMPAS,0.25,0.6622474747474747,0.2503465138925416
0,0,38,COMPAS,0.35,0.6502525252525253,0.1831838602623993
0,0,38,COMPAS,0.45,0.6546717171717171,0.1823394043519036
0,0,38,COMPAS,0.55,0.6559343434343434,0.1731166797858261
0,0,38,COMPAS,0.65,0.6578282828282829,0.1951751397028758
0,0,38,COMPAS,0.75,0.6571969696969697,0.1768748404972839
0,0,38,COMPAS,0.8500000000000001,0.6546717171717171,0.0670815062048396
0,0,38,COMPAS,0.95,0.6527777777777778,0.1640233398166157
0,0,39,COMPAS,0.05,0.6856060606060606,0.2802951198295787
0,0,39,COMPAS,0.15,0.6875,0.3059883458037215
0,0,39,COMPAS,0.25,0.6837121212121212,0.3024828791252149
0,0,39,COMPAS,0.35,0.6849747474747475,0.2375811530895893
0,0,39,COMPAS,0.45,0.6862373737373737,0.2197154878781807
0,0,39,COMPAS,0.55,0.6868686868686869,0.2341162223850627
0,0,39,COMPAS,0.65,0.6938131313131313,0.2028892246049122
0,0,39,COMPAS,0.75,0.6862373737373737,0.1408015024718976
0,0,39,COMPAS,0.8500000000000001,0.6950757575757576,0.1706134537589099
0,0,39,COMPAS,0.95,0.6912878787878788,0.1049128905090924
0,0,40,COMPAS,0.05,0.6698232323232324,0.270798503303877
0,0,40,COMPAS,0.15,0.6748737373737373,0.2753055913931468
0,0,40,COMPAS,0.25,0.672979797979798,0.2606696916387643
0,0,40,COMPAS,0.35,0.6691919191919192,0.2186675839926614
0,0,40,COMPAS,0.45,0.6710858585858586,0.2033360904328646
0,0,40,COMPAS,0.55,0.6723484848484849,0.1608303290546281
0,0,40,COMPAS,0.65,0.6710858585858586,0.1424512987012987
0,0,40,COMPAS,0.75,0.6666666666666666,0.1538729445085673
0,0,40,COMPAS,0.8500000000000001,0.6748737373737373,0.2330051570557899
0,0,40,COMPAS,0.95,0.6717171717171717,0.1156378175300727
0,0,41,COMPAS,0.05,0.6672979797979798,0.1928407224958949
0,0,41,COMPAS,0.15,0.6679292929292929,0.2408220446476053
0,0,41,COMPAS,0.25,0.6654040404040404,0.2246869983948635
0,0,41,COMPAS,0.35,0.6578282828282829,0.2222987926156259
0,0,41,COMPAS,0.45,0.6546717171717171,0.105193661971831
0,0,41,COMPAS,0.55,0.6540404040404041,0.1937281199151915
0,0,41,COMPAS,0.65,0.6609848484848485,0.1622461496524465
0,0,41,COMPAS,0.75,0.6553030303030303,0.192214788940856
0,0,41,COMPAS,0.8500000000000001,0.6559343434343434,0.1467331413378778
0,0,41,COMPAS,0.95,0.6534090909090909,0.1050054457611498
0,0,42,COMPAS,0.05,0.6755050505050505,0.2667358404016364
0,0,42,COMPAS,0.15,0.6742424242424242,0.2517051125651547
0,0,42,COMPAS,0.25,0.6767676767676768,0.1950832886027729
0,0,42,COMPAS,0.35,0.6748737373737373,0.2234474893927846
0,0,42,COMPAS,0.45,0.6704545454545454,0.1761134910554754
0,0,42,COMPAS,0.55,0.6786616161616161,0.1614583333333333
0,0,42,COMPAS,0.65,0.67739898989899,0.1601149700598803
0,0,42,COMPAS,0.75,0.678030303030303,0.1608630952380952
0,0,42,COMPAS,0.8500000000000001,0.6761363636363636,0.1700064641241112
0,0,42,COMPAS,0.95,0.67739898989899,0.1309711286089239
0,0,43,COMPAS,0.05,0.6736111111111112,0.2664871390101216
0,0,43,COMPAS,0.15,0.6723484848484849,0.2619635133636464
0,0,43,COMPAS,0.25,0.6679292929292929,0.2234850303874331
0,0,43,COMPAS,0.35,0.6710858585858586,0.2186154007773925
0,0,43,COMPAS,0.45,0.6736111111111112,0.2261069925866559
0,0,43,COMPAS,0.55,0.6723484848484849,0.1830135039090263
0,0,43,COMPAS,0.65,0.6666666666666666,0.2083489391010574
0,0,43,COMPAS,0.75,0.6571969696969697,0.1846700743051562
0,0,43,COMPAS,0.8500000000000001,0.6521464646464646,0.1863713958328461
0,0,43,COMPAS,0.95,0.6546717171717171,0.2915746133761799
0,0,44,COMPAS,0.05,0.6666666666666666,0.281698096810637
0,0,44,COMPAS,0.15,0.6698232323232324,0.2536690242383393
0,0,44,COMPAS,0.25,0.6641414141414141,0.2785682525566918
0,0,44,COMPAS,0.35,0.6603535353535354,0.2286168452225416
0,0,44,COMPAS,0.45,0.6584595959595959,0.2167343585648805
0,0,44,COMPAS,0.55,0.6672979797979798,0.2087303956462835
0,0,44,COMPAS,0.65,0.6660353535353535,0.2022247955925185
0,0,44,COMPAS,0.75,0.6590909090909091,0.2090077410274454
0,0,44,COMPAS,0.8500000000000001,0.6622474747474747,0.1937736842999643
0,0,44,COMPAS,0.95,0.6641414141414141,0.1405511811023622
0,0,45,COMPAS,0.05,0.6698232323232324,0.2763569703258218
0,0,45,COMPAS,0.15,0.6672979797979798,0.2835616058556061
0,0,45,COMPAS,0.25,0.6710858585858586,0.2867816091954022
0,0,45,COMPAS,0.35,0.6736111111111112,0.2590906024421507
0,0,45,COMPAS,0.45,0.6710858585858586,0.2937567621719094
0,0,45,COMPAS,0.55,0.6761363636363636,0.2489184799561153
0,0,45,COMPAS,0.65,0.6723484848484849,0.1876042408341217
0,0,45,COMPAS,0.75,0.6691919191919192,0.1602587136183974
0,0,45,COMPAS,0.8500000000000001,0.6685606060606061,0.2684519442406456
0,0,45,COMPAS,0.95,0.6755050505050505,0.226814911706998
0,0,46,COMPAS,0.05,0.6742424242424242,0.2490243902439024
0,0,46,COMPAS,0.15,0.6736111111111112,0.2135012362716347
0,0,46,COMPAS,0.25,0.6685606060606061,0.2421945701357465
0,0,46,COMPAS,0.35,0.6691919191919192,0.2049586776859504
0,0,46,COMPAS,0.45,0.6672979797979798,0.2534246575342466
0,0,46,COMPAS,0.55,0.6742424242424242,0.1993623193455933
0,0,46,COMPAS,0.65,0.672979797979798,0.1728893307478024
0,0,46,COMPAS,0.75,0.6666666666666666,0.1327654367469879
0,0,46,COMPAS,0.8500000000000001,0.6679292929292929,0.1502059909212235
0,0,46,COMPAS,0.95,0.6685606060606061,0.1629457224205721
0,0,47,COMPAS,0.05,0.6736111111111112,0.2370345927514711
0,0,47,COMPAS,0.15,0.6710858585858586,0.1912392220179503
0,0,47,COMPAS,0.25,0.6710858585858586,0.190750116650765
0,0,47,COMPAS,0.35,0.6628787878787878,0.1769270731865705
0,0,47,COMPAS,0.45,0.6660353535353535,0.1467980295566502
0,0,47,COMPAS,0.55,0.6628787878787878,0.0886209228528325
0,0,47,COMPAS,0.65,0.6704545454545454,0.1178538138884573
0,0,47,COMPAS,0.75,0.6622474747474747,0.0772431452043102
0,0,47,COMPAS,0.8500000000000001,0.6597222222222222,0.0368915883184957
0,0,47,COMPAS,0.95,0.6540404040404041,0.0889637094951868
0,0,48,COMPAS,0.05,0.6578282828282829,0.2448491426963356
0,0,48,COMPAS,0.15,0.6628787878787878,0.2368093938173274
0,0,48,COMPAS,0.25,0.6628787878787878,0.2123046323466218
0,0,48,COMPAS,0.35,0.6603535353535354,0.1654600933349287
0,0,48,COMPAS,0.45,0.6679292929292929,0.1882375473576477
0,0,48,COMPAS,0.55,0.6546717171717171,0.1742424242424242
0,0,48,COMPAS,0.65,0.6565656565656566,0.1163693466111365
0,0,48,COMPAS,0.75,0.6546717171717171,0.1865405165897777
0,0,48,COMPAS,0.8500000000000001,0.6590909090909091,0.0497591937118091
0,0,48,COMPAS,0.95,0.6628787878787878,0.0217144038879122
0,0,49,COMPAS,0.05,0.6786616161616161,0.2573221757322176
0,0,49,COMPAS,0.15,0.6755050505050505,0.2342872792003286
0,0,49,COMPAS,0.25,0.6767676767676768,0.2222458232061898
0,0,49,COMPAS,0.35,0.6723484848484849,0.2091795377368824
0,0,49,COMPAS,0.45,0.6654040404040404,0.2276527244457374
0,0,49,COMPAS,0.55,0.6622474747474747,0.1092129551938244
0,0,49,COMPAS,0.65,0.6628787878787878,0.0947598874483716
0,0,49,COMPAS,0.75,0.663510101010101,0.1218110944527736
0,0,49,COMPAS,0.8500000000000001,0.6641414141414141,0.0971549636803874
0,0,49,COMPAS,0.95,0.6622474747474747,0.0225721784776903
