,Unnamed: 0,seed,dataset,alpha,acc,disparity
0,0,0,AdultCensus,0.2,0.8496553606769944,0.1342021917019493
0,0,0,AdultCensus,0.45,0.8497918514979867,0.1018271456970234
0,0,0,AdultCensus,0.7,0.847062035078141,0.081435978978529
0,0,0,AdultCensus,0.95,0.8463795809731796,0.0706990692421871
0,0,0,AdultCensus,1.2,0.8433085375008531,0.0610583671891818
0,0,0,AdultCensus,1.45,0.8423531017539071,0.0575704698944184
0,0,0,AdultCensus,1.7,0.8413294205964649,0.0408824007080457
0,0,0,AdultCensus,1.95,0.8394185491025729,0.040564950981935
0,0,0,AdultCensus,2.2,0.8400327577970381,0.0395503036849683
0,0,0,AdultCensus,2.45,0.8388043404081076,0.0364771116838033
0,0,1,AdultCensus,0.2,0.8493141336245138,0.1479719032942588
0,0,1,AdultCensus,0.45,0.8479492254145908,0.1155562565981095
0,0,1,AdultCensus,0.7,0.8478127345935986,0.1032266601337261
0,0,1,AdultCensus,0.95,0.8474032621306217,0.0943701558676586
0,0,1,AdultCensus,1.2,0.8478127345935986,0.0847302724010091
0,0,1,AdultCensus,1.45,0.8476762437726063,0.086810875591183
0,0,1,AdultCensus,1.7,0.8471985258991332,0.0791269514671023
0,0,1,AdultCensus,1.95,0.8481539616460793,0.0850965692445292
0,0,1,AdultCensus,2.2,0.8463795809731796,0.0778539602661565
0,0,1,AdultCensus,2.45,0.8465160717941719,0.0820214726550379
0,0,2,AdultCensus,0.2,0.8510885142974135,0.1423661647537249
0,0,2,AdultCensus,0.45,0.848017470825087,0.1138407700767817
0,0,2,AdultCensus,0.7,0.8469255442571487,0.0919282179599533
0,0,2,AdultCensus,0.95,0.8430355558588685,0.0739290207535975
0,0,2,AdultCensus,1.2,0.8411929297754726,0.0639694651069364
0,0,2,AdultCensus,1.45,0.8389408312290998,0.0555284689819222
0,0,2,AdultCensus,1.7,0.8406469664915035,0.0505798660723171
0,0,2,AdultCensus,1.95,0.8392820582815805,0.0497099053317912
0,0,2,AdultCensus,2.2,0.8360745239882618,0.0422649429464217
0,0,2,AdultCensus,2.45,0.8358697877567733,0.0394834983395845
0,0,3,AdultCensus,0.2,0.8478127345935986,0.1581767286766475
0,0,3,AdultCensus,0.45,0.849450624445506,0.1314618891475188
0,0,3,AdultCensus,0.7,0.8483586978775677,0.1108779413224672
0,0,3,AdultCensus,0.95,0.8478127345935986,0.1067756673925604
0,0,3,AdultCensus,1.2,0.8486316795195523,0.0941722939085463
0,0,3,AdultCensus,1.45,0.8469937896676448,0.0830128795066583
0,0,3,AdultCensus,1.7,0.8461748447416911,0.0784379336440953
0,0,3,AdultCensus,1.95,0.8463795809731796,0.083968684712465
0,0,3,AdultCensus,2.2,0.8457653722787143,0.0724634578864454
0,0,3,AdultCensus,2.45,0.845628881457722,0.0745371140421817
0,0,4,AdultCensus,0.2,0.8491093973930253,0.1267637996471927
0,0,4,AdultCensus,0.45,0.8469937896676448,0.095694802432498
0,0,4,AdultCensus,0.7,0.8457653722787143,0.0795757695744695
0,0,4,AdultCensus,0.95,0.8448099365317683,0.0647465465637716
0,0,4,AdultCensus,1.2,0.8410564389544803,0.0511503213753917
0,0,4,AdultCensus,1.45,0.8411929297754726,0.0433432794385573
0,0,4,AdultCensus,1.7,0.8394185491025729,0.046638292660935
0,0,4,AdultCensus,1.95,0.8394185491025729,0.0438195907824363
0,0,4,AdultCensus,2.2,0.8386678495871153,0.0287968320705186
0,0,4,AdultCensus,2.45,0.8379853954821538,0.0281969156166233
0,0,5,AdultCensus,0.2,0.8539548215382515,0.1382535063403823
0,0,5,AdultCensus,0.45,0.8506107964239404,0.1140935415431445
0,0,5,AdultCensus,0.7,0.8487681703405446,0.1054620658143003
0,0,5,AdultCensus,0.95,0.8497918514979867,0.0956472266000449
0,0,5,AdultCensus,1.2,0.8503378147819559,0.0890889384948285
0,0,5,AdultCensus,1.45,0.8462430901521872,0.0819660801791895
0,0,5,AdultCensus,1.7,0.8422848563434109,0.0371485847104471
0,0,5,AdultCensus,1.95,0.8412611751859688,0.0343571948601264
0,0,5,AdultCensus,2.2,0.8403057394390228,0.0279931216100027
0,0,5,AdultCensus,2.45,0.8389408312290998,0.0224668664980852
0,0,6,AdultCensus,0.2,0.8530676312018016,0.1454444251858291
0,0,6,AdultCensus,0.45,0.8506790418344367,0.1204860826680775
0,0,6,AdultCensus,0.7,0.851361495939398,0.1108281473286605
0,0,6,AdultCensus,0.95,0.843786255374326,0.0584699580160779
0,0,6,AdultCensus,1.2,0.8441274824268068,0.0589518735643345
0,0,6,AdultCensus,1.45,0.8429673104483724,0.0499661046963322
0,0,6,AdultCensus,1.7,0.8405104756705112,0.032302057693719
0,0,6,AdultCensus,1.95,0.8392820582815805,0.0312207124677617
0,0,6,AdultCensus,2.2,0.8405104756705112,0.027394508120967
0,0,6,AdultCensus,2.45,0.8378489046611616,0.0205500328064674
0,0,7,AdultCensus,0.2,0.8476079983621101,0.1375429864670724
0,0,7,AdultCensus,0.45,0.843786255374326,0.0945539083156674
0,0,7,AdultCensus,0.7,0.8412611751859688,0.074611539882568
0,0,7,AdultCensus,0.95,0.8393503036920767,0.0607039014110481
0,0,7,AdultCensus,1.2,0.8375759230191769,0.0455432187688737
0,0,7,AdultCensus,1.45,0.8364839964512386,0.0335498802209629
0,0,7,AdultCensus,1.7,0.8345731249573466,0.0341440691467621
0,0,7,AdultCensus,1.95,0.8349143520098273,0.0282844920480642
0,0,7,AdultCensus,2.2,0.8324575172319661,0.0193308284663031
0,0,7,AdultCensus,2.45,0.8325940080529585,0.0211117317337021
0,0,8,AdultCensus,0.2,0.8482904524670716,0.1424361735127803
0,0,8,AdultCensus,0.45,0.8481539616460793,0.1193836851759136
0,0,8,AdultCensus,0.7,0.8458336176892104,0.0987701406287186
0,0,8,AdultCensus,0.95,0.8452876544052412,0.0835108718926185
0,0,8,AdultCensus,1.2,0.8421483655224186,0.0668740254174816
0,0,8,AdultCensus,1.45,0.8423531017539071,0.063644987784574
0,0,8,AdultCensus,1.7,0.8408517027229919,0.0559156519072753
0,0,8,AdultCensus,1.95,0.8402374940285265,0.0495933295538295
0,0,8,AdultCensus,2.2,0.8385996041766192,0.0472447319608441
0,0,8,AdultCensus,2.45,0.839486794513069,0.0535433315353293
0,0,9,AdultCensus,0.2,0.8517027229918788,0.1219682180683255
0,0,9,AdultCensus,0.45,0.8488364157510407,0.0889069375358362
0,0,9,AdultCensus,0.7,0.8454241452262335,0.0643173760022036
0,0,9,AdultCensus,0.95,0.8424895925748993,0.0423657085679163
0,0,9,AdultCensus,1.2,0.8423531017539071,0.0377755383817706
0,0,9,AdultCensus,1.45,0.8403057394390228,0.030509275468635
0,0,9,AdultCensus,1.7,0.8402374940285265,0.0251901954919473
0,0,9,AdultCensus,1.95,0.8381218863031461,0.0151306132094095
0,0,9,AdultCensus,2.2,0.8374394321981846,0.0146692621809846
0,0,9,AdultCensus,2.45,0.8367569780932232,0.0095694402223678
0,0,10,AdultCensus,0.2,0.8491776428035215,0.1468736391081211
0,0,10,AdultCensus,0.45,0.8466525626151641,0.1208210806587489
0,0,10,AdultCensus,0.7,0.8440592370163107,0.0922150860123655
0,0,10,AdultCensus,0.95,0.8406469664915035,0.0717824401476963
0,0,10,AdultCensus,1.2,0.8463795809731796,0.0821016889139122
0,0,10,AdultCensus,1.45,0.8393503036920767,0.0536894865338367
0,0,10,AdultCensus,1.7,0.8391455674605883,0.0414864666576701
0,0,10,AdultCensus,1.95,0.8373711867876885,0.0333944399129904
0,0,10,AdultCensus,2.2,0.8441957278373029,0.0710557401951173
0,0,10,AdultCensus,2.45,0.8360062785777657,0.0317429122499021
0,0,11,AdultCensus,0.2,0.8471985258991332,0.1504760635726647
0,0,11,AdultCensus,0.45,0.8472667713096295,0.1207297144352507
0,0,11,AdultCensus,0.7,0.8471302804886371,0.0954345215287553
0,0,11,AdultCensus,0.95,0.8433085375008531,0.0809708789791335
0,0,11,AdultCensus,1.2,0.8457653722787143,0.0669663096326958
0,0,11,AdultCensus,1.45,0.8444004640687913,0.067200327929316
0,0,11,AdultCensus,1.7,0.8465160717941719,0.0626817880955044
0,0,11,AdultCensus,1.95,0.8439227461953184,0.0546315671279037
0,0,11,AdultCensus,2.2,0.8421483655224186,0.0490091594457596
0,0,11,AdultCensus,2.45,0.8426260833958916,0.0458094190086634
0,0,12,AdultCensus,0.2,0.8522486862758479,0.1507113098127327
0,0,12,AdultCensus,0.45,0.8496553606769944,0.118785618807705
0,0,12,AdultCensus,0.7,0.8501330785504675,0.1008033273732128
0,0,12,AdultCensus,0.95,0.8483586978775677,0.088412482864179
0,0,12,AdultCensus,1.2,0.8469255442571487,0.0786040619020551
0,0,12,AdultCensus,1.45,0.8467208080256603,0.0713346725146472
0,0,12,AdultCensus,1.7,0.8455606360472259,0.0728210110468746
0,0,12,AdultCensus,1.95,0.8462430901521872,0.0623557828673305
0,0,12,AdultCensus,2.2,0.8448781819422644,0.0685803686617397
0,0,12,AdultCensus,2.45,0.8459018630997065,0.0636939094420298
0,0,13,AdultCensus,0.2,0.8453558998157374,0.1323920482313522
0,0,13,AdultCensus,0.45,0.8439909916058145,0.1064944585415414
0,0,13,AdultCensus,0.7,0.8431720466798608,0.0847927810568547
0,0,13,AdultCensus,0.95,0.8407834573124957,0.070769068594043
0,0,13,AdultCensus,1.2,0.8416706476489456,0.0565400191295789
0,0,13,AdultCensus,1.45,0.8411929297754726,0.0532639739395112
0,0,13,AdultCensus,1.7,0.8389408312290998,0.047020350116563
0,0,13,AdultCensus,1.95,0.8368934689142156,0.0411863524453084
0,0,13,AdultCensus,2.2,0.8382583771241384,0.0451778497581977
0,0,13,AdultCensus,2.45,0.8377806592506654,0.0350433852480935
0,0,14,AdultCensus,0.2,0.8482904524670716,0.145103969215361
0,0,14,AdultCensus,0.45,0.846584317204668,0.1131630197805726
0,0,14,AdultCensus,0.7,0.8459701085102027,0.1044610728299108
0,0,14,AdultCensus,0.95,0.8420118747014264,0.0711804642136747
0,0,14,AdultCensus,1.2,0.8415341568279533,0.0621713709816879
0,0,14,AdultCensus,1.45,0.8407834573124957,0.0531619423685164
0,0,14,AdultCensus,1.7,0.8381901317136422,0.0427174595881393
0,0,14,AdultCensus,1.95,0.8400327577970381,0.0565538828651866
0,0,14,AdultCensus,2.2,0.8411246843649764,0.055427232658749
0,0,14,AdultCensus,2.45,0.8373711867876885,0.0414902159875791
0,0,15,AdultCensus,0.2,0.8554562205691667,0.1467957611215626
0,0,15,AdultCensus,0.45,0.8503378147819559,0.1062731829210463
0,0,15,AdultCensus,0.7,0.8514297413498942,0.0891515270120869
0,0,15,AdultCensus,0.95,0.8469255442571487,0.074739751791396
0,0,15,AdultCensus,1.2,0.8459701085102027,0.0686675676204365
0,0,15,AdultCensus,1.45,0.8449464273527605,0.059959301094163
0,0,15,AdultCensus,1.7,0.841875383880434,0.047060086050416
0,0,15,AdultCensus,1.95,0.8431038012693647,0.0492925014317003
0,0,15,AdultCensus,2.2,0.8433085375008531,0.0430272316480978
0,0,15,AdultCensus,2.45,0.8435815191428376,0.0379376551008665
0,0,16,AdultCensus,0.2,0.8498600969084829,0.1241460200835374
0,0,16,AdultCensus,0.45,0.8480857162355832,0.0919632886739026
0,0,16,AdultCensus,0.7,0.8447416911212721,0.0735118005700037
0,0,16,AdultCensus,0.95,0.8441274824268068,0.0591587022062564
0,0,16,AdultCensus,1.2,0.8446052003002799,0.0714848822958003
0,0,16,AdultCensus,1.45,0.8395550399235652,0.0516772303082136
0,0,16,AdultCensus,1.7,0.8377124138401693,0.0374295940943883
0,0,16,AdultCensus,1.95,0.8377124138401693,0.0332279257726189
0,0,16,AdultCensus,2.2,0.833344707568416,0.0213174844906812
0,0,16,AdultCensus,2.45,0.8349825974203234,0.0278814587798363
0,0,17,AdultCensus,0.2,0.8542960485907323,0.1136873787778408
0,0,17,AdultCensus,0.45,0.8518392138128711,0.1033130148103459
0,0,17,AdultCensus,0.7,0.8529311403808094,0.0875478616126634
0,0,17,AdultCensus,0.95,0.8480857162355832,0.0742668532945699
0,0,17,AdultCensus,1.2,0.8505425510134443,0.07382316901184
0,0,17,AdultCensus,1.45,0.8462430901521872,0.0593312041022865
0,0,17,AdultCensus,1.7,0.8484269432880639,0.0607356164471571
0,0,17,AdultCensus,1.95,0.8413976660069611,0.0271087275503458
0,0,17,AdultCensus,2.2,0.8398962669760459,0.0218589884342685
0,0,17,AdultCensus,2.45,0.8461748447416911,0.0532781638004603
0,0,18,AdultCensus,0.2,0.8465160717941719,0.1234076493170522
0,0,18,AdultCensus,0.45,0.8448781819422644,0.090860801670685
0,0,18,AdultCensus,0.7,0.8421483655224186,0.0682476202208529
0,0,18,AdultCensus,0.95,0.8388043404081076,0.0541263472286121
0,0,18,AdultCensus,1.2,0.83805364089265,0.0464490820702214
0,0,18,AdultCensus,1.45,0.835733296935781,0.0354973422063333
0,0,18,AdultCensus,1.7,0.8365522418617348,0.0396911713315282
0,0,18,AdultCensus,1.95,0.8354603152937965,0.030689534670317
0,0,18,AdultCensus,2.2,0.8335494437999045,0.021986129861902
0,0,18,AdultCensus,2.45,0.8320480447689893,0.0168713331204751
0,0,19,AdultCensus,0.2,0.8560021838531359,0.1355109958467803
0,0,19,AdultCensus,0.45,0.8530676312018016,0.1008581272295988
0,0,19,AdultCensus,0.7,0.850815532655429,0.0829958316287792
0,0,19,AdultCensus,0.95,0.8461748447416911,0.0662898339553903
0,0,19,AdultCensus,1.2,0.8471985258991332,0.0510635365161776
0,0,19,AdultCensus,1.45,0.8473350167201256,0.0475671804739754
0,0,19,AdultCensus,1.7,0.8453558998157374,0.040606749697389
0,0,19,AdultCensus,1.95,0.8413976660069611,0.0296153431751338
0,0,19,AdultCensus,2.2,0.8428990650378761,0.027436986213735
0,0,19,AdultCensus,2.45,0.8445369548897836,0.0282227014614551
0,0,20,AdultCensus,0.2,0.8467208080256603,0.1348296948621855
0,0,20,AdultCensus,0.45,0.8457653722787143,0.1120125325464835
0,0,20,AdultCensus,0.7,0.8446052003002799,0.0932085416652331
0,0,20,AdultCensus,0.95,0.8444004640687913,0.0760873241416037
0,0,20,AdultCensus,1.2,0.8394185491025729,0.0503181199178537
0,0,20,AdultCensus,1.45,0.8379171500716577,0.0371673909412608
0,0,20,AdultCensus,1.7,0.8370299597352078,0.0397145813876337
0,0,20,AdultCensus,1.95,0.8365522418617348,0.0347594463777199
0,0,20,AdultCensus,2.2,0.8388043404081076,0.0370074395834884
0,0,20,AdultCensus,2.45,0.8386678495871153,0.0322676164912331
0,0,21,AdultCensus,0.2,0.8465160717941719,0.1360394728797873
0,0,21,AdultCensus,0.45,0.8482904524670716,0.1110267291520414
0,0,21,AdultCensus,0.7,0.8435815191428376,0.0797539164036757
0,0,21,AdultCensus,0.95,0.8419436292909301,0.0676653575095235
0,0,21,AdultCensus,1.2,0.8427625742168839,0.0563925869240288
0,0,21,AdultCensus,1.45,0.8410564389544803,0.0479075832031554
0,0,21,AdultCensus,1.7,0.8395550399235652,0.0400225782173959
0,0,21,AdultCensus,1.95,0.8348461065993312,0.0212327369395236
0,0,21,AdultCensus,2.2,0.8375076776086808,0.0236576712181486
0,0,21,AdultCensus,2.45,0.8398962669760459,0.0305284272616691
0,0,22,AdultCensus,0.2,0.8512250051184058,0.1521726583854174
0,0,22,AdultCensus,0.45,0.8514979867603903,0.1230525247323871
0,0,22,AdultCensus,0.7,0.8476762437726063,0.0948928124799779
0,0,22,AdultCensus,0.95,0.846584317204668,0.079811738760633
0,0,22,AdultCensus,1.2,0.8468572988466526,0.0708188214288256
0,0,22,AdultCensus,1.45,0.8474715075411179,0.0570283311812662
0,0,22,AdultCensus,1.7,0.8449464273527605,0.0551749276325758
0,0,22,AdultCensus,1.95,0.8448099365317683,0.0558062039535885
0,0,22,AdultCensus,2.2,0.8433767829113492,0.0444731043023149
0,0,22,AdultCensus,2.45,0.8429673104483724,0.041492302051916
0,0,23,AdultCensus,0.2,0.8458336176892104,0.1246353326680321
0,0,23,AdultCensus,0.45,0.8439227461953184,0.0864709726966549
0,0,23,AdultCensus,0.7,0.8418071384699379,0.0700159597536865
0,0,23,AdultCensus,0.95,0.8383948679451307,0.0498260083216826
0,0,23,AdultCensus,1.2,0.8367569780932232,0.0348412766106309
0,0,23,AdultCensus,1.45,0.8344366341363544,0.025845137684215
0,0,23,AdultCensus,1.7,0.8343001433153621,0.0212067804616464
0,0,23,AdultCensus,1.95,0.83238927182147,0.0137559906820874
0,0,23,AdultCensus,2.2,0.8325940080529585,0.0106525885873839
0,0,23,AdultCensus,2.45,0.8331399713369276,0.0137386673171012
0,0,24,AdultCensus,0.2,0.8498600969084829,0.1464168575612744
0,0,24,AdultCensus,0.45,0.8493141336245138,0.1162475193697502
0,0,24,AdultCensus,0.7,0.8471302804886371,0.1020918498136277
0,0,24,AdultCensus,0.95,0.8469937896676448,0.0909883750030781
0,0,24,AdultCensus,1.2,0.8480857162355832,0.083196060845964
0,0,24,AdultCensus,1.45,0.8427625742168839,0.0402567171156697
0,0,24,AdultCensus,1.7,0.8416706476489456,0.0349877894047505
0,0,24,AdultCensus,1.95,0.8418071384699379,0.0375604473778614
0,0,24,AdultCensus,2.2,0.8395550399235652,0.0274219173014696
0,0,24,AdultCensus,2.45,0.8413294205964649,0.0293530316941578
0,0,25,AdultCensus,0.2,0.8533406128437863,0.1298303628831847
0,0,25,AdultCensus,0.45,0.8522486862758479,0.1000677624605812
0,0,25,AdultCensus,0.7,0.8495871152664983,0.0840644712252077
0,0,25,AdultCensus,0.95,0.8476762437726063,0.0704249989840048
0,0,25,AdultCensus,1.2,0.8471985258991332,0.060781332681077
0,0,25,AdultCensus,1.45,0.8471302804886371,0.0527785722032639
0,0,25,AdultCensus,1.7,0.8441957278373029,0.0463080292058014
0,0,25,AdultCensus,1.95,0.8448099365317683,0.0487760771042311
0,0,25,AdultCensus,2.2,0.8448781819422644,0.0462216380635628
0,0,25,AdultCensus,2.45,0.8448099365317683,0.0412147591662327
0,0,26,AdultCensus,0.2,0.8462430901521872,0.1396193749170005
0,0,26,AdultCensus,0.45,0.8454923906367297,0.1023131371301615
0,0,26,AdultCensus,0.7,0.8427625742168839,0.0837798059897132
0,0,26,AdultCensus,0.95,0.8414659114174572,0.0690859825561635
0,0,26,AdultCensus,1.2,0.8390773220500921,0.0584085844514333
0,0,26,AdultCensus,1.45,0.8391455674605883,0.0540771785315486
0,0,26,AdultCensus,1.7,0.8385996041766192,0.0453853419701998
0,0,26,AdultCensus,1.95,0.83805364089265,0.0384929324485859
0,0,26,AdultCensus,2.2,0.837098205145704,0.0333337617633095
0,0,26,AdultCensus,2.45,0.8382583771241384,0.0363924981178324
0,0,27,AdultCensus,0.2,0.8510885142974135,0.1442874284081583
0,0,27,AdultCensus,0.45,0.8487681703405446,0.1192470221292167
0,0,27,AdultCensus,0.7,0.8499283423189791,0.1125921841468458
0,0,27,AdultCensus,0.95,0.8495188698560022,0.1081922475180853
0,0,27,AdultCensus,1.2,0.8479492254145908,0.0917947719229589
0,0,27,AdultCensus,1.45,0.8482904524670716,0.0930263348843608
0,0,27,AdultCensus,1.7,0.8463113355626835,0.0869616478463905
0,0,27,AdultCensus,1.95,0.8476079983621101,0.084114503259702
0,0,27,AdultCensus,2.2,0.846584317204668,0.0848218432929343
0,0,27,AdultCensus,2.45,0.8448099365317683,0.0779817959168233
0,0,28,AdultCensus,0.2,0.8482904524670716,0.1486803893148364
0,0,28,AdultCensus,0.45,0.8457653722787143,0.11636174344755
0,0,28,AdultCensus,0.7,0.8432402920903569,0.0877582873778662
0,0,28,AdultCensus,0.95,0.8413294205964649,0.0684784899833158
0,0,28,AdultCensus,1.2,0.8425578379853955,0.0671662241870237
0,0,28,AdultCensus,1.45,0.8379171500716577,0.0489405601996128
0,0,28,AdultCensus,1.7,0.8374394321981846,0.0451133161889546
0,0,28,AdultCensus,1.95,0.8377806592506654,0.0406129272986297
0,0,28,AdultCensus,2.2,0.8364157510407425,0.0361042373178777
0,0,28,AdultCensus,2.45,0.8363475056302464,0.0332273735917305
0,0,29,AdultCensus,0.2,0.8459701085102027,0.1230669970350602
0,0,29,AdultCensus,0.45,0.8426943288063877,0.1006721014327559
0,0,29,AdultCensus,0.7,0.8430355558588685,0.069487104082255
0,0,29,AdultCensus,0.95,0.8398280215655497,0.0611490340726601
0,0,29,AdultCensus,1.2,0.8381218863031461,0.0499386047389728
0,0,29,AdultCensus,1.45,0.8386678495871153,0.0354340745851735
0,0,29,AdultCensus,1.7,0.8373029413771924,0.0401470463572848
0,0,29,AdultCensus,1.95,0.8347096157783389,0.0297953401237513
0,0,29,AdultCensus,2.2,0.8362110148092541,0.0198523938537024
0,0,29,AdultCensus,2.45,0.8349143520098273,0.0198394123211672
0,0,30,AdultCensus,0.2,0.8551832389271822,0.1349831666813248
0,0,30,AdultCensus,0.45,0.8507472872449328,0.0957075349994227
0,0,30,AdultCensus,0.7,0.8482904524670716,0.0763062234302623
0,0,30,AdultCensus,0.95,0.8489729065720331,0.0640699825893841
0,0,30,AdultCensus,1.2,0.8460383539206988,0.0587546178563642
0,0,30,AdultCensus,1.45,0.8457653722787143,0.0502476542352563
0,0,30,AdultCensus,1.7,0.8450829181737528,0.047193814708865
0,0,30,AdultCensus,1.95,0.8415341568279533,0.0342125270568973
0,0,30,AdultCensus,2.2,0.8429673104483724,0.0378229060681227
0,0,30,AdultCensus,2.45,0.8413294205964649,0.0342647338951803
0,0,31,AdultCensus,0.2,0.8476079983621101,0.1375067764898861
0,0,31,AdultCensus,0.45,0.8482222070565755,0.1040325880922525
0,0,31,AdultCensus,0.7,0.8459701085102027,0.0854987983236201
0,0,31,AdultCensus,0.95,0.847539752951614,0.0807638252031677
0,0,31,AdultCensus,1.2,0.846106599331195,0.0801842951329038
0,0,31,AdultCensus,1.45,0.8467208080256603,0.0766258603126855
0,0,31,AdultCensus,1.7,0.8459018630997065,0.0709811341675169
0,0,31,AdultCensus,1.95,0.8448099365317683,0.0691728852378955
0,0,31,AdultCensus,2.2,0.8445369548897836,0.0671387744720685
0,0,31,AdultCensus,2.45,0.84371800996383,0.0538178987358592
0,0,32,AdultCensus,0.2,0.8514979867603903,0.14199839901615
0,0,32,AdultCensus,0.45,0.8517027229918788,0.1046718684030408
0,0,32,AdultCensus,0.7,0.8499965877294752,0.092106123011481
0,0,32,AdultCensus,0.95,0.84849518869856,0.0766915394724766
0,0,32,AdultCensus,1.2,0.8412611751859688,0.0341074951260456
0,0,32,AdultCensus,1.45,0.8387360949976114,0.0263891071772755
0,0,32,AdultCensus,1.7,0.8373029413771924,0.0137608928375475
0,0,32,AdultCensus,1.95,0.8394185491025729,0.0105316505596307
0,0,32,AdultCensus,2.2,0.8383266225346345,0.0163369216767716
0,0,32,AdultCensus,2.45,0.8375759230191769,0.0123093897690093
0,0,33,AdultCensus,0.2,0.8540913123592438,0.1360174685221458
0,0,33,AdultCensus,0.45,0.8517027229918788,0.1110711355154153
0,0,33,AdultCensus,0.7,0.8481539616460793,0.0984519951249196
0,0,33,AdultCensus,0.95,0.8489046611615368,0.096496789808183
0,0,33,AdultCensus,1.2,0.8482904524670716,0.0833288411321083
0,0,33,AdultCensus,1.45,0.8457653722787143,0.0766765009977705
0,0,33,AdultCensus,1.7,0.8468572988466526,0.0713580414298189
0,0,33,AdultCensus,1.95,0.8461748447416911,0.0720492688738632
0,0,33,AdultCensus,2.2,0.8469255442571487,0.0672296213783221
0,0,33,AdultCensus,2.45,0.84371800996383,0.0615277529585693
0,0,34,AdultCensus,0.2,0.8486316795195523,0.1484301099801576
0,0,34,AdultCensus,0.45,0.8474032621306217,0.1273250307601373
0,0,34,AdultCensus,0.7,0.8461748447416911,0.1074415191757515
0,0,34,AdultCensus,0.95,0.8461748447416911,0.0991139785054072
0,0,34,AdultCensus,1.2,0.8474715075411179,0.0940390416083483
0,0,34,AdultCensus,1.45,0.8451511635842489,0.0942136676760212
0,0,34,AdultCensus,1.7,0.8467890534361564,0.0883660762433541
0,0,34,AdultCensus,1.95,0.8452876544052412,0.0905829790354699
0,0,34,AdultCensus,2.2,0.8425578379853955,0.0775308609474644
0,0,34,AdultCensus,2.45,0.8430355558588685,0.0791912084403852
0,0,35,AdultCensus,0.2,0.8491776428035215,0.1605381340538164
0,0,35,AdultCensus,0.45,0.8506790418344367,0.1381567927554348
0,0,35,AdultCensus,0.7,0.8420801201119225,0.0877359407767205
0,0,35,AdultCensus,0.95,0.8410564389544803,0.0750630790162081
0,0,35,AdultCensus,1.2,0.839486794513069,0.0633276705604143
0,0,35,AdultCensus,1.45,0.8453558998157374,0.0859241533060618
0,0,35,AdultCensus,1.7,0.8456971268682181,0.0830613867728808
0,0,35,AdultCensus,1.95,0.8355968061147888,0.0249813261109327
0,0,35,AdultCensus,2.2,0.8448781819422644,0.0776161837725234
0,0,35,AdultCensus,2.45,0.8360062785777657,0.0371498893926312
0,0,36,AdultCensus,0.2,0.8456971268682181,0.1343309705249323
0,0,36,AdultCensus,0.45,0.8446052003002799,0.1071080566591707
0,0,36,AdultCensus,0.7,0.8416024022384495,0.0790915948730624
0,0,36,AdultCensus,0.95,0.8407152119019996,0.068035074198447
0,0,36,AdultCensus,1.2,0.8405104756705112,0.0564726949848642
0,0,36,AdultCensus,1.45,0.8377806592506654,0.0467661352231781
0,0,36,AdultCensus,1.7,0.839964512386542,0.047876679454536
0,0,36,AdultCensus,1.95,0.8377124138401693,0.03784506397619
0,0,36,AdultCensus,2.2,0.8353238244728042,0.0340411919781407
0,0,36,AdultCensus,2.45,0.837098205145704,0.0370288031853785
0,0,37,AdultCensus,0.2,0.8554562205691667,0.1230608083637892
0,0,37,AdultCensus,0.45,0.853681839896267,0.0913974430337508
0,0,37,AdultCensus,0.7,0.8506107964239404,0.0674896208802809
0,0,37,AdultCensus,0.95,0.8489046611615368,0.0464410424025771
0,0,37,AdultCensus,1.2,0.8482904524670716,0.0385613062535844
0,0,37,AdultCensus,1.45,0.8480857162355832,0.0339369108980809
0,0,37,AdultCensus,1.7,0.8486999249300484,0.0258692400710481
0,0,37,AdultCensus,1.95,0.8453558998157374,0.0109865220673489
0,0,37,AdultCensus,2.2,0.8436497645533337,0.0133806326881049
0,0,37,AdultCensus,2.45,0.8463113355626835,0.0192537706635865
0,0,38,AdultCensus,0.2,0.8476762437726063,0.1447634334948165
0,0,38,AdultCensus,0.45,0.8484269432880639,0.1251582185754821
0,0,38,AdultCensus,0.7,0.8469255442571487,0.0963439860525806
0,0,38,AdultCensus,0.95,0.8452876544052412,0.0842823454363816
0,0,38,AdultCensus,1.2,0.8446052003002799,0.0697594643247316
0,0,38,AdultCensus,1.45,0.8433767829113492,0.063709095775646
0,0,38,AdultCensus,1.7,0.84371800996383,0.0590376927261287
0,0,38,AdultCensus,1.95,0.8411929297754726,0.055162086871631
0,0,38,AdultCensus,2.2,0.8401692486180304,0.0448909899442261
0,0,38,AdultCensus,2.45,0.8412611751859688,0.054526142493394
0,0,39,AdultCensus,0.2,0.8449464273527605,0.1227364721009399
0,0,39,AdultCensus,0.45,0.8411929297754726,0.1008655142643735
0,0,39,AdultCensus,0.7,0.8407834573124957,0.0843863655140971
0,0,39,AdultCensus,0.95,0.8388043404081076,0.0777712871803774
0,0,39,AdultCensus,1.2,0.8373711867876885,0.0575650484131388
0,0,39,AdultCensus,1.45,0.8355285607042926,0.0481341699723138
0,0,39,AdultCensus,1.7,0.8344366341363544,0.0340273018192181
0,0,39,AdultCensus,1.95,0.8370299597352078,0.0506849036704474
0,0,39,AdultCensus,2.2,0.837098205145704,0.0481346926208053
0,0,39,AdultCensus,2.45,0.8354603152937965,0.0442503272197676
0,0,40,AdultCensus,0.2,0.848017470825087,0.1191574111189105
0,0,40,AdultCensus,0.45,0.845628881457722,0.08739513283101
0,0,40,AdultCensus,0.7,0.8426943288063877,0.0727106426906233
0,0,40,AdultCensus,0.95,0.8415341568279533,0.0565876202879904
0,0,40,AdultCensus,1.2,0.8387360949976114,0.0395257385824507
0,0,40,AdultCensus,1.45,0.8388725858186037,0.0368841736717162
0,0,40,AdultCensus,1.7,0.8371664505562001,0.0217414094573931
0,0,40,AdultCensus,1.95,0.8383266225346345,0.0248826051911969
0,0,40,AdultCensus,2.2,0.8374394321981846,0.0148892724132196
0,0,40,AdultCensus,2.45,0.8360745239882618,0.0123145566950467
0,0,41,AdultCensus,0.2,0.8561386746741282,0.1492040866312788
0,0,41,AdultCensus,0.45,0.8548420118747014,0.1322209385203862
0,0,41,AdultCensus,0.7,0.8531358766122978,0.1104193018384085
0,0,41,AdultCensus,0.95,0.8507472872449328,0.0904341509338867
0,0,41,AdultCensus,1.2,0.8500648331399714,0.0809342805521527
0,0,41,AdultCensus,1.45,0.8491776428035215,0.0782845314882356
0,0,41,AdultCensus,1.7,0.8478127345935986,0.0656962671706339
0,0,41,AdultCensus,1.95,0.8471985258991332,0.0658579008538482
0,0,41,AdultCensus,2.2,0.8458336176892104,0.0566930143874171
0,0,41,AdultCensus,2.45,0.8454241452262335,0.0587909707941144
0,0,42,AdultCensus,0.2,0.8479492254145908,0.1232291922992266
0,0,42,AdultCensus,0.45,0.8462430901521872,0.1011773587518419
0,0,42,AdultCensus,0.7,0.8448099365317683,0.0795650275454657
0,0,42,AdultCensus,0.95,0.8426260833958916,0.0647985303371101
0,0,42,AdultCensus,1.2,0.8416706476489456,0.0551584680917141
0,0,42,AdultCensus,1.45,0.8405104756705112,0.0489726858601034
0,0,42,AdultCensus,1.7,0.840442230260015,0.0429777075556212
0,0,42,AdultCensus,1.95,0.8400327577970381,0.0386486452080905
0,0,42,AdultCensus,2.2,0.8368934689142156,0.0277998569947358
0,0,42,AdultCensus,2.45,0.8371664505562001,0.0292156670883833
0,0,43,AdultCensus,0.2,0.8486316795195523,0.1473487094724271
0,0,43,AdultCensus,0.45,0.8495188698560022,0.1049407049557666
0,0,43,AdultCensus,0.7,0.8501330785504675,0.0887573015300157
0,0,43,AdultCensus,0.95,0.8439909916058145,0.0703695999520312
0,0,43,AdultCensus,1.2,0.8434450283218453,0.0639926805679195
0,0,43,AdultCensus,1.45,0.8392820582815805,0.0567706533797395
0,0,43,AdultCensus,1.7,0.8422848563434109,0.0534546191384613
0,0,43,AdultCensus,1.95,0.8405104756705112,0.040939320389268
0,0,43,AdultCensus,2.2,0.8444004640687913,0.0653001725283892
0,0,43,AdultCensus,2.45,0.8410564389544803,0.0362258318447183
0,0,44,AdultCensus,0.2,0.8478127345935986,0.1272447760793587
0,0,44,AdultCensus,0.45,0.848017470825087,0.1027633818988167
0,0,44,AdultCensus,0.7,0.8430355558588685,0.0817024376938125
0,0,44,AdultCensus,0.95,0.8444687094792875,0.0576057276437192
0,0,44,AdultCensus,1.2,0.8424213471644032,0.0479947258363933
0,0,44,AdultCensus,1.45,0.8402374940285265,0.049581417278306
0,0,44,AdultCensus,1.7,0.840442230260015,0.0418729825239733
0,0,44,AdultCensus,1.95,0.8413976660069611,0.0311455191319653
0,0,44,AdultCensus,2.2,0.8411246843649764,0.0346891056409487
0,0,44,AdultCensus,2.45,0.8392820582815805,0.0297396146045904
0,0,45,AdultCensus,0.2,0.8493823790350099,0.1259369216068102
0,0,45,AdultCensus,0.45,0.8481539616460793,0.0989277808591921
0,0,45,AdultCensus,0.7,0.8471302804886371,0.0888090609992758
0,0,45,AdultCensus,0.95,0.8422166109329148,0.0677883307844678
0,0,45,AdultCensus,1.2,0.8423531017539071,0.0613497448789908
0,0,45,AdultCensus,1.45,0.8413294205964649,0.0503979127437248
0,0,45,AdultCensus,1.7,0.8402374940285265,0.0510201825938943
0,0,45,AdultCensus,1.95,0.8418071384699379,0.051324723459812
0,0,45,AdultCensus,2.2,0.8405104756705112,0.0490765260871866
0,0,45,AdultCensus,2.45,0.8401010032075343,0.0414980890207198
0,0,46,AdultCensus,0.2,0.8500648331399714,0.1371509853855507
0,0,46,AdultCensus,0.45,0.8495188698560022,0.1126967408639433
0,0,46,AdultCensus,0.7,0.8496553606769944,0.1074483743679992
0,0,46,AdultCensus,0.95,0.8469255442571487,0.0940137441030624
0,0,46,AdultCensus,1.2,0.846106599331195,0.0900460388934247
0,0,46,AdultCensus,1.45,0.8463795809731796,0.0844264650073469
0,0,46,AdultCensus,1.7,0.846584317204668,0.0820558187642431
0,0,46,AdultCensus,1.95,0.8454923906367297,0.0809110240975394
0,0,46,AdultCensus,2.2,0.8448781819422644,0.0739975916562951
0,0,46,AdultCensus,2.45,0.8423531017539071,0.0721338720849979
0,0,47,AdultCensus,0.2,0.8510202688869174,0.142753684701423
0,0,47,AdultCensus,0.45,0.8488364157510407,0.1215663297316582
0,0,47,AdultCensus,0.7,0.8467890534361564,0.1047270469009191
0,0,47,AdultCensus,0.95,0.8469937896676448,0.097510123262004
0,0,47,AdultCensus,1.2,0.8392820582815805,0.0680875720404151
0,0,47,AdultCensus,1.45,0.8455606360472259,0.0874119659690748
0,0,47,AdultCensus,1.7,0.8356650515252849,0.0481482616157689
0,0,47,AdultCensus,1.95,0.8446052003002799,0.0815446120290287
0,0,47,AdultCensus,2.2,0.8381218863031461,0.0450094068203543
0,0,47,AdultCensus,2.45,0.8365522418617348,0.0403586101606424
0,0,48,AdultCensus,0.2,0.852726404149321,0.12451972693532
0,0,48,AdultCensus,0.45,0.8482222070565755,0.100778616817763
0,0,48,AdultCensus,0.7,0.8459701085102027,0.0788772853226791
0,0,48,AdultCensus,0.95,0.8433085375008531,0.0611758387484821
0,0,48,AdultCensus,1.2,0.8413294205964649,0.0499170001845371
0,0,48,AdultCensus,1.45,0.840442230260015,0.0425461348059438
0,0,48,AdultCensus,1.7,0.8390773220500921,0.0305824104905901
0,0,48,AdultCensus,1.95,0.8401010032075343,0.0320060694073258
0,0,48,AdultCensus,2.2,0.8396915307445574,0.0309839306073366
0,0,48,AdultCensus,2.45,0.8378489046611616,0.0256680254548128
0,0,49,AdultCensus,0.2,0.8520439500443595,0.1366297713640603
0,0,49,AdultCensus,0.45,0.8484269432880639,0.1028068480571084
0,0,49,AdultCensus,0.7,0.8456971268682181,0.0854136466290599
0,0,49,AdultCensus,0.95,0.846584317204668,0.0677554034095138
0,0,49,AdultCensus,1.2,0.8433085375008531,0.0565368761465172
0,0,49,AdultCensus,1.45,0.8422166109329148,0.0539741163262368
0,0,49,AdultCensus,1.7,0.8401692486180304,0.0462617862690166
0,0,49,AdultCensus,1.95,0.8395550399235652,0.0379031280796366
0,0,49,AdultCensus,2.2,0.8388725858186037,0.0354781528601897
0,0,49,AdultCensus,2.45,0.8381218863031461,0.0312439609796373
