,Unnamed: 0,seed,dataset,level,acc,disparity
0,0,0,COMPAS,0.0,0.6448863636363636,0.0524545468016062
0,0,0,COMPAS,0.03,0.6486742424242424,0.0833197504704609
0,0,0,COMPAS,0.06,0.6429924242424242,0.1065242194793071
0,0,0,COMPAS,0.09,0.6448863636363636,0.1253871115918621
0,0,0,COMPAS,0.12,0.6439393939393939,0.1610754663861188
0,0,0,COMPAS,0.15,0.6410984848484849,0.1822425059641115
0,0,0,COMPAS,0.18,0.6448863636363636,0.2036244017366307
0,0,0,COMPAS,0.21,0.6458333333333334,0.2247914413146235
0,0,0,COMPAS,0.24,0.646780303030303,0.2473513417398906
0,0,0,COMPAS,0.2699999999999999,0.6496212121212122,0.274949249485086
0,0,1,COMPAS,0.0,0.6571969696969697,0.0089573867942314
0,0,1,COMPAS,0.03,0.6581439393939394,0.0073418779089326
0,0,1,COMPAS,0.06,0.6609848484848485,0.0236189617120697
0,0,1,COMPAS,0.09,0.6676136363636364,0.0870230644392113
0,0,1,COMPAS,0.12,0.6666666666666666,0.0964462501340096
0,0,1,COMPAS,0.15,0.665719696969697,0.1097732742335574
0,0,1,COMPAS,0.18,0.6666666666666666,0.1401943786205698
0,0,1,COMPAS,0.21,0.6666666666666666,0.1700794445902633
0,0,1,COMPAS,0.24,0.6676136363636364,0.2056169432501672
0,0,1,COMPAS,0.2699999999999999,0.6666666666666666,0.2449251949146589
0,0,2,COMPAS,0.0,0.6685606060606061,0.0336480915015294
0,0,2,COMPAS,0.03,0.6685606060606061,0.0043445493638338
0,0,2,COMPAS,0.06,0.6638257575757576,0.0310546615241388
0,0,2,COMPAS,0.09,0.6647727272727273,0.0704437646850201
0,0,2,COMPAS,0.12,0.6666666666666666,0.091191204504145
0,0,2,COMPAS,0.15,0.6685606060606061,0.1204060823691093
0,0,2,COMPAS,0.18,0.6695075757575758,0.1441902735292813
0,0,2,COMPAS,0.21,0.6723484848484849,0.1581770625526444
0,0,2,COMPAS,0.24,0.6704545454545454,0.2094693443277031
0,0,2,COMPAS,0.2699999999999999,0.6695075757575758,0.2637983774438089
0,0,3,COMPAS,0.0,0.6751893939393939,0.0169762048384619
0,0,3,COMPAS,0.03,0.6742424242424242,0.0137727938614403
0,0,3,COMPAS,0.06,0.6818181818181818,0.0170623784670835
0,0,3,COMPAS,0.09,0.6893939393939394,0.0511646553242189
0,0,3,COMPAS,0.12,0.6808712121212122,0.0963833302735451
0,0,3,COMPAS,0.15,0.6837121212121212,0.1122729980554733
0,0,3,COMPAS,0.18,0.6827651515151515,0.1611933923560244
0,0,3,COMPAS,0.21,0.6856060606060606,0.1825457188566632
0,0,3,COMPAS,0.24,0.6865530303030303,0.2049695956958145
0,0,3,COMPAS,0.2699999999999999,0.6846590909090909,0.2483636377260652
0,0,4,COMPAS,0.0,0.6638257575757576,0.059858038208865
0,0,4,COMPAS,0.03,0.6666666666666666,0.0494449898059352
0,0,4,COMPAS,0.06,0.6666666666666666,0.0343879785547081
0,0,4,COMPAS,0.09,0.6619318181818182,0.0221928566034886
0,0,4,COMPAS,0.12,0.6553030303030303,0.0183342143018953
0,0,4,COMPAS,0.15,0.6685606060606061,0.0573132975911802
0,0,4,COMPAS,0.18,0.6676136363636364,0.098731405270709
0,0,4,COMPAS,0.21,0.6723484848484849,0.1396813410858567
0,0,4,COMPAS,0.24,0.6751893939393939,0.1585365853658536
0,0,4,COMPAS,0.2699999999999999,0.678030303030303,0.1888846938004983
0,0,5,COMPAS,0.0,0.646780303030303,0.0063098993987737
0,0,5,COMPAS,0.03,0.646780303030303,0.0266980177391511
0,0,5,COMPAS,0.06,0.6496212121212122,0.0589767248050479
0,0,5,COMPAS,0.09,0.6496212121212122,0.0589767248050479
0,0,5,COMPAS,0.12,0.6477272727272727,0.0864783618072504
0,0,5,COMPAS,0.15,0.6505681818181818,0.1264063337103399
0,0,5,COMPAS,0.18,0.6647727272727273,0.1674950889933925
0,0,5,COMPAS,0.21,0.6714015151515151,0.1980772665039585
0,0,5,COMPAS,0.24,0.6714015151515151,0.1988213584141913
0,0,5,COMPAS,0.2699999999999999,0.6714015151515151,0.1988213584141913
0,0,6,COMPAS,0.0,0.6685606060606061,0.0360691939639308
0,0,6,COMPAS,0.03,0.6695075757575758,0.0006134216660532
0,0,6,COMPAS,0.06,0.6732954545454546,0.0509139982824193
0,0,6,COMPAS,0.09,0.6742424242424242,0.061832903938167
0,0,6,COMPAS,0.12,0.6789772727272727,0.0894368789105631
0,0,6,COMPAS,0.15,0.6770833333333334,0.0840387682492945
0,0,6,COMPAS,0.18,0.6770833333333334,0.1456263035210404
0,0,6,COMPAS,0.21,0.6837121212121212,0.1646423751686909
0,0,6,COMPAS,0.24,0.6837121212121212,0.2056189424610477
0,0,6,COMPAS,0.2699999999999999,0.6865530303030303,0.2626671574039995
0,0,7,COMPAS,0.0,0.6846590909090909,0.0061782745042206
0,0,7,COMPAS,0.03,0.6856060606060606,0.0080778410134019
0,0,7,COMPAS,0.06,0.6770833333333334,0.0152377455480081
0,0,7,COMPAS,0.09,0.6770833333333334,0.0389767068935156
0,0,7,COMPAS,0.12,0.6846590909090909,0.0524797398305751
0,0,7,COMPAS,0.15,0.6846590909090909,0.071572818589525
0,0,7,COMPAS,0.18,0.6922348484848485,0.1410287632585621
0,0,7,COMPAS,0.21,0.6903409090909091,0.1695409942938071
0,0,7,COMPAS,0.24,0.6903409090909091,0.2152579776173366
0,0,7,COMPAS,0.2699999999999999,0.6931818181818182,0.2367376912211552
0,0,8,COMPAS,0.0,0.665719696969697,0.0411154479407734
0,0,8,COMPAS,0.03,0.665719696969697,0.0634520396532071
0,0,8,COMPAS,0.06,0.6647727272727273,0.0700493938033228
0,0,8,COMPAS,0.09,0.678030303030303,0.1247164749634439
0,0,8,COMPAS,0.12,0.6770833333333334,0.1282051282051282
0,0,8,COMPAS,0.15,0.6799242424242424,0.1519579058869584
0,0,8,COMPAS,0.18,0.6808712121212122,0.169769610721564
0,0,8,COMPAS,0.21,0.678030303030303,0.2037005054517403
0,0,8,COMPAS,0.24,0.6770833333333334,0.230561984042002
0,0,8,COMPAS,0.2699999999999999,0.678030303030303,0.2411200534236007
0,0,9,COMPAS,0.0,0.6486742424242424,0.0047286114770155
0,0,9,COMPAS,0.03,0.6553030303030303,0.019150876481913
0,0,9,COMPAS,0.06,0.6647727272727273,0.0558539084225577
0,0,9,COMPAS,0.09,0.6704545454545454,0.1000776843314081
0,0,9,COMPAS,0.12,0.6723484848484849,0.1142635187624548
0,0,9,COMPAS,0.15,0.6761363636363636,0.1628556309881672
0,0,9,COMPAS,0.18,0.6903409090909091,0.1890318730930748
0,0,9,COMPAS,0.21,0.6827651515151515,0.2420148388331587
0,0,9,COMPAS,0.24,0.6846590909090909,0.2728859166188176
0,0,9,COMPAS,0.2699999999999999,0.6837121212121212,0.2713209713919006
0,0,10,COMPAS,0.0,0.6647727272727273,0.0183234081539165
0,0,10,COMPAS,0.03,0.6695075757575758,0.0099529421563319
0,0,10,COMPAS,0.06,0.6581439393939394,0.0308582850955732
0,0,10,COMPAS,0.09,0.6647727272727273,0.0652979636030483
0,0,10,COMPAS,0.12,0.6714015151515151,0.1034023237413068
0,0,10,COMPAS,0.15,0.6714015151515151,0.1074001582476159
0,0,10,COMPAS,0.18,0.6732954545454546,0.1433806688043976
0,0,10,COMPAS,0.21,0.6761363636363636,0.1907300212384958
0,0,10,COMPAS,0.24,0.6789772727272727,0.2064298504976471
0,0,10,COMPAS,0.2699999999999999,0.678030303030303,0.232873859992504
0,0,11,COMPAS,0.0,0.6420454545454546,0.0052802828160007
0,0,11,COMPAS,0.03,0.6505681818181818,0.0336181758818297
0,0,11,COMPAS,0.06,0.6448863636363636,0.0421747109354769
0,0,11,COMPAS,0.09,0.6534090909090909,0.0810731696333074
0,0,11,COMPAS,0.12,0.6609848484848485,0.1015187849720223
0,0,11,COMPAS,0.15,0.6628787878787878,0.1488724513347069
0,0,11,COMPAS,0.18,0.6628787878787878,0.166390830997174
0,0,11,COMPAS,0.21,0.6647727272727273,0.2020580718523772
0,0,11,COMPAS,0.24,0.6685606060606061,0.2569099649857578
0,0,11,COMPAS,0.2699999999999999,0.6609848484848485,0.2884115243016855
0,0,12,COMPAS,0.0,0.6515151515151515,0.0071581641764391
0,0,12,COMPAS,0.03,0.6534090909090909,0.0262664444312161
0,0,12,COMPAS,0.06,0.6534090909090909,0.033171617358176
0,0,12,COMPAS,0.09,0.6543560606060606,0.042621584618132
0,0,12,COMPAS,0.12,0.6628787878787878,0.1087713554378236
0,0,12,COMPAS,0.15,0.6704545454545454,0.1517798678492767
0,0,12,COMPAS,0.18,0.6770833333333334,0.2037026013453182
0,0,12,COMPAS,0.21,0.6685606060606061,0.2426781356033097
0,0,12,COMPAS,0.24,0.6742424242424242,0.3059557116495029
0,0,12,COMPAS,0.2699999999999999,0.6732954545454546,0.3193344841954879
0,0,13,COMPAS,0.0,0.6685606060606061,0.027965682230655
0,0,13,COMPAS,0.03,0.6676136363636364,0.0006599571027883
0,0,13,COMPAS,0.06,0.6723484848484849,0.0251608645438046
0,0,13,COMPAS,0.09,0.6676136363636364,0.1478303910245834
0,0,13,COMPAS,0.12,0.6676136363636364,0.1478303910245834
0,0,13,COMPAS,0.15,0.6676136363636364,0.1478303910245834
0,0,13,COMPAS,0.18,0.6723484848484849,0.1691965022273552
0,0,13,COMPAS,0.21,0.6647727272727273,0.1852004619699719
0,0,13,COMPAS,0.24,0.6619318181818182,0.2351097178683385
0,0,13,COMPAS,0.2699999999999999,0.6638257575757576,0.2486388384754991
0,0,14,COMPAS,0.0,0.6676136363636364,0.0128143169976591
0,0,14,COMPAS,0.03,0.6714015151515151,0.0279468398399154
0,0,14,COMPAS,0.06,0.6676136363636364,0.0602658008004228
0,0,14,COMPAS,0.09,0.6761363636363636,0.0848448236804349
0,0,14,COMPAS,0.12,0.6827651515151515,0.1253718945858188
0,0,14,COMPAS,0.15,0.6837121212121212,0.151310126104357
0,0,14,COMPAS,0.18,0.6893939393939394,0.1911802461677867
0,0,14,COMPAS,0.21,0.6884469696969697,0.2042210979385336
0,0,14,COMPAS,0.24,0.6893939393939394,0.2345692063731782
0,0,14,COMPAS,0.2699999999999999,0.6893939393939394,0.255395303179038
0,0,15,COMPAS,0.0,0.6789772727272727,0.0046271531972992
0,0,15,COMPAS,0.03,0.6761363636363636,0.0269998316718723
0,0,15,COMPAS,0.06,0.6827651515151515,0.0680756354386818
0,0,15,COMPAS,0.09,0.6789772727272727,0.1051751547683618
0,0,15,COMPAS,0.12,0.6846590909090909,0.1202274300035536
0,0,15,COMPAS,0.15,0.6846590909090909,0.1360801990012531
0,0,15,COMPAS,0.18,0.6922348484848485,0.1660276432191819
0,0,15,COMPAS,0.21,0.6856060606060606,0.1834552153664877
0,0,15,COMPAS,0.24,0.6979166666666666,0.2307254942300858
0,0,15,COMPAS,0.2699999999999999,0.696969696969697,0.2473002038640657
0,0,16,COMPAS,0.0,0.6714015151515151,0.0410580280852961
0,0,16,COMPAS,0.03,0.6732954545454546,0.0663347945612601
0,0,16,COMPAS,0.06,0.6837121212121212,0.0902964559031131
0,0,16,COMPAS,0.09,0.678030303030303,0.1285162344899323
0,0,16,COMPAS,0.12,0.6799242424242424,0.1527825247046586
0,0,16,COMPAS,0.15,0.678030303030303,0.1709413775169032
0,0,16,COMPAS,0.18,0.6751893939393939,0.1928820863362805
0,0,16,COMPAS,0.21,0.6742424242424242,0.237187012408054
0,0,16,COMPAS,0.24,0.6799242424242424,0.2576937365331748
0,0,16,COMPAS,0.2699999999999999,0.6884469696969697,0.2976298387695965
0,0,17,COMPAS,0.0,0.6799242424242424,0.0262353998203054
0,0,17,COMPAS,0.03,0.6818181818181818,0.004043126684636
0,0,17,COMPAS,0.06,0.678030303030303,0.0544474393530997
0,0,17,COMPAS,0.09,0.678030303030303,0.0774483378256963
0,0,17,COMPAS,0.12,0.6875,0.1298292902066486
0,0,17,COMPAS,0.15,0.6865530303030303,0.1502695417789757
0,0,17,COMPAS,0.18,0.6893939393939394,0.1881401617250673
0,0,17,COMPAS,0.21,0.6837121212121212,0.2025157232704402
0,0,17,COMPAS,0.24,0.6856060606060606,0.2419586702605571
0,0,17,COMPAS,0.2699999999999999,0.6856060606060606,0.2419586702605571
0,0,18,COMPAS,0.0,0.6666666666666666,0.0326829268292682
0,0,18,COMPAS,0.03,0.6666666666666666,0.0748780487804878
0,0,18,COMPAS,0.06,0.665719696969697,0.0764024390243902
0,0,18,COMPAS,0.09,0.6695075757575758,0.1235975609756097
0,0,18,COMPAS,0.12,0.6685606060606061,0.1603658536585366
0,0,18,COMPAS,0.15,0.6685606060606061,0.1603658536585366
0,0,18,COMPAS,0.18,0.6666666666666666,0.1867073170731707
0,0,18,COMPAS,0.21,0.6581439393939394,0.2093292682926829
0,0,18,COMPAS,0.24,0.6590909090909091,0.255
0,0,18,COMPAS,0.2699999999999999,0.6590909090909091,0.2559756097560975
0,0,19,COMPAS,0.0,0.6543560606060606,0.0202958716352015
0,0,19,COMPAS,0.03,0.6534090909090909,0.0150571645085829
0,0,19,COMPAS,0.06,0.6553030303030303,0.02997155502839
0,0,19,COMPAS,0.09,0.6619318181818182,0.0680702448024777
0,0,19,COMPAS,0.12,0.6619318181818182,0.0713869943878839
0,0,19,COMPAS,0.15,0.6704545454545454,0.105070673124444
0,0,19,COMPAS,0.18,0.6742424242424242,0.1282659549932457
0,0,19,COMPAS,0.21,0.6751893939393939,0.1520213502026292
0,0,19,COMPAS,0.24,0.6723484848484849,0.1625097470703875
0,0,19,COMPAS,0.2699999999999999,0.665719696969697,0.2039251864298815
0,0,20,COMPAS,0.0,0.6628787878787878,0.0167491608351823
0,0,20,COMPAS,0.03,0.6638257575757576,0.00815838880355
0,0,20,COMPAS,0.06,0.6666666666666666,0.037458041759117
0,0,20,COMPAS,0.09,0.6808712121212122,0.0837116686579051
0,0,20,COMPAS,0.12,0.6846590909090909,0.1138874665756386
0,0,20,COMPAS,0.15,0.6865530303030303,0.1610172384365932
0,0,20,COMPAS,0.18,0.6837121212121212,0.1943221255049211
0,0,20,COMPAS,0.21,0.678030303030303,0.2226318484383
0,0,20,COMPAS,0.24,0.6799242424242424,0.234647550776583
0,0,20,COMPAS,0.2699999999999999,0.6761363636363636,0.2568128804687944
0,0,21,COMPAS,0.0,0.6628787878787878,0.0001507567991316
0,0,21,COMPAS,0.03,0.6723484848484849,0.0399505517698848
0,0,21,COMPAS,0.06,0.6714015151515151,0.0503376952300548
0,0,21,COMPAS,0.09,0.6714015151515151,0.0622776337212808
0,0,21,COMPAS,0.12,0.678030303030303,0.1022734125309051
0,0,21,COMPAS,0.15,0.678030303030303,0.155460411264548
0,0,21,COMPAS,0.18,0.6789772727272727,0.1711843454139782
0,0,21,COMPAS,0.21,0.6837121212121212,0.1806970994391847
0,0,21,COMPAS,0.24,0.6818181818181818,0.2253512633419767
0,0,21,COMPAS,0.2699999999999999,0.6818181818181818,0.2403967918953145
0,0,22,COMPAS,0.0,0.6553030303030303,0.0794541341746532
0,0,22,COMPAS,0.03,0.65625,0.096761712006667
0,0,22,COMPAS,0.06,0.65625,0.096761712006667
0,0,22,COMPAS,0.09,0.6600378787878788,0.1100363116852193
0,0,22,COMPAS,0.12,0.665719696969697,0.1444431216143818
0,0,22,COMPAS,0.15,0.6581439393939394,0.1839395202095363
0,0,22,COMPAS,0.18,0.6628787878787878,0.202199535686648
0,0,22,COMPAS,0.21,0.6704545454545454,0.2304452645990832
0,0,22,COMPAS,0.24,0.6723484848484849,0.2289570807786177
0,0,22,COMPAS,0.2699999999999999,0.6761363636363636,0.260179177331984
0,0,23,COMPAS,0.0,0.6676136363636364,0.0057285088045174
0,0,23,COMPAS,0.03,0.6685606060606061,0.0397206330336578
0,0,23,COMPAS,0.06,0.678030303030303,0.0693662233449736
0,0,23,COMPAS,0.09,0.6704545454545454,0.0931867152091537
0,0,23,COMPAS,0.12,0.6799242424242424,0.1210936919533398
0,0,23,COMPAS,0.15,0.6827651515151515,0.15508581618248
0,0,23,COMPAS,0.18,0.6837121212121212,0.1887956014562746
0,0,23,COMPAS,0.21,0.6761363636363636,0.2319488817891373
0,0,23,COMPAS,0.24,0.6818181818181818,0.2547588973920796
0,0,23,COMPAS,0.2699999999999999,0.6799242424242424,0.2508358719072739
0,0,24,COMPAS,0.0,0.6571969696969697,0.0522178467939668
0,0,24,COMPAS,0.03,0.6590909090909091,0.0742997250910171
0,0,24,COMPAS,0.06,0.6619318181818182,0.0915892711196968
0,0,24,COMPAS,0.09,0.6619318181818182,0.1219629987369047
0,0,24,COMPAS,0.12,0.6581439393939394,0.1734081283899249
0,0,24,COMPAS,0.15,0.6600378787878788,0.1976744186046511
0,0,24,COMPAS,0.18,0.6571969696969697,0.2480867820789062
0,0,24,COMPAS,0.21,0.65625,0.2575302771379745
0,0,24,COMPAS,0.24,0.6600378787878788,0.2918270302399881
0,0,24,COMPAS,0.2699999999999999,0.65625,0.3224830968125417
0,0,25,COMPAS,0.0,0.6647727272727273,0.0037393162393162
0,0,25,COMPAS,0.03,0.6647727272727273,0.0251068376068375
0,0,25,COMPAS,0.06,0.6685606060606061,0.0614316239316238
0,0,25,COMPAS,0.09,0.665719696969697,0.110042735042735
0,0,25,COMPAS,0.12,0.6628787878787878,0.0984686609686609
0,0,25,COMPAS,0.15,0.6647727272727273,0.1298076923076923
0,0,25,COMPAS,0.18,0.6600378787878788,0.1477920227920228
0,0,25,COMPAS,0.21,0.6600378787878788,0.1752136752136752
0,0,25,COMPAS,0.24,0.6581439393939394,0.1987179487179486
0,0,25,COMPAS,0.2699999999999999,0.6619318181818182,0.2329059829059829
0,0,26,COMPAS,0.0,0.6714015151515151,0.0816864099053515
0,0,26,COMPAS,0.03,0.6695075757575758,0.0988898148699327
0,0,26,COMPAS,0.06,0.6761363636363636,0.1324483600214298
0,0,26,COMPAS,0.09,0.6808712121212122,0.1593100779808322
0,0,26,COMPAS,0.12,0.6789772727272727,0.1826745639621406
0,0,26,COMPAS,0.15,0.6827651515151515,0.2015744984820525
0,0,26,COMPAS,0.18,0.6818181818181818,0.2142091791178046
0,0,26,COMPAS,0.21,0.6789772727272727,0.2275879516637896
0,0,26,COMPAS,0.24,0.6808712121212122,0.2882165605095541
0,0,26,COMPAS,0.2699999999999999,0.6846590909090909,0.3039317816536698
0,0,27,COMPAS,0.0,0.6837121212121212,0.0247978436657682
0,0,27,COMPAS,0.03,0.6988636363636364,0.0391734052111411
0,0,27,COMPAS,0.06,0.696969696969697,0.0478885893980233
0,0,27,COMPAS,0.09,0.696969696969697,0.07151841868823
0,0,27,COMPAS,0.12,0.7121212121212122,0.119047619047619
0,0,27,COMPAS,0.15,0.7168560606060606,0.1364330637915544
0,0,27,COMPAS,0.18,0.7121212121212122,0.1506738544474393
0,0,27,COMPAS,0.21,0.7140151515151515,0.2004492362982929
0,0,27,COMPAS,0.24,0.7121212121212122,0.2539982030548068
0,0,27,COMPAS,0.2699999999999999,0.7064393939393939,0.2879604672057503
0,0,28,COMPAS,0.0,0.6619318181818182,0.0008149717723413
0,0,28,COMPAS,0.03,0.6609848484848485,0.0302650880910397
0,0,28,COMPAS,0.06,0.6685606060606061,0.0686873027397869
0,0,28,COMPAS,0.09,0.6714015151515151,0.08272704372694
0,0,28,COMPAS,0.12,0.6799242424242424,0.1343295745847348
0,0,28,COMPAS,0.15,0.6789772727272727,0.1384562952864996
0,0,28,COMPAS,0.18,0.6846590909090909,0.1787010831715738
0,0,28,COMPAS,0.21,0.6865530303030303,0.1918295375405633
0,0,28,COMPAS,0.24,0.6846590909090909,0.2053877042986056
0,0,28,COMPAS,0.2699999999999999,0.6884469696969697,0.2380754812037874
0,0,29,COMPAS,0.0,0.6808712121212122,0.080295566502463
0,0,29,COMPAS,0.03,0.6808712121212122,0.0652140962485789
0,0,29,COMPAS,0.06,0.6837121212121212,0.0609018567639257
0,0,29,COMPAS,0.09,0.6751893939393939,0.0196513830996589
0,0,29,COMPAS,0.12,0.6808712121212122,0.0351269420234937
0,0,29,COMPAS,0.15,0.6875,0.0853050397877984
0,0,29,COMPAS,0.18,0.6846590909090909,0.0908450170519136
0,0,29,COMPAS,0.21,0.6846590909090909,0.1176278893520272
0,0,29,COMPAS,0.24,0.6837121212121212,0.1431754452444107
0,0,29,COMPAS,0.2699999999999999,0.6751893939393939,0.1893368700265252
0,0,30,COMPAS,0.0,0.6723484848484849,0.0719191511769912
0,0,30,COMPAS,0.03,0.6761363636363636,0.0727482549606176
0,0,30,COMPAS,0.06,0.6808712121212122,0.1263823064770932
0,0,30,COMPAS,0.09,0.6751893939393939,0.1547959172240708
0,0,30,COMPAS,0.12,0.6799242424242424,0.1973603128186167
0,0,30,COMPAS,0.15,0.6856060606060606,0.2202166873942612
0,0,30,COMPAS,0.18,0.6799242424242424,0.248630298141239
0,0,30,COMPAS,0.21,0.6818181818181818,0.2667809485395448
0,0,30,COMPAS,0.24,0.6837121212121212,0.2801810583397757
0,0,30,COMPAS,0.2699999999999999,0.6837121212121212,0.3093565482392749
0,0,31,COMPAS,0.0,0.6628787878787878,0.0247474747474747
0,0,31,COMPAS,0.03,0.6619318181818182,0.0484848484848485
0,0,31,COMPAS,0.06,0.6695075757575758,0.0828282828282828
0,0,31,COMPAS,0.09,0.6732954545454546,0.1151515151515151
0,0,31,COMPAS,0.12,0.6685606060606061,0.1085858585858586
0,0,31,COMPAS,0.15,0.6685606060606061,0.154040404040404
0,0,31,COMPAS,0.18,0.6714015151515151,0.1727272727272727
0,0,31,COMPAS,0.21,0.6770833333333334,0.2050505050505051
0,0,31,COMPAS,0.24,0.6761363636363636,0.2247474747474747
0,0,31,COMPAS,0.2699999999999999,0.6723484848484849,0.257070707070707
0,0,32,COMPAS,0.0,0.6638257575757576,0.0293140204493767
0,0,32,COMPAS,0.03,0.6619318181818182,0.0657392385997909
0,0,32,COMPAS,0.06,0.6695075757575758,0.0641056863354851
0,0,32,COMPAS,0.09,0.6676136363636364,0.0916737541353975
0,0,32,COMPAS,0.12,0.6647727272727273,0.1202496787222324
0,0,32,COMPAS,0.15,0.6676136363636364,0.1518379336313192
0,0,32,COMPAS,0.18,0.6685606060606061,0.1669108252810946
0,0,32,COMPAS,0.21,0.6732954545454546,0.1803501646665642
0,0,32,COMPAS,0.24,0.6761363636363636,0.2135719718399568
0,0,32,COMPAS,0.2699999999999999,0.6685606060606061,0.2325376634957269
0,0,33,COMPAS,0.0,0.665719696969697,0.0510949985202722
0,0,33,COMPAS,0.03,0.6685606060606061,0.0781888132583604
0,0,33,COMPAS,0.06,0.6723484848484849,0.0944954128440367
0,0,33,COMPAS,0.09,0.6742424242424242,0.1002663509914175
0,0,33,COMPAS,0.12,0.6666666666666666,0.1405149452500739
0,0,33,COMPAS,0.15,0.665719696969697,0.1866380585972181
0,0,33,COMPAS,0.18,0.6676136363636364,0.2061704646345072
0,0,33,COMPAS,0.21,0.6695075757575758,0.2217963894643385
0,0,33,COMPAS,0.24,0.6666666666666666,0.2498964190588932
0,0,33,COMPAS,0.2699999999999999,0.6647727272727273,0.2740159810594851
0,0,34,COMPAS,0.0,0.6799242424242424,0.036059136059136
0,0,34,COMPAS,0.03,0.6884469696969697,0.0692076692076691
0,0,34,COMPAS,0.06,0.6893939393939394,0.0829059829059828
0,0,34,COMPAS,0.09,0.6903409090909091,0.1128667128667128
0,0,34,COMPAS,0.12,0.6931818181818182,0.1295680295680296
0,0,34,COMPAS,0.15,0.6931818181818182,0.1672210672210672
0,0,34,COMPAS,0.18,0.7017045454545454,0.1881727881727881
0,0,34,COMPAS,0.21,0.6903409090909091,0.2344652344652344
0,0,34,COMPAS,0.24,0.6903409090909091,0.2344652344652344
0,0,34,COMPAS,0.2699999999999999,0.6903409090909091,0.2344652344652344
0,0,35,COMPAS,0.0,0.665719696969697,0.0213753459655098
0,0,35,COMPAS,0.03,0.6590909090909091,0.0462848626783052
0,0,35,COMPAS,0.06,0.6619318181818182,0.054077070470513
0,0,35,COMPAS,0.09,0.6581439393939394,0.0841388120076644
0,0,35,COMPAS,0.12,0.6609848484848485,0.0967851820310836
0,0,35,COMPAS,0.15,0.6628787878787878,0.136214605067064
0,0,35,COMPAS,0.18,0.6676136363636364,0.1540557802852885
0,0,35,COMPAS,0.21,0.6714015151515151,0.2203108367042793
0,0,35,COMPAS,0.24,0.6770833333333334,0.2522461145411965
0,0,35,COMPAS,0.2699999999999999,0.6770833333333334,0.2574409197360017
0,0,36,COMPAS,0.0,0.6647727272727273,0.0305872071527007
0,0,36,COMPAS,0.03,0.6590909090909091,0.0056916854335428
0,0,36,COMPAS,0.06,0.6581439393939394,0.0332873965020783
0,0,36,COMPAS,0.09,0.6609848484848485,0.0656784645894255
0,0,36,COMPAS,0.12,0.6609848484848485,0.0774875914535085
0,0,36,COMPAS,0.15,0.6676136363636364,0.1090271475468611
0,0,36,COMPAS,0.18,0.6685606060606061,0.1445105486650308
0,0,36,COMPAS,0.21,0.6666666666666666,0.1760389006531993
0,0,36,COMPAS,0.24,0.6628787878787878,0.2083963564249941
0,0,36,COMPAS,0.2699999999999999,0.6628787878787878,0.2083963564249941
0,0,37,COMPAS,0.0,0.6638257575757576,0.0938674812030074
0,0,37,COMPAS,0.03,0.6619318181818182,0.0634398496240601
0,0,37,COMPAS,0.06,0.6638257575757576,0.0401785714285714
0,0,37,COMPAS,0.09,0.6666666666666666,0.0057565789473684
0,0,37,COMPAS,0.12,0.6695075757575758,0.0400610902255639
0,0,37,COMPAS,0.15,0.6628787878787878,0.0556860902255639
0,0,37,COMPAS,0.18,0.665719696969697,0.0805921052631579
0,0,37,COMPAS,0.21,0.6723484848484849,0.1213580827067669
0,0,37,COMPAS,0.24,0.6742424242424242,0.146968984962406
0,0,37,COMPAS,0.2699999999999999,0.6742424242424242,0.1687030075187969
0,0,38,COMPAS,0.0,0.6401515151515151,0.0037271461716937
0,0,38,COMPAS,0.03,0.6505681818181818,0.0395693735498839
0,0,38,COMPAS,0.06,0.6534090909090909,0.0632501160092807
0,0,38,COMPAS,0.09,0.6543560606060606,0.1125308584686775
0,0,38,COMPAS,0.12,0.6524621212121212,0.1203712296983758
0,0,38,COMPAS,0.15,0.6571969696969697,0.1618932714617169
0,0,38,COMPAS,0.18,0.6590909090909091,0.2003749419953596
0,0,38,COMPAS,0.21,0.6553030303030303,0.1968556844547564
0,0,38,COMPAS,0.24,0.65625,0.2440575406032483
0,0,38,COMPAS,0.2699999999999999,0.6543560606060606,0.2697392111368909
0,0,39,COMPAS,0.0,0.6723484848484849,0.0268194070080862
0,0,39,COMPAS,0.03,0.6751893939393939,0.0489667565139263
0,0,39,COMPAS,0.06,0.6742424242424242,0.0632075471698113
0,0,39,COMPAS,0.09,0.6770833333333334,0.1035040431266846
0,0,39,COMPAS,0.12,0.6789772727272727,0.1360287511230907
0,0,39,COMPAS,0.15,0.6789772727272727,0.1810422282120395
0,0,39,COMPAS,0.18,0.6856060606060606,0.2134321653189577
0,0,39,COMPAS,0.21,0.6808712121212122,0.2292902066486972
0,0,39,COMPAS,0.24,0.6770833333333334,0.2680143755615454
0,0,39,COMPAS,0.2699999999999999,0.6789772727272727,0.271967654986523
0,0,40,COMPAS,0.0,0.6477272727272727,0.0054165991127094
0,0,40,COMPAS,0.03,0.6458333333333334,0.0321384880687429
0,0,40,COMPAS,0.06,0.6486742424242424,0.0531342579627692
0,0,40,COMPAS,0.09,0.6553030303030303,0.0898713281353633
0,0,40,COMPAS,0.12,0.6524621212121212,0.156292835350126
0,0,40,COMPAS,0.15,0.6609848484848485,0.1604566156204401
0,0,40,COMPAS,0.18,0.6609848484848485,0.2014459003345763
0,0,40,COMPAS,0.21,0.6590909090909091,0.2208130057334886
0,0,40,COMPAS,0.24,0.665719696969697,0.2490456468229988
0,0,40,COMPAS,0.2699999999999999,0.6704545454545454,0.2765560746974811
0,0,41,COMPAS,0.0,0.6212121212121212,0.0529845741113346
0,0,41,COMPAS,0.03,0.6183712121212122,0.0061032863849764
0,0,41,COMPAS,0.06,0.6240530303030303,0.0183992845964677
0,0,41,COMPAS,0.09,0.6325757575757576,0.0443550190029062
0,0,41,COMPAS,0.12,0.6287878787878788,0.0647887323943662
0,0,41,COMPAS,0.15,0.6354166666666666,0.0932930918846411
0,0,41,COMPAS,0.18,0.6382575757575758,0.146031746031746
0,0,41,COMPAS,0.21,0.6392045454545454,0.1837916387212162
0,0,41,COMPAS,0.24,0.6448863636363636,0.2284596467695059
0,0,41,COMPAS,0.2699999999999999,0.6505681818181818,0.2441985244802146
0,0,42,COMPAS,0.0,0.6515151515151515,0.0295527547550638
0,0,42,COMPAS,0.03,0.6496212121212122,0.0215997198362699
0,0,42,COMPAS,0.06,0.6524621212121212,0.0506667068335096
0,0,42,COMPAS,0.09,0.65625,0.0603519368577227
0,0,42,COMPAS,0.12,0.6571969696969697,0.0930113458779405
0,0,42,COMPAS,0.15,0.665719696969697,0.133977760121103
0,0,42,COMPAS,0.18,0.6619318181818182,0.1656317428518709
0,0,42,COMPAS,0.21,0.6714015151515151,0.1708283281681283
0,0,42,COMPAS,0.24,0.6685606060606061,0.2268347146961692
0,0,42,COMPAS,0.2699999999999999,0.6704545454545454,0.2634894693834515
0,0,43,COMPAS,0.0,0.6524621212121212,0.0128132626942079
0,0,43,COMPAS,0.03,0.6590909090909091,0.0460146437287933
0,0,43,COMPAS,0.06,0.665719696969697,0.0633222215608071
0,0,43,COMPAS,0.09,0.6704545454545454,0.0830704208583844
0,0,43,COMPAS,0.12,0.6704545454545454,0.1039942853741294
0,0,43,COMPAS,0.15,0.6676136363636364,0.1402017977260551
0,0,43,COMPAS,0.18,0.6666666666666666,0.150604202631109
0,0,43,COMPAS,0.21,0.6628787878787878,0.205607476635514
0,0,43,COMPAS,0.24,0.6581439393939394,0.2133609143401393
0,0,43,COMPAS,0.2699999999999999,0.65625,0.2354455622358474
0,0,44,COMPAS,0.0,0.6401515151515151,0.0529709914526717
0,0,44,COMPAS,0.03,0.6458333333333334,0.0893747545214805
0,0,44,COMPAS,0.06,0.6486742424242424,0.0996502515570351
0,0,44,COMPAS,0.09,0.6534090909090909,0.1241775300652739
0,0,44,COMPAS,0.12,0.6553030303030303,0.1431275366113677
0,0,44,COMPAS,0.15,0.6590909090909091,0.1778779434043428
0,0,44,COMPAS,0.18,0.6581439393939394,0.2142031533469243
0,0,44,COMPAS,0.21,0.6628787878787878,0.2315783567434117
0,0,44,COMPAS,0.24,0.6619318181818182,0.2339536536555257
0,0,44,COMPAS,0.2699999999999999,0.6619318181818182,0.2520507976882937
0,0,45,COMPAS,0.0,0.6458333333333334,0.0147617564621613
0,0,45,COMPAS,0.03,0.6505681818181818,0.0002024291497975
0,0,45,COMPAS,0.06,0.6534090909090909,0.0391778262223606
0,0,45,COMPAS,0.09,0.6590909090909091,0.0684521955777016
0,0,45,COMPAS,0.12,0.6609848484848485,0.1001868576767361
0,0,45,COMPAS,0.15,0.6543560606060606,0.1080815945188414
0,0,45,COMPAS,0.18,0.6534090909090909,0.1565867331049517
0,0,45,COMPAS,0.21,0.65625,0.1722049205854873
0,0,45,COMPAS,0.24,0.6515151515151515,0.2335409529741513
0,0,45,COMPAS,0.2699999999999999,0.6571969696969697,0.2524447212706322
0,0,46,COMPAS,0.0,0.6543560606060606,0.0465269757465764
0,0,46,COMPAS,0.03,0.6590909090909091,0.021861079029863
0,0,46,COMPAS,0.06,0.6590909090909091,0.0091569048011879
0,0,46,COMPAS,0.09,0.6619318181818182,0.0273882197657152
0,0,46,COMPAS,0.12,0.665719696969697,0.0630259033162844
0,0,46,COMPAS,0.15,0.6676136363636364,0.095363801352912
0,0,46,COMPAS,0.18,0.6619318181818182,0.1184622999505032
0,0,46,COMPAS,0.21,0.6685606060606061,0.1588021778584392
0,0,46,COMPAS,0.24,0.6685606060606061,0.1919650222735522
0,0,46,COMPAS,0.2699999999999999,0.6666666666666666,0.1856954297970632
0,0,47,COMPAS,0.0,0.665719696969697,0.0304055187843758
0,0,47,COMPAS,0.03,0.6695075757575758,0.0203225505733196
0,0,47,COMPAS,0.06,0.6704545454545454,0.0104595879556259
0,0,47,COMPAS,0.09,0.6818181818181818,0.0483005500139834
0,0,47,COMPAS,0.12,0.6770833333333334,0.0640999347441036
0,0,47,COMPAS,0.15,0.6856060606060606,0.1011242658711662
0,0,47,COMPAS,0.18,0.6827651515151515,0.1066467791554022
0,0,47,COMPAS,0.21,0.6770833333333334,0.1735881420714086
0,0,47,COMPAS,0.24,0.6761363636363636,0.1957266710170597
0,0,47,COMPAS,0.2699999999999999,0.6761363636363636,0.2240589167521207
0,0,48,COMPAS,0.0,0.6373106060606061,0.0251187538498165
0,0,48,COMPAS,0.03,0.646780303030303,0.0161928479383878
0,0,48,COMPAS,0.06,0.646780303030303,0.061774675670671
0,0,48,COMPAS,0.09,0.6515151515151515,0.0859713630334475
0,0,48,COMPAS,0.12,0.6515151515151515,0.1077230626211629
0,0,48,COMPAS,0.15,0.6590909090909091,0.1419528914720186
0,0,48,COMPAS,0.18,0.6628787878787878,0.1574088420129769
0,0,48,COMPAS,0.21,0.6647727272727273,0.203383681690556
0,0,48,COMPAS,0.24,0.665719696969697,0.1908790997003284
0,0,48,COMPAS,0.2699999999999999,0.6581439393939394,0.2417439149280297
0,0,49,COMPAS,0.0,0.6628787878787878,0.0266087267099232
0,0,49,COMPAS,0.03,0.6732954545454546,0.0071581641764391
0,0,49,COMPAS,0.06,0.6714015151515151,0.0157598666587296
0,0,49,COMPAS,0.09,0.6695075757575758,0.0505833680576224
0,0,49,COMPAS,0.12,0.6619318181818182,0.0815971188761235
0,0,49,COMPAS,0.15,0.6619318181818182,0.1061223882373951
0,0,49,COMPAS,0.18,0.6666666666666666,0.1558128460027382
0,0,49,COMPAS,0.21,0.6714015151515151,0.1937168879099946
0,0,49,COMPAS,0.24,0.6714015151515151,0.2155931900708375
0,0,49,COMPAS,0.2699999999999999,0.6666666666666666,0.2375736650991131
