,Unnamed: 0,seed,dataset,level,acc,disparity
0,0,0,AdultCensus,0.0,0.8385996041766192,0.0136726220226891
0,0,0,AdultCensus,0.02,0.840442230260015,0.029049283288367
0,0,0,AdultCensus,0.04,0.8407834573124957,0.0294604214953478
0,0,0,AdultCensus,0.06,0.8476762437726063,0.0719595937214239
0,0,0,AdultCensus,0.08,0.8493141336245138,0.0911152055670052
0,0,0,AdultCensus,0.1,0.8499283423189791,0.1120090587213799
0,0,0,AdultCensus,0.12,0.8522486862758479,0.1346297385073714
0,0,0,AdultCensus,0.14,0.8539548215382515,0.1523403025812698
0,0,0,AdultCensus,0.16,0.8525899133283287,0.1640110126455319
0,0,0,AdultCensus,0.18,0.8527946495598171,0.1666716396050689
0,0,1,AdultCensus,0.0,0.8245410496144134,0.0446300899612224
0,0,1,AdultCensus,0.02,0.8245410496144134,0.0446300899612224
0,0,1,AdultCensus,0.04,0.8415341568279533,0.0397393901722776
0,0,1,AdultCensus,0.06,0.8426943288063877,0.0502657212799906
0,0,1,AdultCensus,0.08,0.8454241452262335,0.0664106427202003
0,0,1,AdultCensus,0.1,0.846584317204668,0.0990020562227692
0,0,1,AdultCensus,0.12,0.8486999249300484,0.1252039434866904
0,0,1,AdultCensus,0.14,0.8493141336245138,0.1438694545720207
0,0,1,AdultCensus,0.16,0.8493141336245138,0.1438694545720207
0,0,1,AdultCensus,0.18,0.8493141336245138,0.1438694545720207
0,0,2,AdultCensus,0.0,0.8263154302873131,0.0064275889894303
0,0,2,AdultCensus,0.02,0.8297277008121204,0.0170035226490449
0,0,2,AdultCensus,0.04,0.8306148911485702,0.0229299255127676
0,0,2,AdultCensus,0.06,0.8364157510407425,0.0614001704890639
0,0,2,AdultCensus,0.08,0.8389408312290998,0.0780643292179066
0,0,2,AdultCensus,0.1,0.8429673104483724,0.1017511152928386
0,0,2,AdultCensus,0.12,0.8440592370163107,0.1241567824970533
0,0,2,AdultCensus,0.14,0.844673445710776,0.1447868423989475
0,0,2,AdultCensus,0.16,0.8463795809731796,0.1647486963899767
0,0,2,AdultCensus,0.18,0.8473350167201256,0.1691404610405275
0,0,3,AdultCensus,0.0,0.839009076639596,0.0046534899431016
0,0,3,AdultCensus,0.02,0.8393503036920767,0.0061939538409525
0,0,3,AdultCensus,0.04,0.8439227461953184,0.0427072882058553
0,0,3,AdultCensus,0.06,0.8439909916058145,0.044863374683077
0,0,3,AdultCensus,0.08,0.8476079983621101,0.0835685909553266
0,0,3,AdultCensus,0.1,0.8492458882140176,0.1035481757963989
0,0,3,AdultCensus,0.12,0.849450624445506,0.1217802126139314
0,0,3,AdultCensus,0.14,0.8497918514979867,0.1414759128055252
0,0,3,AdultCensus,0.16,0.850406060192452,0.149673423418219
0,0,3,AdultCensus,0.18,0.8507472872449328,0.1713667774966566
0,0,4,AdultCensus,0.0,0.8351190882413158,0.0116686382418712
0,0,4,AdultCensus,0.02,0.8381901317136422,0.033054722782797
0,0,4,AdultCensus,0.04,0.840919948133488,0.0446633904363673
0,0,4,AdultCensus,0.06,0.8427625742168839,0.0676912540603857
0,0,4,AdultCensus,0.08,0.8473350167201256,0.0860679647856411
0,0,4,AdultCensus,0.1,0.8489046611615368,0.116613166921689
0,0,4,AdultCensus,0.12,0.8503378147819559,0.134845025934542
0,0,4,AdultCensus,0.14,0.8501330785504675,0.1449899311319494
0,0,4,AdultCensus,0.16,0.851770968402375,0.1632303814369466
0,0,4,AdultCensus,0.18,0.8517027229918788,0.1750170657174468
0,0,5,AdultCensus,0.0,0.836688732682727,0.0063648545014434
0,0,5,AdultCensus,0.02,0.8365522418617348,0.0116765188792548
0,0,5,AdultCensus,0.04,0.8389408312290998,0.0208839035201073
0,0,5,AdultCensus,0.06,0.8389408312290998,0.0208839035201073
0,0,5,AdultCensus,0.08,0.8478127345935986,0.0882669776469217
0,0,5,AdultCensus,0.1,0.8496553606769944,0.1037819109491738
0,0,5,AdultCensus,0.12,0.8492458882140176,0.1261509732279953
0,0,5,AdultCensus,0.14,0.8502695693714598,0.1482174589821942
0,0,5,AdultCensus,0.16,0.8506107964239404,0.1564762778315503
0,0,5,AdultCensus,0.18,0.850406060192452,0.1561623626053422
0,0,6,AdultCensus,0.0,0.8203780795741487,0.071502272861267
0,0,6,AdultCensus,0.02,0.8327987442844469,0.0157718352921624
0,0,6,AdultCensus,0.04,0.8397597761550536,0.0126662886125917
0,0,6,AdultCensus,0.06,0.8495188698560022,0.06726503282989
0,0,6,AdultCensus,0.08,0.8514297413498942,0.0876391426165739
0,0,6,AdultCensus,0.1,0.8532041220227939,0.1114772076819676
0,0,6,AdultCensus,0.12,0.8545007848222207,0.1285286998877359
0,0,6,AdultCensus,0.14,0.855592711390159,0.1478511331261421
0,0,6,AdultCensus,0.16,0.8553879751586706,0.1626455268686593
0,0,6,AdultCensus,0.18,0.8547055210537091,0.1627348072209088
0,0,7,AdultCensus,0.0,0.8265884119292978,0.0024047616310197
0,0,7,AdultCensus,0.02,0.8312290998430355,0.0276125182370179
0,0,7,AdultCensus,0.04,0.8343001433153621,0.0377746060187139
0,0,7,AdultCensus,0.06,0.8389408312290998,0.0648811434740313
0,0,7,AdultCensus,0.08,0.8426260833958916,0.0887687890822196
0,0,7,AdultCensus,0.1,0.8457653722787143,0.1059084379670593
0,0,7,AdultCensus,0.12,0.8467208080256603,0.1261982483618743
0,0,7,AdultCensus,0.14,0.8483586978775677,0.1450557977050552
0,0,7,AdultCensus,0.16,0.8478809800040947,0.1656341112706256
0,0,7,AdultCensus,0.18,0.8479492254145908,0.1714707782569388
0,0,8,AdultCensus,0.0,0.8316385723060125,0.0015953515756194
0,0,8,AdultCensus,0.02,0.8332082167474237,0.0118872997671089
0,0,8,AdultCensus,0.04,0.839964512386542,0.0433903219472064
0,0,8,AdultCensus,0.06,0.8416024022384495,0.0543913624788379
0,0,8,AdultCensus,0.08,0.8451511635842489,0.0816706043931188
0,0,8,AdultCensus,0.1,0.8457653722787143,0.0942940323979677
0,0,8,AdultCensus,0.12,0.8486316795195523,0.1179237467056238
0,0,8,AdultCensus,0.14,0.8467208080256603,0.1382233520239948
0,0,8,AdultCensus,0.16,0.8474715075411179,0.1514399769305001
0,0,8,AdultCensus,0.18,0.8473350167201256,0.1771787248681368
0,0,9,AdultCensus,0.0,0.8246092950249095,0.0511958422382787
0,0,9,AdultCensus,0.02,0.8413976660069611,0.0234899461632961
0,0,9,AdultCensus,0.04,0.8429673104483724,0.0343549196759678
0,0,9,AdultCensus,0.06,0.8440592370163107,0.0471517966740296
0,0,9,AdultCensus,0.08,0.8463113355626835,0.0713615817691819
0,0,9,AdultCensus,0.1,0.8469937896676448,0.0770860723047195
0,0,9,AdultCensus,0.12,0.8509520234764212,0.1025115839706014
0,0,9,AdultCensus,0.14,0.8507472872449328,0.1389041005248134
0,0,9,AdultCensus,0.16,0.8514979867603903,0.1550805142886439
0,0,9,AdultCensus,0.18,0.8506107964239404,0.1586690385874749
0,0,10,AdultCensus,0.0,0.8305466457380741,0.0027465339428164
0,0,10,AdultCensus,0.02,0.8363475056302464,0.025534151509353
0,0,10,AdultCensus,0.04,0.8369617143247117,0.0343449017438694
0,0,10,AdultCensus,0.06,0.8377806592506654,0.0531565788475656
0,0,10,AdultCensus,0.08,0.8443322186582952,0.0817500931709777
0,0,10,AdultCensus,0.1,0.8457653722787143,0.1031843849229616
0,0,10,AdultCensus,0.12,0.8486999249300484,0.1252890152364328
0,0,10,AdultCensus,0.14,0.8482222070565755,0.1418681246153303
0,0,10,AdultCensus,0.16,0.8476762437726063,0.166620835328852
0,0,10,AdultCensus,0.18,0.848017470825087,0.1720495022224235
0,0,11,AdultCensus,0.0,0.8246092950249095,0.0592095816910293
0,0,11,AdultCensus,0.02,0.831433836074524,0.0331525849910754
0,0,11,AdultCensus,0.04,0.8373711867876885,0.0059475151120647
0,0,11,AdultCensus,0.06,0.8398962669760459,0.024538007895207
0,0,11,AdultCensus,0.08,0.8444004640687913,0.0686515745955676
0,0,11,AdultCensus,0.1,0.8471985258991332,0.0918165387664721
0,0,11,AdultCensus,0.12,0.8473350167201256,0.118640316577657
0,0,11,AdultCensus,0.14,0.8471985258991332,0.120780668671429
0,0,11,AdultCensus,0.16,0.8473350167201256,0.1432563586921768
0,0,11,AdultCensus,0.18,0.848017470825087,0.1618951483299749
0,0,12,AdultCensus,0.0,0.8343001433153621,0.005773705865544
0,0,12,AdultCensus,0.02,0.8383266225346345,0.0201711284878697
0,0,12,AdultCensus,0.04,0.8389408312290998,0.0240877338847341
0,0,12,AdultCensus,0.06,0.8389408312290998,0.0240877338847341
0,0,12,AdultCensus,0.08,0.8468572988466526,0.0779441537512792
0,0,12,AdultCensus,0.1,0.847539752951614,0.0950377429997906
0,0,12,AdultCensus,0.12,0.8492458882140176,0.1167213675529556
0,0,12,AdultCensus,0.14,0.8503378147819559,0.1385918075197085
0,0,12,AdultCensus,0.16,0.8515662321708866,0.1557090651166894
0,0,12,AdultCensus,0.18,0.8515662321708866,0.1557090651166894
0,0,13,AdultCensus,0.0,0.8310243636115471,0.0004786795728453
0,0,13,AdultCensus,0.02,0.8352555790623081,0.0285926640327868
0,0,13,AdultCensus,0.04,0.837098205145704,0.042923124576144
0,0,13,AdultCensus,0.06,0.8381218863031461,0.0567428412873653
0,0,13,AdultCensus,0.08,0.841875383880434,0.0889865556446928
0,0,13,AdultCensus,0.1,0.8425578379853955,0.1104833990965004
0,0,13,AdultCensus,0.12,0.8452194089947451,0.1263501148864506
0,0,13,AdultCensus,0.14,0.8459701085102027,0.1415003307019683
0,0,13,AdultCensus,0.16,0.8464478263836757,0.1554227159140158
0,0,13,AdultCensus,0.18,0.8471302804886371,0.1622812190621811
0,0,14,AdultCensus,0.0,0.831433836074524,0.0061123430547063
0,0,14,AdultCensus,0.02,0.8371664505562001,0.0211220764455295
0,0,14,AdultCensus,0.04,0.8395550399235652,0.0387316009357973
0,0,14,AdultCensus,0.06,0.8418071384699379,0.0506071133091621
0,0,14,AdultCensus,0.08,0.8438545007848223,0.07999071832571
0,0,14,AdultCensus,0.1,0.8464478263836757,0.1017960920126665
0,0,14,AdultCensus,0.12,0.8464478263836757,0.123908276599763
0,0,14,AdultCensus,0.14,0.8479492254145908,0.1500116859381586
0,0,14,AdultCensus,0.16,0.8473350167201256,0.1605563428861772
0,0,14,AdultCensus,0.18,0.8476079983621101,0.1672101169411307
0,0,15,AdultCensus,0.0,0.8364157510407425,0.0048557237320936
0,0,15,AdultCensus,0.02,0.8416024022384495,0.0290181748367457
0,0,15,AdultCensus,0.04,0.8448099365317683,0.0528192649525835
0,0,15,AdultCensus,0.06,0.8476079983621101,0.0690457919815339
0,0,15,AdultCensus,0.08,0.8506790418344367,0.0844369918644346
0,0,15,AdultCensus,0.1,0.8521804408653518,0.1072656556175603
0,0,15,AdultCensus,0.12,0.8545007848222207,0.127862220177632
0,0,15,AdultCensus,0.14,0.8538865761277554,0.1427409632560608
0,0,15,AdultCensus,0.16,0.8542960485907323,0.1582902572541168
0,0,15,AdultCensus,0.18,0.8548420118747014,0.1614772870611391
0,0,16,AdultCensus,0.0,0.8302736640960895,0.000667961942588
0,0,16,AdultCensus,0.02,0.8343001433153621,0.0193501734320121
0,0,16,AdultCensus,0.04,0.8390773220500921,0.0411912943987148
0,0,16,AdultCensus,0.06,0.8436497645533337,0.063145520004404
0,0,16,AdultCensus,0.08,0.8468572988466526,0.0856953978484545
0,0,16,AdultCensus,0.1,0.8484269432880639,0.0995168183259833
0,0,16,AdultCensus,0.12,0.8510202688869174,0.1246017139919403
0,0,16,AdultCensus,0.14,0.8495871152664983,0.1399701296254328
0,0,16,AdultCensus,0.16,0.8505425510134443,0.1497931635919715
0,0,16,AdultCensus,0.18,0.8505425510134443,0.1497931635919715
0,0,17,AdultCensus,0.0,0.836688732682727,0.0054925771065208
0,0,17,AdultCensus,0.02,0.841875383880434,0.0155266823438472
0,0,17,AdultCensus,0.04,0.8435815191428376,0.0255748338042072
0,0,17,AdultCensus,0.06,0.8489046611615368,0.0582761416902355
0,0,17,AdultCensus,0.08,0.851770968402375,0.0805150920052803
0,0,17,AdultCensus,0.1,0.8553879751586706,0.1048890472255854
0,0,17,AdultCensus,0.12,0.8560021838531359,0.1155394016292191
0,0,17,AdultCensus,0.14,0.8576400737050434,0.1319329605898254
0,0,17,AdultCensus,0.16,0.8592097181464546,0.1679780464042697
0,0,17,AdultCensus,0.18,0.8594144543779431,0.1707414570724538
0,0,18,AdultCensus,0.0,0.8295229645806319,0.0029456549703632
0,0,18,AdultCensus,0.02,0.8326622534634546,0.0213650072950004
0,0,18,AdultCensus,0.04,0.8347096157783389,0.0326209708845261
0,0,18,AdultCensus,0.06,0.8366204872722309,0.0401930640091243
0,0,18,AdultCensus,0.08,0.8405787210810073,0.0777419312937501
0,0,18,AdultCensus,0.1,0.8422166109329148,0.1011739042624423
0,0,18,AdultCensus,0.12,0.84283081962738,0.1050646619452384
0,0,18,AdultCensus,0.14,0.8451511635842489,0.1312710605950139
0,0,18,AdultCensus,0.16,0.8452876544052412,0.1452945361661902
0,0,18,AdultCensus,0.18,0.8449464273527605,0.1459105886868412
0,0,19,AdultCensus,0.0,0.833344707568416,0.0011420091347262
0,0,19,AdultCensus,0.02,0.8346413703678428,0.0082317124497261
0,0,19,AdultCensus,0.04,0.8371664505562001,0.0281828233139224
0,0,19,AdultCensus,0.06,0.8418071384699379,0.0531497212948886
0,0,19,AdultCensus,0.08,0.8456971268682181,0.0849875083544193
0,0,19,AdultCensus,0.1,0.8459701085102027,0.0936165081641826
0,0,19,AdultCensus,0.12,0.8490411519825292,0.1162085835450347
0,0,19,AdultCensus,0.14,0.8511567597079096,0.1416306395486846
0,0,19,AdultCensus,0.16,0.8512932505289019,0.1542384683761029
0,0,19,AdultCensus,0.18,0.8516344775813827,0.1540320700272897
0,0,20,AdultCensus,0.0,0.8246092950249095,0.0458008650426317
0,0,20,AdultCensus,0.02,0.8246092950249095,0.0458008650426317
0,0,20,AdultCensus,0.04,0.8362792602197502,0.0222451448997494
0,0,20,AdultCensus,0.06,0.8416024022384495,0.0661185241437723
0,0,20,AdultCensus,0.08,0.8426943288063877,0.08323488328305
0,0,20,AdultCensus,0.1,0.8435815191428376,0.1120171824164853
0,0,20,AdultCensus,0.12,0.8441274824268068,0.1183400464528268
0,0,20,AdultCensus,0.14,0.8464478263836757,0.1399460531674059
0,0,20,AdultCensus,0.16,0.846584317204668,0.1574630309270568
0,0,20,AdultCensus,0.18,0.846584317204668,0.1603379433770942
0,0,21,AdultCensus,0.0,0.8312973452535317,0.00652453562868
0,0,21,AdultCensus,0.02,0.8366204872722309,0.0222877152151044
0,0,21,AdultCensus,0.04,0.8405104756705112,0.042348809215117
0,0,21,AdultCensus,0.06,0.8409881935439841,0.0576709651713604
0,0,21,AdultCensus,0.08,0.8415341568279533,0.0767661499606831
0,0,21,AdultCensus,0.1,0.8463795809731796,0.1030180815472087
0,0,21,AdultCensus,0.12,0.8478127345935986,0.1219061412329688
0,0,21,AdultCensus,0.14,0.8491093973930253,0.1408013264439202
0,0,21,AdultCensus,0.16,0.8503378147819559,0.1600858225238272
0,0,21,AdultCensus,0.18,0.8495871152664983,0.1677407868856606
0,0,22,AdultCensus,0.0,0.8332082167474237,0.0115807582824639
0,0,22,AdultCensus,0.02,0.8374394321981846,0.0301425491639142
0,0,22,AdultCensus,0.04,0.840442230260015,0.0449103894840361
0,0,22,AdultCensus,0.06,0.843786255374326,0.0720450166227269
0,0,22,AdultCensus,0.08,0.8456971268682181,0.0892992953604506
0,0,22,AdultCensus,0.1,0.847539752951614,0.1065048220654624
0,0,22,AdultCensus,0.12,0.8481539616460793,0.1177563293316975
0,0,22,AdultCensus,0.14,0.8485634341090562,0.145931953264492
0,0,22,AdultCensus,0.16,0.8486999249300484,0.1567744816139791
0,0,22,AdultCensus,0.18,0.8491776428035215,0.1733391129528451
0,0,23,AdultCensus,0.0,0.830956118201051,0.0104875231665884
0,0,23,AdultCensus,0.02,0.833822425441889,0.010327035313753
0,0,23,AdultCensus,0.04,0.8383266225346345,0.0343102157332186
0,0,23,AdultCensus,0.06,0.8403057394390228,0.0510296357209213
0,0,23,AdultCensus,0.08,0.8411929297754726,0.0762423970900778
0,0,23,AdultCensus,0.1,0.8440592370163107,0.0936539537525369
0,0,23,AdultCensus,0.12,0.847539752951614,0.1199710218950115
0,0,23,AdultCensus,0.14,0.8482222070565755,0.1409622157041574
0,0,23,AdultCensus,0.16,0.8486316795195523,0.1589752815949725
0,0,23,AdultCensus,0.18,0.8468572988466526,0.1739184372300573
0,0,24,AdultCensus,0.0,0.836688732682727,0.0052630987604568
0,0,24,AdultCensus,0.02,0.8395550399235652,0.0135729012261957
0,0,24,AdultCensus,0.04,0.8442639732477991,0.0393917937923451
0,0,24,AdultCensus,0.06,0.8443322186582952,0.0411469625824886
0,0,24,AdultCensus,0.08,0.8476079983621101,0.0594650307534159
0,0,24,AdultCensus,0.1,0.8495188698560022,0.0966243576380433
0,0,24,AdultCensus,0.12,0.851361495939398,0.1159764520538623
0,0,24,AdultCensus,0.14,0.8526581587388248,0.1366859738683082
0,0,24,AdultCensus,0.16,0.8525899133283287,0.1497518620012028
0,0,24,AdultCensus,0.18,0.8525899133283287,0.1497518620012028
0,0,25,AdultCensus,0.0,0.839486794513069,0.0104589235465947
0,0,25,AdultCensus,0.02,0.8427625742168839,0.0258524493981816
0,0,25,AdultCensus,0.04,0.8461748447416911,0.0517569185905576
0,0,25,AdultCensus,0.06,0.8485634341090562,0.0657068478242852
0,0,25,AdultCensus,0.08,0.8507472872449328,0.0826192128347073
0,0,25,AdultCensus,0.1,0.8508837780659251,0.0936975568744841
0,0,25,AdultCensus,0.12,0.851770968402375,0.1075521760849629
0,0,25,AdultCensus,0.14,0.8534771036647786,0.1345117446938337
0,0,25,AdultCensus,0.16,0.8538183307172592,0.1539651704234087
0,0,25,AdultCensus,0.18,0.8539548215382515,0.1545771655274479
0,0,26,AdultCensus,0.0,0.8196273800586911,0.0482546671773439
0,0,26,AdultCensus,0.02,0.8196273800586911,0.0482546671773439
0,0,26,AdultCensus,0.04,0.8305466457380741,0.0176091484907715
0,0,26,AdultCensus,0.06,0.8338906708523852,0.0367881052843553
0,0,26,AdultCensus,0.08,0.8416024022384495,0.0823767471434325
0,0,26,AdultCensus,0.1,0.8431038012693647,0.0945455043581264
0,0,26,AdultCensus,0.12,0.846106599331195,0.1146508211839964
0,0,26,AdultCensus,0.14,0.8469937896676448,0.1418068834124921
0,0,26,AdultCensus,0.16,0.8472667713096295,0.1599469116068487
0,0,26,AdultCensus,0.18,0.8465160717941719,0.1677193007972053
0,0,27,AdultCensus,0.0,0.8400327577970381,0.0139781412743444
0,0,27,AdultCensus,0.02,0.8433767829113492,0.039651590415577
0,0,27,AdultCensus,0.04,0.8463113355626835,0.0653020243813562
0,0,27,AdultCensus,0.06,0.848017470825087,0.0771708666711637
0,0,27,AdultCensus,0.08,0.8476762437726063,0.0908833918978882
0,0,27,AdultCensus,0.1,0.8497236060874906,0.115445605599567
0,0,27,AdultCensus,0.12,0.8519757046338634,0.1328392198340932
0,0,27,AdultCensus,0.14,0.850406060192452,0.1545563812377611
0,0,27,AdultCensus,0.16,0.850815532655429,0.1758644165134135
0,0,27,AdultCensus,0.18,0.8510885142974135,0.1791395178262158
0,0,28,AdultCensus,0.0,0.8321162901794854,0.0056003148950353
0,0,28,AdultCensus,0.02,0.8358015423462772,0.0120559573353373
0,0,28,AdultCensus,0.04,0.8424213471644032,0.0408735605226198
0,0,28,AdultCensus,0.06,0.8448781819422644,0.0568863849717899
0,0,28,AdultCensus,0.08,0.8473350167201256,0.0753627208746785
0,0,28,AdultCensus,0.1,0.8472667713096295,0.0910460235570235
0,0,28,AdultCensus,0.12,0.8489046611615368,0.1214083020571362
0,0,28,AdultCensus,0.14,0.8487681703405446,0.129003022227378
0,0,28,AdultCensus,0.16,0.8495188698560022,0.1523549142770559
0,0,28,AdultCensus,0.18,0.8507472872449328,0.1680166341242906
0,0,29,AdultCensus,0.0,0.8310926090220433,0.0052569929721571
0,0,29,AdultCensus,0.02,0.8370299597352078,0.0316663061389012
0,0,29,AdultCensus,0.04,0.8384631133556268,0.0374153519645976
0,0,29,AdultCensus,0.06,0.8430355558588685,0.0696234418361485
0,0,29,AdultCensus,0.08,0.8457653722787143,0.0886160571805479
0,0,29,AdultCensus,0.1,0.8474715075411179,0.1162214233197126
0,0,29,AdultCensus,0.12,0.8492458882140176,0.1337389144044605
0,0,29,AdultCensus,0.14,0.8497236060874906,0.1525498516179169
0,0,29,AdultCensus,0.16,0.8496553606769944,0.164406972353684
0,0,29,AdultCensus,0.18,0.8496553606769944,0.1645129565404464
0,0,30,AdultCensus,0.0,0.8375759230191769,0.0035746574460289
0,0,30,AdultCensus,0.02,0.8445369548897836,0.0403779149860094
0,0,30,AdultCensus,0.04,0.8448099365317683,0.0405768636799214
0,0,30,AdultCensus,0.06,0.8490411519825292,0.0722582031427474
0,0,30,AdultCensus,0.08,0.8491776428035215,0.0784006867543852
0,0,30,AdultCensus,0.1,0.8529311403808094,0.1170078416546795
0,0,30,AdultCensus,0.12,0.8532723674332902,0.1330812538477794
0,0,30,AdultCensus,0.14,0.8535453490752747,0.1548609672499521
0,0,30,AdultCensus,0.16,0.8542278031802362,0.1703340529054304
0,0,30,AdultCensus,0.18,0.8540230669487477,0.1719639274714675
0,0,31,AdultCensus,0.0,0.8345731249573466,0.0118536202008591
0,0,31,AdultCensus,0.02,0.838531358766123,0.0158283780140832
0,0,31,AdultCensus,0.04,0.8407834573124957,0.0292622693083938
0,0,31,AdultCensus,0.06,0.84283081962738,0.0529599030702736
0,0,31,AdultCensus,0.08,0.846584317204668,0.0789409547137919
0,0,31,AdultCensus,0.1,0.8508837780659251,0.0986600218625116
0,0,31,AdultCensus,0.12,0.8506107964239404,0.1135804242918488
0,0,31,AdultCensus,0.14,0.8530676312018016,0.1405611377985728
0,0,31,AdultCensus,0.16,0.8529311403808094,0.1572839066776303
0,0,31,AdultCensus,0.18,0.8527946495598171,0.1681271792154633
0,0,32,AdultCensus,0.0,0.832866989694943,0.0133691172409172
0,0,32,AdultCensus,0.02,0.8381218863031461,0.0075217060536561
0,0,32,AdultCensus,0.04,0.8403057394390228,0.0263744746202639
0,0,32,AdultCensus,0.06,0.8401010032075343,0.0267861132248203
0,0,32,AdultCensus,0.08,0.8432402920903569,0.0641612213860982
0,0,32,AdultCensus,0.1,0.8459018630997065,0.0843391575145422
0,0,32,AdultCensus,0.12,0.8473350167201256,0.0949452625900235
0,0,32,AdultCensus,0.14,0.8485634341090562,0.1458405781431272
0,0,32,AdultCensus,0.16,0.8479492254145908,0.1485769721838691
0,0,32,AdultCensus,0.18,0.8478127345935986,0.1528009530516843
0,0,33,AdultCensus,0.0,0.8360062785777657,0.0125863532461008
0,0,33,AdultCensus,0.02,0.840442230260015,0.0168064016564868
0,0,33,AdultCensus,0.04,0.8441957278373029,0.0341627198374895
0,0,33,AdultCensus,0.06,0.8449464273527605,0.0381387674902582
0,0,33,AdultCensus,0.08,0.8449464273527605,0.0381387674902582
0,0,33,AdultCensus,0.1,0.8492458882140176,0.0689037940288169
0,0,33,AdultCensus,0.12,0.8542278031802362,0.1117422264670793
0,0,33,AdultCensus,0.14,0.855592711390159,0.137643296862793
0,0,33,AdultCensus,0.16,0.8572306012420665,0.1536072069154444
0,0,33,AdultCensus,0.18,0.8567528833685935,0.1641557387685943
0,0,34,AdultCensus,0.0,0.8222207056575446,0.0504980227640686
0,0,34,AdultCensus,0.02,0.8346413703678428,0.0008773925683006
0,0,34,AdultCensus,0.04,0.8390773220500921,0.0380933457606586
0,0,34,AdultCensus,0.06,0.8390773220500921,0.0380933457606586
0,0,34,AdultCensus,0.08,0.8390773220500921,0.0380933457606586
0,0,34,AdultCensus,0.1,0.8467890534361564,0.1062581026767012
0,0,34,AdultCensus,0.12,0.8474715075411179,0.1263047072359919
0,0,34,AdultCensus,0.14,0.8472667713096295,0.1518523881128078
0,0,34,AdultCensus,0.16,0.8481539616460793,0.1660687008785835
0,0,34,AdultCensus,0.18,0.847539752951614,0.1707674750905045
0,0,35,AdultCensus,0.0,0.8362110148092541,0.0250721720577464
0,0,35,AdultCensus,0.02,0.8373711867876885,0.0346415740954492
0,0,35,AdultCensus,0.04,0.8403739848495189,0.0523669233582034
0,0,35,AdultCensus,0.06,0.8401692486180304,0.0532906294031881
0,0,35,AdultCensus,0.08,0.8476079983621101,0.0922801175430829
0,0,35,AdultCensus,0.1,0.8502695693714598,0.1100208189683971
0,0,35,AdultCensus,0.12,0.8504743056029482,0.1256779975340246
0,0,35,AdultCensus,0.14,0.8514979867603903,0.1434408086074824
0,0,35,AdultCensus,0.16,0.8520439500443595,0.1680630799453623
0,0,35,AdultCensus,0.18,0.8519074592233672,0.1816650326221839
0,0,36,AdultCensus,0.0,0.8249505220773903,0.0239778831487499
0,0,36,AdultCensus,0.02,0.8352555790623081,0.0186346437382646
0,0,36,AdultCensus,0.04,0.8384631133556268,0.0359364920509558
0,0,36,AdultCensus,0.06,0.8395550399235652,0.056375982117079
0,0,36,AdultCensus,0.08,0.8418071384699379,0.0789985453714812
0,0,36,AdultCensus,0.1,0.8448099365317683,0.0943457470788527
0,0,36,AdultCensus,0.12,0.8471302804886371,0.118921491592093
0,0,36,AdultCensus,0.14,0.8476079983621101,0.1398053793790414
0,0,36,AdultCensus,0.16,0.8495188698560022,0.1552602003187254
0,0,36,AdultCensus,0.18,0.8491776428035215,0.1561811496488862
0,0,37,AdultCensus,0.0,0.8386678495871153,0.0063709855855578
0,0,37,AdultCensus,0.02,0.8409881935439841,0.0103109907616711
0,0,37,AdultCensus,0.04,0.8448099365317683,0.0351934155788356
0,0,37,AdultCensus,0.06,0.8472667713096295,0.0532716137007966
0,0,37,AdultCensus,0.08,0.8495871152664983,0.070939835802885
0,0,37,AdultCensus,0.1,0.8519074592233672,0.0963037404063143
0,0,37,AdultCensus,0.12,0.853681839896267,0.1137374554657036
0,0,37,AdultCensus,0.14,0.8533406128437863,0.1394655863340483
0,0,37,AdultCensus,0.16,0.8536135944857708,0.1693568605332746
0,0,37,AdultCensus,0.18,0.8537500853067631,0.1802845976457754
0,0,38,AdultCensus,0.0,0.8349825974203234,0.0085396991985179
0,0,38,AdultCensus,0.02,0.8355285607042926,0.0136415812471886
0,0,38,AdultCensus,0.04,0.8420118747014264,0.0458603195477439
0,0,38,AdultCensus,0.06,0.8435132737323415,0.0575110294057756
0,0,38,AdultCensus,0.08,0.8441957278373029,0.0803928302565669
0,0,38,AdultCensus,0.1,0.8449464273527605,0.0992984645900948
0,0,38,AdultCensus,0.12,0.8474032621306217,0.1216948383412682
0,0,38,AdultCensus,0.14,0.8490411519825292,0.1504910472189013
0,0,38,AdultCensus,0.16,0.8497918514979867,0.1589440115404795
0,0,38,AdultCensus,0.18,0.8497918514979867,0.1589440115404795
0,0,39,AdultCensus,0.0,0.813417047703542,0.057488386332399
0,0,39,AdultCensus,0.02,0.813417047703542,0.057488386332399
0,0,39,AdultCensus,0.04,0.8355285607042926,0.0404490002110663
0,0,39,AdultCensus,0.06,0.8374394321981846,0.0565320859344503
0,0,39,AdultCensus,0.08,0.8387360949976114,0.0818036666342206
0,0,39,AdultCensus,0.1,0.8431038012693647,0.1039948825604658
0,0,39,AdultCensus,0.12,0.84283081962738,0.1192507620633125
0,0,39,AdultCensus,0.14,0.8435132737323415,0.1412460057111682
0,0,39,AdultCensus,0.16,0.8445369548897836,0.1614078820744445
0,0,39,AdultCensus,0.18,0.8448781819422644,0.1640653615004912
0,0,40,AdultCensus,0.0,0.8258377124138402,0.0140406057965265
0,0,40,AdultCensus,0.02,0.8286357742441821,0.0049849314377573
0,0,40,AdultCensus,0.04,0.832866989694943,0.0213211844353843
0,0,40,AdultCensus,0.06,0.8343683887258582,0.0449169479368038
0,0,40,AdultCensus,0.08,0.8385996041766192,0.0678157143258641
0,0,40,AdultCensus,0.1,0.8406469664915035,0.0842251790928423
0,0,40,AdultCensus,0.12,0.8446052003002799,0.1145744175619254
0,0,40,AdultCensus,0.14,0.8467208080256603,0.1319259229202053
0,0,40,AdultCensus,0.16,0.8472667713096295,0.1517980620939459
0,0,40,AdultCensus,0.18,0.8468572988466526,0.1551747995777777
0,0,41,AdultCensus,0.0,0.8370299597352078,0.0132351987172966
0,0,41,AdultCensus,0.02,0.8379171500716577,0.0200005906655159
0,0,41,AdultCensus,0.04,0.8379171500716577,0.0200005906655159
0,0,41,AdultCensus,0.06,0.8379171500716577,0.0200005906655159
0,0,41,AdultCensus,0.08,0.8504743056029482,0.0873920131757114
0,0,41,AdultCensus,0.1,0.8512250051184058,0.1124754615079185
0,0,41,AdultCensus,0.12,0.8524534225073364,0.1318224286129818
0,0,41,AdultCensus,0.14,0.8524534225073364,0.1497235693799333
0,0,41,AdultCensus,0.16,0.8519757046338634,0.1611123704122348
0,0,41,AdultCensus,0.18,0.8519757046338634,0.1611123704122348
0,0,42,AdultCensus,0.0,0.820105097932164,0.0520183644000835
0,0,42,AdultCensus,0.02,0.8313655906640278,0.001947931009434
0,0,42,AdultCensus,0.04,0.8345731249573466,0.0235045734333796
0,0,42,AdultCensus,0.06,0.8392138128710844,0.0525655051119613
0,0,42,AdultCensus,0.08,0.8424895925748993,0.0783850597605126
0,0,42,AdultCensus,0.1,0.8447416911212721,0.0955929355449923
0,0,42,AdultCensus,0.12,0.8465160717941719,0.1188323833189766
0,0,42,AdultCensus,0.14,0.847062035078141,0.1357979887421691
0,0,42,AdultCensus,0.16,0.8491093973930253,0.151554868197403
0,0,42,AdultCensus,0.18,0.8491093973930253,0.151554868197403
0,0,43,AdultCensus,0.0,0.8215382515525831,0.056684096949425
0,0,43,AdultCensus,0.02,0.8269296389817785,0.0155051853335689
0,0,43,AdultCensus,0.04,0.8417388930594417,0.0522899232126517
0,0,43,AdultCensus,0.06,0.8444687094792875,0.0639620273555322
0,0,43,AdultCensus,0.08,0.8471302804886371,0.0923258778749948
0,0,43,AdultCensus,0.1,0.849450624445506,0.1095393595866954
0,0,43,AdultCensus,0.12,0.850815532655429,0.1274614603131513
0,0,43,AdultCensus,0.14,0.8511567597079096,0.1487512516202788
0,0,43,AdultCensus,0.16,0.8506107964239404,0.1645321897204263
0,0,43,AdultCensus,0.18,0.8507472872449328,0.1665808671057939
0,0,44,AdultCensus,0.0,0.8293864737596397,0.0078658188320371
0,0,44,AdultCensus,0.02,0.835187333651812,0.0215479321650386
0,0,44,AdultCensus,0.04,0.8367569780932232,0.0307389157373755
0,0,44,AdultCensus,0.06,0.8381218863031461,0.0608077998980555
0,0,44,AdultCensus,0.08,0.8407834573124957,0.0781722660252283
0,0,44,AdultCensus,0.1,0.8436497645533337,0.1000527901133712
0,0,44,AdultCensus,0.12,0.8450146727632567,0.1242968126631747
0,0,44,AdultCensus,0.14,0.8457653722787143,0.1385135345500886
0,0,44,AdultCensus,0.16,0.8458336176892104,0.1571436344513662
0,0,44,AdultCensus,0.18,0.8466525626151641,0.1638981946508386
0,0,45,AdultCensus,0.0,0.8339589162628813,0.0036972157077104
0,0,45,AdultCensus,0.02,0.83805364089265,0.024727742810424
0,0,45,AdultCensus,0.04,0.8416024022384495,0.0394482786281811
0,0,45,AdultCensus,0.06,0.8431038012693647,0.0503979127437248
0,0,45,AdultCensus,0.08,0.8486316795195523,0.0809795682134696
0,0,45,AdultCensus,0.1,0.8492458882140176,0.0947850160869923
0,0,45,AdultCensus,0.12,0.850815532655429,0.1167809134517802
0,0,45,AdultCensus,0.14,0.8525216679178326,0.141742441826582
0,0,45,AdultCensus,0.16,0.8534088582542824,0.1582155739033681
0,0,45,AdultCensus,0.18,0.853681839896267,0.1648693982734702
0,0,46,AdultCensus,0.0,0.8308878727905549,0.0010877117430224
0,0,46,AdultCensus,0.02,0.8350508428308197,0.0209389930462811
0,0,46,AdultCensus,0.04,0.8412611751859688,0.0576592886145877
0,0,46,AdultCensus,0.06,0.840919948133488,0.0623666512803771
0,0,46,AdultCensus,0.08,0.8461748447416911,0.0893900483331554
0,0,46,AdultCensus,0.1,0.8474715075411179,0.1017661608134569
0,0,46,AdultCensus,0.12,0.8499965877294752,0.1139488396401334
0,0,46,AdultCensus,0.14,0.8516344775813827,0.1471590616089344
0,0,46,AdultCensus,0.16,0.851361495939398,0.161393526350231
0,0,46,AdultCensus,0.18,0.851770968402375,0.172663993956619
0,0,47,AdultCensus,0.0,0.8325257626424623,0.0054764863531428
0,0,47,AdultCensus,0.02,0.8359380331672696,0.0307639299765781
0,0,47,AdultCensus,0.04,0.8373711867876885,0.0389899353511138
0,0,47,AdultCensus,0.06,0.8417388930594417,0.065931353933238
0,0,47,AdultCensus,0.08,0.8422166109329148,0.0775848757306162
0,0,47,AdultCensus,0.1,0.8461748447416911,0.1011545826841744
0,0,47,AdultCensus,0.12,0.849450624445506,0.1270491560881158
0,0,47,AdultCensus,0.14,0.8480857162355832,0.139633935016668
0,0,47,AdultCensus,0.16,0.8497236060874906,0.161623513157528
0,0,47,AdultCensus,0.18,0.8495188698560022,0.1648779559999515
0,0,48,AdultCensus,0.0,0.8269978843922746,0.0139379574022953
0,0,48,AdultCensus,0.02,0.835733296935781,0.0222879168816283
0,0,48,AdultCensus,0.04,0.8384631133556268,0.0344650423628963
0,0,48,AdultCensus,0.06,0.8410564389544803,0.0604488755698185
0,0,48,AdultCensus,0.08,0.8435132737323415,0.0805090040922836
0,0,48,AdultCensus,0.1,0.8474032621306217,0.1033318272925177
0,0,48,AdultCensus,0.12,0.8482222070565755,0.1213441173396406
0,0,48,AdultCensus,0.14,0.8512932505289019,0.1545067800114241
0,0,48,AdultCensus,0.16,0.8520439500443595,0.1644365532653541
0,0,48,AdultCensus,0.18,0.8512932505289019,0.1660750376981496
0,0,49,AdultCensus,0.0,0.8354603152937965,0.0022183932547613
0,0,49,AdultCensus,0.02,0.839009076639596,0.022906357610596
0,0,49,AdultCensus,0.04,0.8408517027229919,0.0368950705391333
0,0,49,AdultCensus,0.06,0.8429673104483724,0.0574412418614047
0,0,49,AdultCensus,0.08,0.8444004640687913,0.0845448715774102
0,0,49,AdultCensus,0.1,0.8471302804886371,0.0984654411495408
0,0,49,AdultCensus,0.12,0.8495188698560022,0.1171247377008203
0,0,49,AdultCensus,0.14,0.8504743056029482,0.1416951645136741
0,0,49,AdultCensus,0.16,0.8505425510134443,0.1636908062080581
0,0,49,AdultCensus,0.18,0.8500648331399714,0.1698213876130821
