,Unnamed: 0,seed,dataset,level,acc,disparity
0,0,0,Lawschool,0.001,0.7924834345665378,0.003244009813261
1,0,0,Lawschool,0.008,0.7928975704030922,0.0039061800409296
2,0,0,Lawschool,0.016,0.7936568194367752,0.0137554529733916
3,0,0,Lawschool,0.024,0.7934497515184981,0.018600183564164
4,0,0,Lawschool,0.032,0.7939674213141911,0.0239302911266321
5,0,0,Lawschool,0.04,0.7936223081170624,0.0374701067057998
6,0,0,Lawschool,0.048,0.7938983986747653,0.0415305786045908
7,0,0,Lawschool,0.056,0.7937948647156268,0.0525370645753487
8,0,0,Lawschool,0.064,0.7934152401987852,0.0589947488944003
9,0,0,Lawschool,0.072,0.7940364439536168,0.0688470107645869
0,0,1,Lawschool,0.001,0.7859262838210933,0.0051559615193982
1,0,1,Lawschool,0.008,0.7862368856985091,0.0102600352527167
2,0,1,Lawschool,0.016,0.7870996686913307,0.0163761144257338
3,0,1,Lawschool,0.024,0.7870996686913307,0.0163761144257338
4,0,1,Lawschool,0.032,0.7876518498067366,0.0280004305911799
5,0,1,Lawschool,0.04,0.7876173384870238,0.0346686887414346
6,0,1,Lawschool,0.048,0.7885491441192711,0.0458017166338302
7,0,1,Lawschool,0.056,0.7885491441192711,0.0458017166338302
8,0,1,Lawschool,0.064,0.7885491441192711,0.0458017166338302
9,0,1,Lawschool,0.072,0.788859745996687,0.0698135640868369
0,0,2,Lawschool,0.001,0.7859953064605191,0.0104094067425671
1,0,2,Lawschool,0.008,0.7864094422970734,0.0029404417714898
2,0,2,Lawschool,0.016,0.7869616234124793,0.0030030260224624
3,0,2,Lawschool,0.024,0.7881004969630039,0.0145048030534279
4,0,2,Lawschool,0.032,0.7885491441192711,0.0207106847695692
5,0,2,Lawschool,0.04,0.7882385422418553,0.0271601287807912
6,0,2,Lawschool,0.048,0.7881004969630039,0.0381540026200671
7,0,2,Lawschool,0.056,0.7883765875207068,0.0440427031347504
8,0,2,Lawschool,0.064,0.7882040309221424,0.0536639591605524
9,0,2,Lawschool,0.072,0.7883765875207068,0.0605986007875156
0,0,3,Lawschool,0.001,0.7874102705687466,0.0034872543489837
1,0,3,Lawschool,0.008,0.7878244064053009,0.0089046197050087
2,0,3,Lawschool,0.016,0.7878934290447267,0.0138004594934426
3,0,3,Lawschool,0.024,0.7886871893981225,0.0268505139233771
4,0,3,Lawschool,0.032,0.7883765875207068,0.0332452083305043
5,0,3,Lawschool,0.04,0.7885146327995582,0.0402714833419719
6,0,3,Lawschool,0.048,0.788583655438984,0.0448844910383912
7,0,3,Lawschool,0.056,0.7882040309221424,0.0550688634077922
8,0,3,Lawschool,0.064,0.7883765875207068,0.0631415782924681
9,0,3,Lawschool,0.072,0.7885491441192711,0.0677074473068848
0,0,4,Lawschool,0.001,0.787789895085588,0.0013159428332449
1,0,4,Lawschool,0.008,0.7878934290447267,0.0060019785612761
2,0,4,Lawschool,0.016,0.7882730535615682,0.0112610054204972
3,0,4,Lawschool,0.024,0.7883765875207068,0.0139316934519617
4,0,4,Lawschool,0.032,0.7886871893981225,0.0266968919488369
5,0,4,Lawschool,0.04,0.7892738818332413,0.0335677365260097
6,0,4,Lawschool,0.048,0.7893429044726671,0.0431328148798975
7,0,4,Lawschool,0.056,0.7893774157923799,0.0504507484553525
8,0,4,Lawschool,0.064,0.7893083931529542,0.0592981505450514
9,0,4,Lawschool,0.072,0.7894464384318056,0.0646042384424391
0,0,5,Lawschool,0.001,0.7849944781888459,0.016161909156833
1,0,5,Lawschool,0.008,0.7853741027056874,0.0223054084475404
2,0,5,Lawschool,0.016,0.7856501932633904,0.0299492141624121
3,0,5,Lawschool,0.024,0.7860643290999448,0.0370463396351721
4,0,5,Lawschool,0.032,0.7865819988956377,0.0447705481208019
5,0,5,Lawschool,0.04,0.7874447818884595,0.0520309451781533
6,0,5,Lawschool,0.048,0.7874447818884595,0.0520309451781533
7,0,5,Lawschool,0.056,0.7873412479293208,0.0649400946862875
8,0,5,Lawschool,0.064,0.7872377139701823,0.0688671339940375
9,0,5,Lawschool,0.072,0.7870651573716179,0.0757020531639821
0,0,6,Lawschool,0.001,0.7850289895085588,0.0027080773637865
1,0,6,Lawschool,0.008,0.7853741027056874,0.0055218512543281
2,0,6,Lawschool,0.016,0.7859607951408062,0.013584984560779
3,0,6,Lawschool,0.024,0.7860643290999448,0.0146876160703889
4,0,6,Lawschool,0.032,0.7864094422970734,0.029941427975254
5,0,6,Lawschool,0.04,0.7861333517393705,0.0370469301078225
6,0,6,Lawschool,0.048,0.7865129762562121,0.0441813424563824
7,0,6,Lawschool,0.056,0.7857882385422419,0.0530059521532889
8,0,6,Lawschool,0.064,0.7856847045831032,0.0563574366339911
9,0,6,Lawschool,0.072,0.7867200441744893,0.0726484951206573
0,0,7,Lawschool,0.001,0.7885146327995582,0.002715165383715
1,0,7,Lawschool,0.008,0.7890668139149641,0.0117967239097551
2,0,7,Lawschool,0.016,0.7895844837106571,0.0209764207973864
3,0,7,Lawschool,0.024,0.7904127553837659,0.0303459910455011
4,0,7,Lawschool,0.032,0.7908614025400331,0.0362096322076591
5,0,7,Lawschool,0.04,0.7908614025400331,0.0362096322076591
6,0,7,Lawschool,0.048,0.7908268912203202,0.0527708221376909
7,0,7,Lawschool,0.056,0.7914480949751519,0.0580087121300198
8,0,7,Lawschool,0.064,0.7915861402540033,0.0663383762758313
9,0,7,Lawschool,0.072,0.7913100496963004,0.0734802682320685
0,0,8,Lawschool,0.001,0.7890323025952513,0.0025841729867724
1,0,8,Lawschool,0.008,0.7892048591938156,0.004187604126964
2,0,8,Lawschool,0.016,0.7899986195472115,0.0116348876322752
3,0,8,Lawschool,0.024,0.7906543346217559,0.0202563596186868
4,0,8,Lawschool,0.032,0.7903092214246272,0.0258187469488494
5,0,8,Lawschool,0.04,0.7905162893429045,0.0357706294761604
6,0,8,Lawschool,0.048,0.7899295969077857,0.0444852204475358
7,0,8,Lawschool,0.056,0.7902401987852016,0.0487850071455736
8,0,8,Lawschool,0.064,0.791172004417449,0.0603479535167618
9,0,8,Lawschool,0.072,0.7913100496963004,0.068178901536299
0,0,9,Lawschool,0.001,0.7882385422418553,0.000894814320465
1,0,9,Lawschool,0.008,0.7887907233572612,0.0064088518645536
2,0,9,Lawschool,0.016,0.7889977912755384,0.0150785524173458
3,0,9,Lawschool,0.024,0.7895154610712314,0.0207515891281056
4,0,9,Lawschool,0.032,0.7899641082274986,0.0301875388659789
5,0,9,Lawschool,0.04,0.7902401987852016,0.0377836480908927
6,0,9,Lawschool,0.048,0.790895913859746,0.0452923129707878
7,0,9,Lawschool,0.056,0.7906543346217559,0.0519450222491537
8,0,9,Lawschool,0.064,0.7909304251794589,0.0629711164964035
9,0,9,Lawschool,0.072,0.7909304251794589,0.0629711164964035
0,0,10,Lawschool,0.001,0.7878934290447267,0.0056624542322606
1,0,10,Lawschool,0.008,0.7876518498067366,0.0146134267484435
2,0,10,Lawschool,0.016,0.7883765875207068,0.0214804222218789
3,0,10,Lawschool,0.024,0.7883765875207068,0.0214804222218789
4,0,10,Lawschool,0.032,0.7883765875207068,0.0214804222218789
5,0,10,Lawschool,0.04,0.7895499723909443,0.0460559602342072
6,0,10,Lawschool,0.048,0.7898950855880729,0.0540709148913161
7,0,10,Lawschool,0.056,0.7901366648260629,0.0610469225540329
8,0,10,Lawschool,0.064,0.7902747101049145,0.063589639110754
9,0,10,Lawschool,0.072,0.7904817780231916,0.0720838032412056
0,0,11,Lawschool,0.001,0.7870996686913307,0.0081253810068236
1,0,11,Lawschool,0.008,0.7874102705687466,0.0005386227116177
2,0,11,Lawschool,0.016,0.7876518498067366,0.005747652530459
3,0,11,Lawschool,0.024,0.7881350082827168,0.0161837567241699
4,0,11,Lawschool,0.032,0.7879279403644396,0.0223285959189128
5,0,11,Lawschool,0.04,0.788342076200994,0.0264312795214355
6,0,11,Lawschool,0.048,0.7895154610712314,0.0427673099552914
7,0,11,Lawschool,0.056,0.7898950855880729,0.047294301699816
8,0,11,Lawschool,0.064,0.7902401987852016,0.058660659829063
9,0,11,Lawschool,0.072,0.7903092214246272,0.0605832186296805
0,0,12,Lawschool,0.001,0.7847528989508559,0.0008495305216478
1,0,12,Lawschool,0.008,0.7849254555494202,0.0037896181362369
2,0,12,Lawschool,0.016,0.7853050800662618,0.016087363491509
3,0,12,Lawschool,0.024,0.7855121479845389,0.022828361346859
4,0,12,Lawschool,0.032,0.7855466593042518,0.0301696013389279
5,0,12,Lawschool,0.04,0.7869271120927664,0.0384882640429158
6,0,12,Lawschool,0.048,0.7872032026504694,0.0483648000575047
7,0,12,Lawschool,0.056,0.7869616234124793,0.0554231546181732
8,0,12,Lawschool,0.064,0.7867545554942021,0.0597647381087764
9,0,12,Lawschool,0.072,0.7867545554942021,0.0597647381087764
0,0,13,Lawschool,0.001,0.788342076200994,0.0022494814658485
1,0,13,Lawschool,0.008,0.7887217007178354,0.0065100977638889
2,0,13,Lawschool,0.016,0.7891703478741027,0.0156422039091449
3,0,13,Lawschool,0.024,0.7897570403092214,0.0249182059339707
4,0,13,Lawschool,0.032,0.7897915516289343,0.0323139130992607
5,0,13,Lawschool,0.04,0.7899295969077857,0.0409122598171885
6,0,13,Lawschool,0.048,0.7902747101049145,0.0476251454935183
7,0,13,Lawschool,0.056,0.7902747101049145,0.0476251454935183
8,0,13,Lawschool,0.064,0.7903437327443401,0.0632403521320989
9,0,13,Lawschool,0.072,0.7896535063500828,0.073420185647302
0,0,14,Lawschool,0.001,0.7882040309221424,0.0040121014159874
1,0,14,Lawschool,0.008,0.7887562120375483,0.0094490165979604
2,0,14,Lawschool,0.016,0.7892393705135284,0.0166439244764978
3,0,14,Lawschool,0.024,0.7894464384318056,0.021501993139994
4,0,14,Lawschool,0.032,0.7900331308669244,0.0302147714244257
5,0,14,Lawschool,0.04,0.7900676421866372,0.039553573723222
6,0,14,Lawschool,0.048,0.79010215350635,0.0398708690781534
7,0,14,Lawschool,0.056,0.7903092214246272,0.0544836373325135
8,0,14,Lawschool,0.064,0.7902056874654887,0.0595860995002995
9,0,14,Lawschool,0.072,0.7900331308669244,0.0688777243032079
0,0,15,Lawschool,0.001,0.7879624516841524,0.0044750293430291
1,0,15,Lawschool,0.008,0.7882730535615682,0.0001216426531122
2,0,15,Lawschool,0.016,0.7886871893981225,0.008610251528794
3,0,15,Lawschool,0.024,0.7897225289895086,0.0162807918231402
4,0,15,Lawschool,0.032,0.789101325234677,0.0246560672340876
5,0,15,Lawschool,0.04,0.7889287686361126,0.0323503273626983
6,0,15,Lawschool,0.048,0.788859745996687,0.0350553546535512
7,0,15,Lawschool,0.056,0.7894119271120927,0.0469395230216692
8,0,15,Lawschool,0.064,0.7894119271120927,0.0469395230216692
9,0,15,Lawschool,0.072,0.7894119271120927,0.0469395230216692
0,0,16,Lawschool,0.001,0.787548315847598,0.0035680986908777
1,0,16,Lawschool,0.008,0.7871686913307565,0.0041555043283267
2,0,16,Lawschool,0.016,0.7875828271673109,0.0134103495865235
3,0,16,Lawschool,0.024,0.7877208724461623,0.0193599327423057
4,0,16,Lawschool,0.032,0.7882730535615682,0.0265374949279844
5,0,16,Lawschool,0.04,0.7881350082827168,0.03219016425707
6,0,16,Lawschool,0.048,0.7881695196024296,0.0389832589302535
7,0,16,Lawschool,0.056,0.7879969630038652,0.04341513389761
8,0,16,Lawschool,0.064,0.7879969630038652,0.04341513389761
9,0,16,Lawschool,0.072,0.7886526780784097,0.0653720548330726
0,0,17,Lawschool,0.001,0.7897225289895086,2.253823890299711e-05
1,0,17,Lawschool,0.008,0.7898260629486472,0.0079268254607557
2,0,17,Lawschool,0.016,0.790378244064053,0.0160205899984076
3,0,17,Lawschool,0.024,0.7905162893429045,0.0248439690404603
4,0,17,Lawschool,0.032,0.7905508006626173,0.0307447922032914
5,0,17,Lawschool,0.04,0.7910339591385974,0.0336317357136835
6,0,17,Lawschool,0.048,0.7911029817780232,0.0447749922726038
7,0,17,Lawschool,0.056,0.7914480949751519,0.0535499775203019
8,0,17,Lawschool,0.064,0.7919657647708448,0.0624176524950903
9,0,17,Lawschool,0.072,0.791931253451132,0.069871760347686
0,0,18,Lawschool,0.001,0.7858227498619548,0.0014080209309106
1,0,18,Lawschool,0.008,0.7865129762562121,0.0075800107942455
2,0,18,Lawschool,0.016,0.7867890668139149,0.0138183984503433
3,0,18,Lawschool,0.024,0.7866855328547764,0.0227651375335769
4,0,18,Lawschool,0.032,0.7869271120927664,0.0306719030130833
5,0,18,Lawschool,0.04,0.7872032026504694,0.0359116097073766
6,0,18,Lawschool,0.048,0.7871686913307565,0.0456800335924365
7,0,18,Lawschool,0.056,0.7873067366096079,0.0510672693970731
8,0,18,Lawschool,0.064,0.7873757592490337,0.062369821553751
9,0,18,Lawschool,0.072,0.7874102705687466,0.071949423686545
0,0,19,Lawschool,0.001,0.7896535063500828,0.0018750847393362
1,0,19,Lawschool,0.008,0.7895844837106571,0.0056212091483295
2,0,19,Lawschool,0.016,0.7893774157923799,0.0085752796727061
3,0,19,Lawschool,0.024,0.7897915516289343,0.0200725373591426
4,0,19,Lawschool,0.032,0.79010215350635,0.0300047673339277
5,0,19,Lawschool,0.04,0.7902401987852016,0.0322639143817627
6,0,19,Lawschool,0.048,0.7896535063500828,0.0442553772378373
7,0,19,Lawschool,0.056,0.78986057426836,0.050856833482416
8,0,19,Lawschool,0.064,0.7906888459414688,0.0602592324329203
9,0,19,Lawschool,0.072,0.7908268912203202,0.0610828183667217
0,0,20,Lawschool,0.001,0.7865819988956377,0.001511129704327
1,0,20,Lawschool,0.008,0.7867890668139149,0.0033391982233925
2,0,20,Lawschool,0.016,0.7868235781336278,0.0109648965069607
3,0,20,Lawschool,0.024,0.7875138045278851,0.0183678110969766
4,0,20,Lawschool,0.032,0.7875828271673109,0.0262559233027337
5,0,20,Lawschool,0.04,0.787789895085588,0.034940772774794
6,0,20,Lawschool,0.048,0.7878934290447267,0.0368382184326459
7,0,20,Lawschool,0.056,0.7885491441192711,0.048851613231777
8,0,20,Lawschool,0.064,0.7882040309221424,0.0566301908789962
9,0,20,Lawschool,0.072,0.7885146327995582,0.0624849027159389
0,0,21,Lawschool,0.001,0.7868580894533407,0.001568310847409
1,0,21,Lawschool,0.008,0.7874102705687466,0.0085745840178748
2,0,21,Lawschool,0.016,0.7884456101601325,0.0172648129880742
3,0,21,Lawschool,0.024,0.7888252346769741,0.0256078640220519
4,0,21,Lawschool,0.032,0.788859745996687,0.0291643200403745
5,0,21,Lawschool,0.04,0.7893083931529542,0.0450145819594798
6,0,21,Lawschool,0.048,0.7898950855880729,0.0508725609154772
7,0,21,Lawschool,0.056,0.7898260629486472,0.0616386380493357
8,0,21,Lawschool,0.064,0.7898260629486472,0.0616386380493357
9,0,21,Lawschool,0.072,0.7902056874654887,0.077161520836984
0,0,22,Lawschool,0.001,0.7882040309221424,0.0098909315578612
1,0,22,Lawschool,0.008,0.7886181667586969,0.0027540879384257
2,0,22,Lawschool,0.016,0.7889632799558255,0.0036651680921717
3,0,22,Lawschool,0.024,0.7896189950303699,0.0156875547978668
4,0,22,Lawschool,0.032,0.7900676421866372,0.0232300162099258
5,0,22,Lawschool,0.04,0.7906888459414688,0.0310423843506295
6,0,22,Lawschool,0.048,0.7907578685808946,0.0381630432599937
7,0,22,Lawschool,0.056,0.7907578685808946,0.0381630432599937
8,0,22,Lawschool,0.064,0.7907578685808946,0.0556786420412274
9,0,22,Lawschool,0.072,0.7910684704583103,0.0654190459790741
0,0,23,Lawschool,0.001,0.7884110988404197,0.0083500397256237
1,0,23,Lawschool,0.008,0.7887217007178354,0.0137826724722964
2,0,23,Lawschool,0.016,0.7887907233572612,0.0206036682127846
3,0,23,Lawschool,0.024,0.7886871893981225,0.0279010045381759
4,0,23,Lawschool,0.032,0.7889287686361126,0.0359230643919366
5,0,23,Lawschool,0.04,0.789101325234677,0.0445449818537048
6,0,23,Lawschool,0.048,0.7897915516289343,0.0507525350920267
7,0,23,Lawschool,0.056,0.7897915516289343,0.0552392311551814
8,0,23,Lawschool,0.064,0.7900676421866372,0.0619217760811487
9,0,23,Lawschool,0.072,0.7900676421866372,0.0619217760811487
0,0,24,Lawschool,0.001,0.785753727222529,0.002133662972534
1,0,24,Lawschool,0.008,0.7861678630590834,0.0056556834006536
2,0,24,Lawschool,0.016,0.7861678630590834,0.0056556834006536
3,0,24,Lawschool,0.024,0.786271397018222,0.0204457929046032
4,0,24,Lawschool,0.032,0.7871341800110436,0.0323411750169268
5,0,24,Lawschool,0.04,0.7873757592490337,0.0388221678634974
6,0,24,Lawschool,0.048,0.787789895085588,0.0473321330353513
7,0,24,Lawschool,0.056,0.7881350082827168,0.055363290129125
8,0,24,Lawschool,0.064,0.7882385422418553,0.0607924294355653
9,0,24,Lawschool,0.072,0.7881350082827168,0.069751210328354
0,0,25,Lawschool,0.001,0.7848564329099945,0.005538447410556
1,0,25,Lawschool,0.008,0.7850980121479846,0.0138203211886184
2,0,25,Lawschool,0.016,0.7856156819436775,0.0213893042405083
3,0,25,Lawschool,0.024,0.7855121479845389,0.0293106261281496
4,0,25,Lawschool,0.032,0.7863404196576477,0.037818697592297
5,0,25,Lawschool,0.04,0.7868235781336278,0.0482920478053729
6,0,25,Lawschool,0.048,0.7867890668139149,0.0489733019417239
7,0,25,Lawschool,0.056,0.787030646051905,0.0627584182767101
8,0,25,Lawschool,0.064,0.787030646051905,0.0627584182767101
9,0,25,Lawschool,0.072,0.7867545554942021,0.0764962823317737
0,0,26,Lawschool,0.001,0.7846838763114301,0.0031625825544748
1,0,26,Lawschool,0.008,0.7847528989508559,0.0123704388862373
2,0,26,Lawschool,0.016,0.7853395913859746,0.0213866458175441
3,0,26,Lawschool,0.024,0.7856501932633904,0.0271219219067108
4,0,26,Lawschool,0.032,0.7855466593042518,0.028752930882954
5,0,26,Lawschool,0.04,0.7857882385422419,0.0433440916336184
6,0,26,Lawschool,0.048,0.7861333517393705,0.0511943013046219
7,0,26,Lawschool,0.056,0.7861333517393705,0.0511943013046219
8,0,26,Lawschool,0.064,0.7861333517393705,0.0688493319586565
9,0,26,Lawschool,0.072,0.7860643290999448,0.0763350099543202
0,0,27,Lawschool,0.001,0.785753727222529,0.004581737996721
1,0,27,Lawschool,0.008,0.7861333517393705,0.0095785713934346
2,0,27,Lawschool,0.016,0.786271397018222,0.0147998172722604
3,0,27,Lawschool,0.024,0.7869616234124793,0.0240200074512564
4,0,27,Lawschool,0.032,0.7867890668139149,0.0316996705388545
5,0,27,Lawschool,0.04,0.7873412479293208,0.0400019706004762
6,0,27,Lawschool,0.048,0.7873412479293208,0.0400019706004762
7,0,27,Lawschool,0.056,0.7879969630038652,0.0558542960747455
8,0,27,Lawschool,0.064,0.7878589177250138,0.0566884932559525
9,0,27,Lawschool,0.072,0.7881004969630039,0.0659859502336513
0,0,28,Lawschool,0.001,0.7874792932081722,0.0001184097419898
1,0,28,Lawschool,0.008,0.7881004969630039,0.0078529201933392
2,0,28,Lawschool,0.016,0.7881004969630039,0.0121505191681201
3,0,28,Lawschool,0.024,0.7886871893981225,0.0267853696752571
4,0,28,Lawschool,0.032,0.7887907233572612,0.0352394376441067
5,0,28,Lawschool,0.04,0.7884801214798454,0.0379122287315178
6,0,28,Lawschool,0.048,0.7892738818332413,0.0497085486415719
7,0,28,Lawschool,0.056,0.7895499723909443,0.0563945030113244
8,0,28,Lawschool,0.064,0.7898950855880729,0.0632107330846527
9,0,28,Lawschool,0.072,0.7900331308669244,0.0661418998482004
0,0,29,Lawschool,0.001,0.7858572611816675,0.0062432033581457
1,0,29,Lawschool,0.008,0.7864784649364992,0.0145824922072285
2,0,29,Lawschool,0.016,0.7866165102153506,0.0228391979045851
3,0,29,Lawschool,0.024,0.7873067366096079,0.0286687173454461
4,0,29,Lawschool,0.032,0.7884456101601325,0.0383490344047592
5,0,29,Lawschool,0.04,0.788583655438984,0.0462043101443001
6,0,29,Lawschool,0.048,0.7887562120375483,0.0491603614405937
7,0,29,Lawschool,0.056,0.7891703478741027,0.0562012914636875
8,0,29,Lawschool,0.064,0.7898950855880729,0.0686254590395706
9,0,29,Lawschool,0.072,0.7898950855880729,0.0686254590395706
0,0,30,Lawschool,0.001,0.787030646051905,0.0018519776717313
1,0,30,Lawschool,0.008,0.7872377139701823,0.0039200441648999
2,0,30,Lawschool,0.016,0.788342076200994,0.012314528233511
3,0,30,Lawschool,0.024,0.7886871893981225,0.0197622040659588
4,0,30,Lawschool,0.032,0.7885146327995582,0.0237853417051152
5,0,30,Lawschool,0.04,0.7890323025952513,0.0387148496775327
6,0,30,Lawschool,0.048,0.7890668139149641,0.047117440790908
7,0,30,Lawschool,0.056,0.7884801214798454,0.0556242289553138
8,0,30,Lawschool,0.064,0.788859745996687,0.0645377033518325
9,0,30,Lawschool,0.072,0.7894464384318056,0.0729892035325735
0,0,31,Lawschool,0.001,0.7867545554942021,0.0081695410249276
1,0,31,Lawschool,0.008,0.7869616234124793,0.001562048263604
2,0,31,Lawschool,0.016,0.7869961347321922,0.0066994874015494
3,0,31,Lawschool,0.024,0.7869961347321922,0.0123717730382952
4,0,31,Lawschool,0.032,0.7874792932081722,0.0211524459916643
5,0,31,Lawschool,0.04,0.7880314743235781,0.0292964837920007
6,0,31,Lawschool,0.048,0.787789895085588,0.037689656823628
7,0,31,Lawschool,0.056,0.7882385422418553,0.0441928154567819
8,0,31,Lawschool,0.064,0.7885491441192711,0.0540194660755688
9,0,31,Lawschool,0.072,0.7887562120375483,0.0589498066661029
0,0,32,Lawschool,0.001,0.7861333517393705,0.0036127310900244
1,0,32,Lawschool,0.008,0.7867545554942021,0.0106395200771109
2,0,32,Lawschool,0.016,0.7870651573716179,0.0173220103691626
3,0,32,Lawschool,0.024,0.7867890668139149,0.0206805155286783
4,0,32,Lawschool,0.032,0.7873067366096079,0.0299120904703287
5,0,32,Lawschool,0.04,0.7873067366096079,0.0299120904703287
6,0,32,Lawschool,0.048,0.7879969630038652,0.0474722496952087
7,0,32,Lawschool,0.056,0.7881350082827168,0.0518418497729208
8,0,32,Lawschool,0.064,0.7879279403644396,0.0612696473184144
9,0,32,Lawschool,0.072,0.7879279403644396,0.0718575234988957
0,0,33,Lawschool,0.001,0.7924834345665378,0.0019030688251309
1,0,33,Lawschool,0.008,0.7935877967973495,0.0110071643955443
2,0,33,Lawschool,0.016,0.7940709552733296,0.0182877373523411
3,0,33,Lawschool,0.024,0.7945886250690226,0.025498128922586
4,0,33,Lawschool,0.032,0.7949337382661513,0.0314619271153574
5,0,33,Lawschool,0.04,0.7949682495858642,0.0399191921553698
6,0,33,Lawschool,0.048,0.7953478741027057,0.0463415501452278
7,0,33,Lawschool,0.056,0.795244340143567,0.0565631530793285
8,0,33,Lawschool,0.064,0.7958310325786858,0.0633857264236269
9,0,33,Lawschool,0.072,0.7961761457758144,0.0716194899909018
0,0,34,Lawschool,0.001,0.7876863611264495,0.0111140729655752
1,0,34,Lawschool,0.008,0.7878589177250138,0.0165500330210384
2,0,34,Lawschool,0.016,0.7880314743235781,0.0232158690474545
3,0,34,Lawschool,0.024,0.7883075648812811,0.0311175928204549
4,0,34,Lawschool,0.032,0.7881695196024296,0.0372472188244681
5,0,34,Lawschool,0.04,0.788342076200994,0.0394934028957542
6,0,34,Lawschool,0.048,0.788342076200994,0.0394934028957542
7,0,34,Lawschool,0.056,0.7879279403644396,0.0582790703309435
8,0,34,Lawschool,0.064,0.7879279403644396,0.0582790703309435
9,0,34,Lawschool,0.072,0.7879279403644396,0.0582790703309435
0,0,35,Lawschool,0.001,0.7930011043622308,0.009261873742053
1,0,35,Lawschool,0.008,0.793208172280508,0.015905507347027
2,0,35,Lawschool,0.016,0.7933807288790723,0.0183040874866989
3,0,35,Lawschool,0.024,0.7936913307564881,0.0299185151580426
4,0,35,Lawschool,0.032,0.7942090005521811,0.0385672274077224
5,0,35,Lawschool,0.04,0.7942780231916069,0.0470641032580374
6,0,35,Lawschool,0.048,0.7943815571507454,0.0516086997479493
7,0,35,Lawschool,0.056,0.7943125345113197,0.0615149526536059
8,0,35,Lawschool,0.064,0.7940364439536168,0.0650662162850677
9,0,35,Lawschool,0.072,0.7942780231916069,0.0717173641240168
0,0,36,Lawschool,0.001,0.7876518498067366,0.0077770832462956
1,0,36,Lawschool,0.008,0.7879279403644396,0.0013947629011676
2,0,36,Lawschool,0.016,0.7876173384870238,0.0061047169242776
3,0,36,Lawschool,0.024,0.7874102705687466,0.0168723603750972
4,0,36,Lawschool,0.032,0.7876518498067366,0.0236869306303033
5,0,36,Lawschool,0.04,0.7877208724461623,0.029121267393084
6,0,36,Lawschool,0.048,0.787548315847598,0.036176441760832
7,0,36,Lawschool,0.056,0.787789895085588,0.0499186678936052
8,0,36,Lawschool,0.064,0.7882385422418553,0.0581319230249302
9,0,36,Lawschool,0.072,0.788583655438984,0.0624514776275946
0,0,37,Lawschool,0.001,0.7879969630038652,0.0013478244877112
1,0,37,Lawschool,0.008,0.7879624516841524,0.0088936565622944
2,0,37,Lawschool,0.016,0.7877208724461623,0.0145105587283095
3,0,37,Lawschool,0.024,0.788065985643291,0.0248262201133508
4,0,37,Lawschool,0.032,0.7883765875207068,0.0331509999752772
5,0,37,Lawschool,0.04,0.7886181667586969,0.0414103429167186
6,0,37,Lawschool,0.048,0.7890323025952513,0.048981922839668
7,0,37,Lawschool,0.056,0.7890323025952513,0.048981922839668
8,0,37,Lawschool,0.064,0.7890323025952513,0.048981922839668
9,0,37,Lawschool,0.072,0.7890323025952513,0.048981922839668
0,0,38,Lawschool,0.001,0.7852015461071231,0.001234569490713
1,0,38,Lawschool,0.008,0.7855811706239647,0.0095146168417073
2,0,38,Lawschool,0.016,0.7859607951408062,0.0174678878204795
3,0,38,Lawschool,0.024,0.7863749309773606,0.0231367242592613
4,0,38,Lawschool,0.032,0.7874792932081722,0.0346627575286038
5,0,38,Lawschool,0.04,0.7877208724461623,0.0411077850195285
6,0,38,Lawschool,0.048,0.7876863611264495,0.0449068518509566
7,0,38,Lawschool,0.056,0.7876863611264495,0.0449068518509566
8,0,38,Lawschool,0.064,0.7876863611264495,0.0449068518509566
9,0,38,Lawschool,0.072,0.7876863611264495,0.0449068518509566
0,0,39,Lawschool,0.001,0.7865474875759249,0.0040174184842123
1,0,39,Lawschool,0.008,0.787789895085588,0.0041025342841551
2,0,39,Lawschool,0.016,0.7883075648812811,0.0117954959208386
3,0,39,Lawschool,0.024,0.7886526780784097,0.0224947531873015
4,0,39,Lawschool,0.032,0.7888252346769741,0.0291603615428755
5,0,39,Lawschool,0.04,0.788583655438984,0.0360542383041063
6,0,39,Lawschool,0.048,0.7886871893981225,0.0374382791510114
7,0,39,Lawschool,0.056,0.788342076200994,0.0514741921397546
8,0,39,Lawschool,0.064,0.7883075648812811,0.0518726133568181
9,0,39,Lawschool,0.072,0.7883075648812811,0.0518726133568181
0,0,40,Lawschool,0.001,0.7876518498067366,0.0075404885015962
1,0,40,Lawschool,0.008,0.7881695196024296,0.0018294940692565
2,0,40,Lawschool,0.016,0.7887562120375483,0.0099718794206999
3,0,40,Lawschool,0.024,0.7890323025952513,0.0157890248492441
4,0,40,Lawschool,0.032,0.7892393705135284,0.0200687486929971
5,0,40,Lawschool,0.04,0.7897915516289343,0.0280701632254001
6,0,40,Lawschool,0.048,0.7897915516289343,0.0280701632254001
7,0,40,Lawschool,0.056,0.7901366648260629,0.0461625969090415
8,0,40,Lawschool,0.064,0.7899641082274986,0.054968012264736
9,0,40,Lawschool,0.072,0.7903437327443401,0.0619158493061332
0,0,41,Lawschool,0.001,0.7872032026504694,0.0045153331171902
1,0,41,Lawschool,0.008,0.7873757592490337,0.0017756220716781
2,0,41,Lawschool,0.016,0.7873412479293208,0.0073125716055041
3,0,41,Lawschool,0.024,0.7882040309221424,0.0153392174809542
4,0,41,Lawschool,0.032,0.7886181667586969,0.0242808340531352
5,0,41,Lawschool,0.04,0.7892048591938156,0.0344646496658936
6,0,41,Lawschool,0.048,0.7894809497515185,0.0401927497437148
7,0,41,Lawschool,0.056,0.7903092214246272,0.0503667708657892
8,0,41,Lawschool,0.064,0.7903092214246272,0.0503667708657892
9,0,41,Lawschool,0.072,0.7905162893429045,0.0679405175476928
0,0,42,Lawschool,0.001,0.7874792932081722,0.0021201930752282
1,0,42,Lawschool,0.008,0.7878244064053009,0.0025025261685129
2,0,42,Lawschool,0.016,0.7876863611264495,0.0112544379481567
3,0,42,Lawschool,0.024,0.788065985643291,0.0207824580174228
4,0,42,Lawschool,0.032,0.7879969630038652,0.029122405371448
5,0,42,Lawschool,0.04,0.7883765875207068,0.036062768564016
6,0,42,Lawschool,0.048,0.7890323025952513,0.0437561792456412
7,0,42,Lawschool,0.056,0.7893083931529542,0.0496849180348692
8,0,42,Lawschool,0.064,0.7893083931529542,0.0496849180348692
9,0,42,Lawschool,0.072,0.788859745996687,0.0669419782402378
0,0,43,Lawschool,0.001,0.7886181667586969,0.0018741531396758
1,0,43,Lawschool,0.008,0.7892048591938156,0.0086074050824065
2,0,43,Lawschool,0.016,0.7896535063500828,0.0124564061067508
3,0,43,Lawschool,0.024,0.7904127553837659,0.0244279236003224
4,0,43,Lawschool,0.032,0.7904127553837659,0.031879602842864
5,0,43,Lawschool,0.04,0.7909994478188846,0.0396954954350547
6,0,43,Lawschool,0.048,0.7910684704583103,0.04244968713183
7,0,43,Lawschool,0.056,0.7911374930977361,0.0514301472023115
8,0,43,Lawschool,0.064,0.7911374930977361,0.0514301472023115
9,0,43,Lawschool,0.072,0.7911374930977361,0.0514301472023115
0,0,44,Lawschool,0.001,0.7879969630038652,0.0004617777109821
1,0,44,Lawschool,0.008,0.7882730535615682,0.0085268644299212
2,0,44,Lawschool,0.016,0.7889977912755384,0.0175261002380028
3,0,44,Lawschool,0.024,0.7892738818332413,0.025771013854007
4,0,44,Lawschool,0.032,0.7893774157923799,0.026248114978789
5,0,44,Lawschool,0.04,0.7898950855880729,0.0364999614380862
6,0,44,Lawschool,0.048,0.79010215350635,0.0495448439342881
7,0,44,Lawschool,0.056,0.7902401987852016,0.0544617051238503
8,0,44,Lawschool,0.064,0.7911374930977361,0.0666615073818314
9,0,44,Lawschool,0.072,0.7910339591385974,0.07447275632162
0,0,45,Lawschool,0.001,0.7879279403644396,0.0017482596457839
1,0,45,Lawschool,0.008,0.7879279403644396,0.0017482596457839
2,0,45,Lawschool,0.016,0.7885491441192711,0.0166305866793008
3,0,45,Lawschool,0.024,0.7889287686361126,0.0256123736908631
4,0,45,Lawschool,0.032,0.7887562120375483,0.033025893215789
5,0,45,Lawschool,0.04,0.7893083931529542,0.0406200294515535
6,0,45,Lawschool,0.048,0.7894119271120927,0.0483719225935485
7,0,45,Lawschool,0.056,0.7896880176697957,0.0567794312935384
8,0,45,Lawschool,0.064,0.7894464384318056,0.0650974957023415
9,0,45,Lawschool,0.072,0.7895844837106571,0.0716113879300049
0,0,46,Lawschool,0.001,0.7875138045278851,0.003288906776184
1,0,46,Lawschool,0.008,0.7872032026504694,0.0092658581130799
2,0,46,Lawschool,0.016,0.7875828271673109,0.0165162425503725
3,0,46,Lawschool,0.024,0.7878589177250138,0.0235870486045839
4,0,46,Lawschool,0.032,0.7881350082827168,0.0312203107169158
5,0,46,Lawschool,0.04,0.7882385422418553,0.0399766508229766
6,0,46,Lawschool,0.048,0.7884801214798454,0.044318607691224
7,0,46,Lawschool,0.056,0.7884801214798454,0.044318607691224
8,0,46,Lawschool,0.064,0.7879279403644396,0.0654738429439666
9,0,46,Lawschool,0.072,0.7884110988404197,0.0708000979139248
0,0,47,Lawschool,0.001,0.7850635008282717,0.0087145393205694
1,0,47,Lawschool,0.008,0.7852705687465489,0.0157840718020035
2,0,47,Lawschool,0.016,0.7853741027056874,0.0218263600774801
3,0,47,Lawschool,0.024,0.7856156819436775,0.0310545184647727
4,0,47,Lawschool,0.032,0.786271397018222,0.0405841648863126
5,0,47,Lawschool,0.04,0.786271397018222,0.0485778728417255
6,0,47,Lawschool,0.048,0.7865474875759249,0.0562257027062856
7,0,47,Lawschool,0.056,0.7865474875759249,0.0564833350649098
8,0,47,Lawschool,0.064,0.7865474875759249,0.0564833350649098
9,0,47,Lawschool,0.072,0.7865474875759249,0.0564833350649098
0,0,48,Lawschool,0.001,0.7852015461071231,0.0060808810582915
1,0,48,Lawschool,0.008,0.7854776366648261,0.0002738795703834
2,0,48,Lawschool,0.016,0.7862368856985091,0.0103050695292289
3,0,48,Lawschool,0.024,0.7869616234124793,0.0147715509652054
4,0,48,Lawschool,0.032,0.7868926007730536,0.0228169931099601
5,0,48,Lawschool,0.04,0.7875138045278851,0.0291772680924012
6,0,48,Lawschool,0.048,0.7879624516841524,0.0405596198385165
7,0,48,Lawschool,0.056,0.788583655438984,0.0470835840590674
8,0,48,Lawschool,0.064,0.7883075648812811,0.0543221891790965
9,0,48,Lawschool,0.072,0.7883075648812811,0.0543221891790965
0,0,49,Lawschool,0.001,0.7866855328547764,0.0086363734387283
1,0,49,Lawschool,0.008,0.7866510215350635,0.0136740537287215
2,0,49,Lawschool,0.016,0.7874102705687466,0.0200143212548595
3,0,49,Lawschool,0.024,0.7878589177250138,0.0273597722714627
4,0,49,Lawschool,0.032,0.7881695196024296,0.0344974131559497
5,0,49,Lawschool,0.04,0.7879624516841524,0.0439695362109155
6,0,49,Lawschool,0.048,0.7879279403644396,0.0506482303790966
7,0,49,Lawschool,0.056,0.7879279403644396,0.0575614461232627
8,0,49,Lawschool,0.064,0.7876863611264495,0.0645951819416916
9,0,49,Lawschool,0.072,0.7882385422418553,0.0741712100627155
