,Unnamed: 0,seed,dataset,level,acc,disparity
0,0,0,COMPAS,0.0,0.6439393939393939,0.0400743846963118
1,0,0,COMPAS,0.03,0.6429924242424242,0.0612414242743046
2,0,0,COMPAS,0.06,0.6458333333333334,0.0798894601923333
3,0,0,COMPAS,0.09,0.6486742424242424,0.1056647947012017
4,0,0,COMPAS,0.12,0.6505681818181818,0.1316549854045964
5,0,0,COMPAS,0.15,0.646780303030303,0.1772044986441833
6,0,0,COMPAS,0.18,0.6505681818181818,0.2105887059730021
7,0,0,COMPAS,0.21,0.6505681818181818,0.2483144901981122
8,0,0,COMPAS,0.24,0.6543560606060606,0.27248210766518
9,0,0,COMPAS,0.2699999999999999,0.6581439393939394,0.3012580200631232
0,0,1,COMPAS,0.0,0.6647727272727273,0.0334598876907095
1,0,1,COMPAS,0.03,0.6638257575757576,5.914906673865072e-05
2,0,1,COMPAS,0.06,0.6685606060606061,0.0323656299560448
3,0,1,COMPAS,0.09,0.6761363636363636,0.0668273549646399
4,0,1,COMPAS,0.12,0.678030303030303,0.0863465469883882
5,0,1,COMPAS,0.15,0.6789772727272727,0.10101921235624
6,0,1,COMPAS,0.18,0.6761363636363636,0.1292887694406346
7,0,1,COMPAS,0.21,0.6714015151515151,0.171828038875724
8,0,1,COMPAS,0.24,0.6695075757575758,0.2128848848256765
9,0,1,COMPAS,0.2699999999999999,0.6666666666666666,0.231461388598278
0,0,2,COMPAS,0.0,0.6714015151515151,0.0170900385689586
1,0,2,COMPAS,0.03,0.6666666666666666,0.0235403644101609
2,0,2,COMPAS,0.06,0.6638257575757576,0.053797047479718
3,0,2,COMPAS,0.09,0.6704545454545454,0.0762512745489205
4,0,2,COMPAS,0.12,0.6714015151515151,0.1058429755729928
5,0,2,COMPAS,0.15,0.6761363636363636,0.1321097663696414
6,0,2,COMPAS,0.18,0.6761363636363636,0.1743582923261072
7,0,2,COMPAS,0.21,0.6827651515151515,0.2039499933501795
8,0,2,COMPAS,0.24,0.6818181818181818,0.2225029924192046
9,0,2,COMPAS,0.2699999999999999,0.6827651515151515,0.2552422751252382
0,0,3,COMPAS,0.0,0.6761363636363636,0.0382011442359209
1,0,3,COMPAS,0.03,0.6799242424242424,0.0121392415971345
2,0,3,COMPAS,0.06,0.6808712121212122,0.0148031307253946
3,0,3,COMPAS,0.09,0.6893939393939394,0.0639782992323053
4,0,3,COMPAS,0.12,0.6837121212121212,0.1140339374229589
5,0,3,COMPAS,0.15,0.6856060606060606,0.1361393465041606
6,0,3,COMPAS,0.18,0.6846590909090909,0.1551687317115206
7,0,3,COMPAS,0.21,0.6827651515151515,0.1909045608329617
8,0,3,COMPAS,0.24,0.6761363636363636,0.2231822047710216
9,0,3,COMPAS,0.2699999999999999,0.6742424242424242,0.2279554744607591
0,0,4,COMPAS,0.0,0.6742424242424242,0.0843917541342596
1,0,4,COMPAS,0.03,0.6723484848484849,0.0635656573283999
2,0,4,COMPAS,0.06,0.6695075757575758,0.030121573661557
3,0,4,COMPAS,0.09,0.6704545454545454,0.0042286490976364
4,0,4,COMPAS,0.12,0.6676136363636364,0.0101714113116363
5,0,4,COMPAS,0.15,0.6704545454545454,0.0396284829721362
6,0,4,COMPAS,0.18,0.6704545454545454,0.0746205542550781
7,0,4,COMPAS,0.21,0.6761363636363636,0.1153817110926527
8,0,4,COMPAS,0.24,0.6789772727272727,0.1594276221399984
9,0,4,COMPAS,0.2699999999999999,0.6808712121212122,0.179785547081477
0,0,5,COMPAS,0.0,0.6581439393939394,0.0116375974760402
1,0,5,COMPAS,0.03,0.6628787878787878,0.025105661051253
2,0,5,COMPAS,0.06,0.6638257575757576,0.0399726174177034
3,0,5,COMPAS,0.09,0.6628787878787878,0.0621614381808441
4,0,5,COMPAS,0.12,0.6676136363636364,0.0998571343532353
5,0,5,COMPAS,0.15,0.6714015151515151,0.1462587058753497
6,0,5,COMPAS,0.18,0.6723484848484849,0.1657985594380618
7,0,5,COMPAS,0.21,0.6732954545454546,0.18852312637657
8,0,5,COMPAS,0.24,0.6723484848484849,0.2161289362462051
9,0,5,COMPAS,0.2699999999999999,0.6714015151515151,0.2177212929341032
0,0,6,COMPAS,0.0,0.665719696969697,0.0273586063059747
1,0,6,COMPAS,0.03,0.665719696969697,0.0109189056557477
2,0,6,COMPAS,0.06,0.6695075757575758,0.0008587903324745
3,0,6,COMPAS,0.09,0.6676136363636364,0.0469880996196785
4,0,6,COMPAS,0.12,0.665719696969697,0.0845295055821371
5,0,6,COMPAS,0.15,0.6723484848484849,0.1145871672187461
6,0,6,COMPAS,0.18,0.6742424242424242,0.1428045638571954
7,0,6,COMPAS,0.21,0.6761363636363636,0.182799656483867
8,0,6,COMPAS,0.24,0.6789772727272727,0.2300331247699669
9,0,6,COMPAS,0.2699999999999999,0.6808712121212122,0.2607042080726291
0,0,7,COMPAS,0.0,0.6808712121212122,0.0202433093670734
1,0,7,COMPAS,0.03,0.6865530303030303,0.0083738286943196
2,0,7,COMPAS,0.06,0.6865530303030303,0.0034956519784341
3,0,7,COMPAS,0.09,0.6875,0.0414907288415641
4,0,7,COMPAS,0.12,0.6903409090909091,0.0612095030778971
5,0,7,COMPAS,0.15,0.6922348484848485,0.0913552863774479
6,0,7,COMPAS,0.18,0.6903409090909091,0.1245133999992506
7,0,7,COMPAS,0.21,0.696969696969697,0.1633252529945336
8,0,7,COMPAS,0.24,0.6903409090909091,0.1909570143460358
9,0,7,COMPAS,0.2699999999999999,0.6903409090909091,0.2209754105424068
0,0,8,COMPAS,0.0,0.678030303030303,0.05261764130197
1,0,8,COMPAS,0.03,0.6751893939393939,0.0814594775079732
2,0,8,COMPAS,0.06,0.6732954545454546,0.1078488941084361
3,0,8,COMPAS,0.09,0.6732954545454546,0.123023960024409
4,0,8,COMPAS,0.12,0.6742424242424242,0.1458326137266415
5,0,8,COMPAS,0.15,0.6761363636363636,0.1620439132787584
6,0,8,COMPAS,0.18,0.6818181818181818,0.1904136874949628
7,0,8,COMPAS,0.21,0.6837121212121212,0.2096415782989649
8,0,8,COMPAS,0.24,0.6903409090909091,0.2375392905253704
9,0,8,COMPAS,0.2699999999999999,0.6893939393939394,0.264308659459086
0,0,9,COMPAS,0.0,0.6534090909090909,0.0185879465441731
1,0,9,COMPAS,0.03,0.6609848484848485,0.014782540165051
2,0,9,COMPAS,0.06,0.6628787878787878,0.0504497810202542
3,0,9,COMPAS,0.09,0.6714015151515151,0.1022731110885938
4,0,9,COMPAS,0.12,0.6685606060606061,0.134078652570901
5,0,9,COMPAS,0.15,0.6799242424242424,0.1828959367717094
6,0,9,COMPAS,0.18,0.6846590909090909,0.2107384514923272
7,0,9,COMPAS,0.21,0.6827651515151515,0.2472388286553855
8,0,9,COMPAS,0.24,0.6865530303030303,0.2766462886029204
9,0,9,COMPAS,0.2699999999999999,0.6846590909090909,0.2885353688879882
0,0,10,COMPAS,0.0,0.6581439393939394,0.005038937242327
1,0,10,COMPAS,0.03,0.6581439393939394,0.0167825761046099
2,0,10,COMPAS,0.06,0.6581439393939394,0.0318577437221505
3,0,10,COMPAS,0.09,0.6628787878787878,0.0702952567359347
4,0,10,COMPAS,0.12,0.6685606060606061,0.1139382834298088
5,0,10,COMPAS,0.15,0.6695075757575758,0.1465456211218923
6,0,10,COMPAS,0.18,0.6742424242424242,0.1809852996293674
7,0,10,COMPAS,0.21,0.6751893939393939,0.2074293091242243
8,0,10,COMPAS,0.24,0.6647727272727273,0.2498646566443176
9,0,10,COMPAS,0.2699999999999999,0.6723484848484849,0.2898430017074085
0,0,11,COMPAS,0.0,0.6410984848484849,0.0136229044933067
1,0,11,COMPAS,0.03,0.6410984848484849,0.0486596638182411
2,0,11,COMPAS,0.06,0.6496212121212122,0.078798932684838
3,0,11,COMPAS,0.09,0.6458333333333334,0.1175960639938753
4,0,11,COMPAS,0.12,0.6534090909090909,0.1526328233188097
5,0,11,COMPAS,0.15,0.6515151515151515,0.1841343826347372
6,0,11,COMPAS,0.18,0.65625,0.2023845712162663
7,0,11,COMPAS,0.21,0.6543560606060606,0.2174035419551682
8,0,11,COMPAS,0.24,0.65625,0.2499408923565373
9,0,11,COMPAS,0.2699999999999999,0.6581439393939394,0.2879048873577195
0,0,12,COMPAS,0.0,0.6534090909090909,0.0027233763914518
1,0,12,COMPAS,0.03,0.6515151515151515,0.0137359366628966
2,0,12,COMPAS,0.06,0.6609848484848485,0.0717155783082326
3,0,12,COMPAS,0.09,0.665719696969697,0.094648490981606
4,0,12,COMPAS,0.12,0.6704545454545454,0.1207661170307756
5,0,12,COMPAS,0.15,0.6723484848484849,0.1598458241561998
6,0,12,COMPAS,0.18,0.6761363636363636,0.1974373474611584
7,0,12,COMPAS,0.21,0.6808712121212122,0.2306684921721531
8,0,12,COMPAS,0.24,0.6884469696969697,0.2761176260491695
9,0,12,COMPAS,0.2699999999999999,0.6875,0.2980981010774451
0,0,13,COMPAS,0.0,0.6714015151515151,0.0301930374525655
1,0,13,COMPAS,0.03,0.6685606060606061,0.0014024088434251
2,0,13,COMPAS,0.06,0.6732954545454546,0.0315129516581422
3,0,13,COMPAS,0.09,0.6789772727272727,0.0679755815871968
4,0,13,COMPAS,0.12,0.6732954545454546,0.1042732222405543
5,0,13,COMPAS,0.15,0.6695075757575758,0.1392509486883352
6,0,13,COMPAS,0.18,0.6704545454545454,0.1678765880217785
7,0,13,COMPAS,0.21,0.6695075757575758,0.1994720343177694
8,0,13,COMPAS,0.24,0.6666666666666666,0.2310674806137601
9,0,13,COMPAS,0.2699999999999999,0.665719696969697,0.2334598251113677
0,0,14,COMPAS,0.0,0.6799242424242424,0.0104054972438269
1,0,14,COMPAS,0.03,0.6837121212121212,0.040519519746281
2,0,14,COMPAS,0.06,0.6837121212121212,0.076870799667749
3,0,14,COMPAS,0.09,0.6808712121212122,0.0846107377482443
4,0,14,COMPAS,0.12,0.6761363636363636,0.1149588461828891
5,0,14,COMPAS,0.15,0.6799242424242424,0.1428679302272898
6,0,14,COMPAS,0.18,0.6856060606060606,0.1916031110775504
7,0,14,COMPAS,0.21,0.6922348484848485,0.2290342067507362
8,0,14,COMPAS,0.24,0.6960227272727273,0.2640262780336782
9,0,14,COMPAS,0.2699999999999999,0.6960227272727273,0.2640262780336782
0,0,15,COMPAS,0.0,0.6875,0.0253988441468569
1,0,15,COMPAS,0.03,0.6875,0.0411992443937381
2,0,15,COMPAS,0.06,0.6922348484848485,0.0712252417378944
3,0,15,COMPAS,0.09,0.6931818181818182,0.0940991639702994
4,0,15,COMPAS,0.12,0.6931818181818182,0.1256999644640619
5,0,15,COMPAS,0.15,0.696969696969697,0.1383507584117306
6,0,15,COMPAS,0.18,0.696969696969697,0.1707520526680008
7,0,15,COMPAS,0.21,0.7083333333333334,0.2133502908335983
8,0,15,COMPAS,0.24,0.7083333333333334,0.2315521723680026
9,0,15,COMPAS,0.2699999999999999,0.7140151515151515,0.2545046477266351
0,0,16,COMPAS,0.0,0.6590909090909091,0.027245709190876
1,0,16,COMPAS,0.03,0.6723484848484849,0.0721376030908685
2,0,16,COMPAS,0.06,0.6761363636363636,0.093209005126681
3,0,16,COMPAS,0.09,0.6789772727272727,0.107303662976447
4,0,16,COMPAS,0.12,0.6751893939393939,0.1396983431161305
5,0,16,COMPAS,0.15,0.6742424242424242,0.1537930009658964
6,0,16,COMPAS,0.18,0.678030303030303,0.2001411694776729
7,0,16,COMPAS,0.21,0.6789772727272727,0.2262872427372019
8,0,16,COMPAS,0.24,0.6799242424242424,0.2443049260717735
9,0,16,COMPAS,0.2699999999999999,0.6818181818181818,0.2528791143472769
0,0,17,COMPAS,0.0,0.6761363636363636,0.0039532794249775
1,0,17,COMPAS,0.03,0.6761363636363636,0.0451033243486073
2,0,17,COMPAS,0.06,0.6827651515151515,0.0815363881401617
3,0,17,COMPAS,0.09,0.6808712121212122,0.1092093441150044
4,0,17,COMPAS,0.12,0.6827651515151515,0.1384097035040431
5,0,17,COMPAS,0.15,0.6837121212121212,0.1684636118598382
6,0,17,COMPAS,0.18,0.6856060606060606,0.1882300089847259
7,0,17,COMPAS,0.21,0.6856060606060606,0.2088050314465409
8,0,17,COMPAS,0.24,0.6931818181818182,0.2420485175202156
9,0,17,COMPAS,0.2699999999999999,0.6941287878787878,0.2539532794249776
0,0,18,COMPAS,0.0,0.6704545454545454,0.0159756097560975
1,0,18,COMPAS,0.03,0.6695075757575758,0.0395731707317073
2,0,18,COMPAS,0.06,0.6695075757575758,0.0737195121951219
3,0,18,COMPAS,0.09,0.6732954545454546,0.106890243902439
4,0,18,COMPAS,0.12,0.6742424242424242,0.1414634146341463
5,0,18,COMPAS,0.15,0.6695075757575758,0.1579878048780488
6,0,18,COMPAS,0.18,0.6609848484848485,0.1796341463414634
7,0,18,COMPAS,0.21,0.6534090909090909,0.2036585365853658
8,0,18,COMPAS,0.24,0.6524621212121212,0.2173780487804877
9,0,18,COMPAS,0.2699999999999999,0.6534090909090909,0.2430487804878048
0,0,19,COMPAS,0.0,0.6515151515151515,0.0280386148726565
1,0,19,COMPAS,0.03,0.6524621212121212,0.0006809221003152
2,0,19,COMPAS,0.06,0.65625,0.0260727268733594
3,0,19,COMPAS,0.09,0.6590909090909091,0.0487298606306216
4,0,19,COMPAS,0.12,0.6581439393939394,0.079645920507836
5,0,19,COMPAS,0.15,0.6609848484848485,0.1133295992443961
6,0,19,COMPAS,0.18,0.6647727272727273,0.1199630984152087
7,0,19,COMPAS,0.21,0.6619318181818182,0.1509011235214655
8,0,19,COMPAS,0.24,0.665719696969697,0.1945240683997232
9,0,19,COMPAS,0.2699999999999999,0.6666666666666666,0.2298551393144652
0,0,20,COMPAS,0.0,0.6723484848484849,0.0040735051487739
1,0,20,COMPAS,0.03,0.6761363636363636,0.0220970586561984
2,0,20,COMPAS,0.06,0.6799242424242424,0.073232064629914
3,0,20,COMPAS,0.09,0.6827651515151515,0.0969334926324173
4,0,20,COMPAS,0.12,0.6875,0.1326506229732036
5,0,20,COMPAS,0.15,0.6960227272727273,0.1761051373954599
6,0,20,COMPAS,0.18,0.6960227272727273,0.2050748136769641
7,0,20,COMPAS,0.21,0.6979166666666666,0.2210957501280082
8,0,20,COMPAS,0.24,0.6950757575757576,0.2457302156226887
9,0,20,COMPAS,0.2699999999999999,0.6988636363636364,0.2617511520737327
0,0,21,COMPAS,0.0,0.6789772727272727,0.0322770306940842
1,0,21,COMPAS,0.03,0.6846590909090909,0.061011276608575
2,0,21,COMPAS,0.06,0.6808712121212122,0.0817855635289151
3,0,21,COMPAS,0.09,0.6856060606060606,0.1165350057287584
4,0,21,COMPAS,0.12,0.6808712121212122,0.1322589398781885
5,0,21,COMPAS,0.15,0.6827651515151515,0.1729331242839052
6,0,21,COMPAS,0.18,0.6856060606060606,0.1935114273653742
7,0,21,COMPAS,0.21,0.6846590909090909,0.220692878248809
8,0,21,COMPAS,0.24,0.6799242424242424,0.2412711813302779
9,0,21,COMPAS,0.2699999999999999,0.6808712121212122,0.2530151359826328
0,0,22,COMPAS,0.0,0.6666666666666666,0.0470712542413239
1,0,22,COMPAS,0.03,0.6676136363636364,0.0769093398416572
2,0,22,COMPAS,0.06,0.6704545454545454,0.1106762307280195
3,0,22,COMPAS,0.09,0.6704545454545454,0.1396660515506875
4,0,22,COMPAS,0.12,0.6676136363636364,0.1648312399547592
5,0,22,COMPAS,0.15,0.6732954545454546,0.1957259360676231
6,0,22,COMPAS,0.18,0.6742424242424242,0.2186588487409965
7,0,22,COMPAS,0.21,0.6742424242424242,0.2304452645990832
8,0,22,COMPAS,0.24,0.6751893939393939,0.2320376212869814
9,0,22,COMPAS,0.2699999999999999,0.6751893939393939,0.2320376212869814
0,0,23,COMPAS,0.0,0.6770833333333334,0.0192361988260643
1,0,23,COMPAS,0.03,0.678030303030303,0.0450999331302474
2,0,23,COMPAS,0.06,0.6789772727272727,0.0802659930158258
3,0,23,COMPAS,0.09,0.678030303030303,0.1181811427297718
4,0,23,COMPAS,0.12,0.6808712121212122,0.1511627906976744
5,0,23,COMPAS,0.15,0.6837121212121212,0.1613344230626347
6,0,23,COMPAS,0.18,0.6827651515151515,0.1943160710305371
7,0,23,COMPAS,0.21,0.6865530303030303,0.2318077123114644
8,0,23,COMPAS,0.24,0.6827651515151515,0.2639200534958021
9,0,23,COMPAS,0.2699999999999999,0.6837121212121212,0.2701686603759566
0,0,24,COMPAS,0.0,0.6609848484848485,0.0507615721821829
1,0,24,COMPAS,0.03,0.6685606060606061,0.0982836763503974
2,0,24,COMPAS,0.06,0.6628787878787878,0.1161601902072962
3,0,24,COMPAS,0.09,0.6666666666666666,0.1389702058102385
4,0,24,COMPAS,0.12,0.6609848484848485,0.1646927706367486
5,0,24,COMPAS,0.15,0.6619318181818182,0.2091611561037224
6,0,24,COMPAS,0.18,0.6581439393939394,0.2469351363399956
7,0,24,COMPAS,0.21,0.6571969696969697,0.2774500334348763
8,0,24,COMPAS,0.24,0.6571969696969697,0.3002600490378185
9,0,24,COMPAS,0.2699999999999999,0.6609848484848485,0.3267107511702207
0,0,25,COMPAS,0.0,0.6714015151515151,0.0188746438746438
1,0,25,COMPAS,0.03,0.6704545454545454,0.0254629629629629
2,0,25,COMPAS,0.06,0.6685606060606061,0.0557336182336182
3,0,25,COMPAS,0.09,0.6685606060606061,0.0938390313390313
4,0,25,COMPAS,0.12,0.6685606060606061,0.1166310541310541
5,0,25,COMPAS,0.15,0.6685606060606061,0.1525997150997151
6,0,25,COMPAS,0.18,0.6628787878787878,0.1914173789173789
7,0,25,COMPAS,0.21,0.6628787878787878,0.2038817663817663
8,0,25,COMPAS,0.24,0.6647727272727273,0.2327279202279201
9,0,25,COMPAS,0.2699999999999999,0.665719696969697,0.2585470085470085
0,0,26,COMPAS,0.0,0.6770833333333334,0.0633222215608071
1,0,26,COMPAS,0.03,0.678030303030303,0.0970891124471695
2,0,26,COMPAS,0.06,0.6808712121212122,0.130111911423299
3,0,26,COMPAS,0.09,0.6761363636363636,0.164622894219894
4,0,26,COMPAS,0.12,0.6808712121212122,0.1929727959997619
5,0,26,COMPAS,0.15,0.6818181818181818,0.2156973629382701
6,0,26,COMPAS,0.18,0.6789772727272727,0.2425590808976724
7,0,26,COMPAS,0.21,0.6827651515151515,0.2730370855408061
8,0,26,COMPAS,0.24,0.6846590909090909,0.2985147925471755
9,0,26,COMPAS,0.2699999999999999,0.6846590909090909,0.2985147925471755
0,0,27,COMPAS,0.0,0.6922348484848485,0.0027403414195867
1,0,27,COMPAS,0.03,0.6988636363636364,0.0327942497753818
2,0,27,COMPAS,0.06,0.6998106060606061,0.0604222821203953
3,0,27,COMPAS,0.09,0.6960227272727273,0.091329739442947
4,0,27,COMPAS,0.12,0.696969696969697,0.1174303683737646
5,0,27,COMPAS,0.15,0.7017045454545454,0.1593441150044923
6,0,27,COMPAS,0.18,0.7073863636363636,0.1893530997304582
7,0,27,COMPAS,0.21,0.7007575757575758,0.2216531895777179
8,0,27,COMPAS,0.24,0.7017045454545454,0.2563791554357592
9,0,27,COMPAS,0.2699999999999999,0.7054924242424242,0.276145552560647
0,0,28,COMPAS,0.0,0.6628787878787878,0.0198186317364825
1,0,28,COMPAS,0.03,0.6666666666666666,0.0421636759672233
2,0,28,COMPAS,0.06,0.6676136363636364,0.0644568583579059
3,0,28,COMPAS,0.09,0.6714015151515151,0.100360069346689
4,0,28,COMPAS,0.12,0.6742424242424242,0.116222383570169
5,0,28,COMPAS,0.15,0.6742424242424242,0.1549113162535006
6,0,28,COMPAS,0.18,0.6818181818181818,0.1836872286514439
7,0,28,COMPAS,0.21,0.6827651515151515,0.209892275549365
8,0,28,COMPAS,0.24,0.6865530303030303,0.2404907611836353
9,0,28,COMPAS,0.2699999999999999,0.6893939393939394,0.2662660956925038
0,0,29,COMPAS,0.0,0.6837121212121212,0.08860932171277
1,0,29,COMPAS,0.03,0.6846590909090909,0.0673664266767715
2,0,29,COMPAS,0.06,0.6846590909090909,0.0396589617279272
3,0,29,COMPAS,0.09,0.6808712121212122,0.0113452065176203
4,0,29,COMPAS,0.12,0.6827651515151515,0.0215915119363395
5,0,29,COMPAS,0.15,0.6856060606060606,0.0409852216748768
6,0,29,COMPAS,0.18,0.6893939393939394,0.0634482758620689
7,0,29,COMPAS,0.21,0.6875,0.0856081849185297
8,0,29,COMPAS,0.24,0.6875,0.1345509662751042
9,0,29,COMPAS,0.2699999999999999,0.6875,0.1794922319060249
0,0,30,COMPAS,0.0,0.6685606060606061,0.0640538693377253
1,0,30,COMPAS,0.03,0.6666666666666666,0.0869326521237381
2,0,30,COMPAS,0.06,0.6732954545454546,0.1358385712525068
3,0,30,COMPAS,0.09,0.678030303030303,0.1516251554569594
4,0,30,COMPAS,0.12,0.6827651515151515,0.1721398720491188
5,0,30,COMPAS,0.15,0.6846590909090909,0.2099873393611419
6,0,30,COMPAS,0.18,0.6884469696969697,0.2533696346341299
7,0,30,COMPAS,0.21,0.6931818181818182,0.2841249033645927
8,0,30,COMPAS,0.24,0.6903409090909091,0.3149025803054239
9,0,30,COMPAS,0.2699999999999999,0.6922348484848485,0.331462247767582
0,0,31,COMPAS,0.0,0.6723484848484849,0.0277777777777777
1,0,31,COMPAS,0.03,0.6732954545454546,0.0575757575757575
2,0,31,COMPAS,0.06,0.6647727272727273,0.0904040404040404
3,0,31,COMPAS,0.09,0.6676136363636364,0.102020202020202
4,0,31,COMPAS,0.12,0.6714015151515151,0.1252525252525252
5,0,31,COMPAS,0.15,0.6799242424242424,0.1419191919191919
6,0,31,COMPAS,0.18,0.678030303030303,0.158080808080808
7,0,31,COMPAS,0.21,0.6770833333333334,0.1848484848484848
8,0,31,COMPAS,0.24,0.678030303030303,0.2207070707070707
9,0,31,COMPAS,0.2699999999999999,0.6827651515151515,0.2626262626262626
0,0,32,COMPAS,0.0,0.6647727272727273,0.0017122325339168
1,0,32,COMPAS,0.03,0.6742424242424242,0.0330794333521916
2,0,32,COMPAS,0.06,0.6704545454545454,0.0679984863414798
3,0,32,COMPAS,0.09,0.6695075757575758,0.0798042734626437
4,0,32,COMPAS,0.12,0.6723484848484849,0.1082528109462988
5,0,32,COMPAS,0.15,0.6732954545454546,0.1287883613147847
6,0,32,COMPAS,0.18,0.6704545454545454,0.153407792344035
7,0,32,COMPAS,0.21,0.6676136363636364,0.1731265665803681
8,0,32,COMPAS,0.24,0.6676136363636364,0.2165206086106187
9,0,32,COMPAS,0.2699999999999999,0.6666666666666666,0.2307767241282413
0,0,33,COMPAS,0.0,0.6666666666666666,0.0428529150636283
1,0,33,COMPAS,0.03,0.665719696969697,0.0639982243267238
2,0,33,COMPAS,0.06,0.6600378787878788,0.0920242675347736
3,0,33,COMPAS,0.09,0.6590909090909091,0.1223438887244746
4,0,33,COMPAS,0.12,0.6628787878787878,0.1478248002367564
5,0,33,COMPAS,0.15,0.6666666666666666,0.1829831311038768
6,0,33,COMPAS,0.18,0.6647727272727273,0.2011541876294761
7,0,33,COMPAS,0.21,0.6666666666666666,0.2181414619709973
8,0,33,COMPAS,0.24,0.6676136363636364,0.2438739271973957
9,0,33,COMPAS,0.2699999999999999,0.6714015151515151,0.2737644273453684
0,0,34,COMPAS,0.0,0.6903409090909091,0.0425040425040425
1,0,34,COMPAS,0.03,0.6903409090909091,0.0649572649572649
2,0,34,COMPAS,0.06,0.6893939393939394,0.0908523908523908
3,0,34,COMPAS,0.09,0.6912878787878788,0.112058212058212
4,0,34,COMPAS,0.12,0.6960227272727273,0.1330099330099329
5,0,34,COMPAS,0.15,0.7007575757575758,0.1792330792330792
6,0,34,COMPAS,0.18,0.7007575757575758,0.2106953106953107
7,0,34,COMPAS,0.21,0.7007575757575758,0.2106953106953107
8,0,34,COMPAS,0.24,0.7007575757575758,0.2106953106953107
9,0,34,COMPAS,0.2699999999999999,0.7007575757575758,0.2106953106953107
0,0,35,COMPAS,0.0,0.665719696969697,0.0176282733659782
1,0,35,COMPAS,0.03,0.6647727272727273,0.0154566744730678
2,0,35,COMPAS,0.06,0.6666666666666666,0.0555673834362359
3,0,35,COMPAS,0.09,0.6742424242424242,0.0838407494145199
4,0,35,COMPAS,0.12,0.6714015151515151,0.1161592505854801
5,0,35,COMPAS,0.15,0.6723484848484849,0.1358739621034703
6,0,35,COMPAS,0.18,0.6714015151515151,0.1689589099425165
7,0,35,COMPAS,0.21,0.6723484848484849,0.1856929955290611
8,0,35,COMPAS,0.24,0.6761363636363636,0.2269107941239089
9,0,35,COMPAS,0.2699999999999999,0.6751893939393939,0.2436448797104534
0,0,36,COMPAS,0.0,0.6619318181818182,0.0344974398619654
1,0,36,COMPAS,0.03,0.6666666666666666,0.0017926568294623
2,0,36,COMPAS,0.06,0.665719696969697,0.025466931083549
3,0,36,COMPAS,0.09,0.665719696969697,0.03808275352089
4,0,36,COMPAS,0.12,0.6676136363636364,0.0767369164061712
5,0,36,COMPAS,0.15,0.6695075757575758,0.0956494459569985
6,0,36,COMPAS,0.18,0.6704545454545454,0.1413958074238401
7,0,36,COMPAS,0.21,0.6638257575757576,0.1816297491400849
8,0,36,COMPAS,0.24,0.6666666666666666,0.2100097475715102
9,0,36,COMPAS,0.2699999999999999,0.6685606060606061,0.2297289726955956
0,0,37,COMPAS,0.0,0.6704545454545454,0.0865836466165413
1,0,37,COMPAS,0.03,0.6685606060606061,0.0415883458646616
2,0,37,COMPAS,0.06,0.6676136363636364,0.0149201127819548
3,0,37,COMPAS,0.09,0.6666666666666666,0.009985902255639
4,0,37,COMPAS,0.12,0.6647727272727273,0.0404135338345864
5,0,37,COMPAS,0.15,0.6638257575757576,0.0626174812030074
6,0,37,COMPAS,0.18,0.6676136363636364,0.0891682330827067
7,0,37,COMPAS,0.21,0.665719696969697,0.1207706766917293
8,0,37,COMPAS,0.24,0.6704545454545454,0.1671757518796992
9,0,37,COMPAS,0.2699999999999999,0.6676136363636364,0.1822133458646616
0,0,38,COMPAS,0.0,0.6439393939393939,0.0047665893271461
1,0,38,COMPAS,0.03,0.6439393939393939,0.0297280742459397
2,0,38,COMPAS,0.06,0.646780303030303,0.0926106728538282
3,0,38,COMPAS,0.09,0.646780303030303,0.1065317865429234
4,0,38,COMPAS,0.12,0.6515151515151515,0.1338134570765661
5,0,38,COMPAS,0.15,0.6524621212121212,0.1628547563805104
6,0,38,COMPAS,0.18,0.6515151515151515,0.1862162412993039
7,0,38,COMPAS,0.21,0.6515151515151515,0.1947767981438515
8,0,38,COMPAS,0.24,0.6590909090909091,0.2278979118329466
9,0,38,COMPAS,0.2699999999999999,0.6600378787878788,0.2387786542923434
0,0,39,COMPAS,0.0,0.6761363636363636,0.0417340521114106
1,0,39,COMPAS,0.03,0.6770833333333334,0.0701707097933513
2,0,39,COMPAS,0.06,0.6827651515151515,0.1121293800539083
3,0,39,COMPAS,0.09,0.6808712121212122,0.1335130278526505
4,0,39,COMPAS,0.12,0.6837121212121212,0.1533243486073675
5,0,39,COMPAS,0.15,0.6856060606060606,0.1730008984725966
6,0,39,COMPAS,0.18,0.6789772727272727,0.2133872416891285
7,0,39,COMPAS,0.21,0.6799242424242424,0.2331087151841869
8,0,39,COMPAS,0.24,0.6818181818181818,0.2789308176100629
9,0,39,COMPAS,0.2699999999999999,0.6818181818181818,0.2789308176100629
0,0,40,COMPAS,0.0,0.6590909090909091,0.0261396966704496
1,0,40,COMPAS,0.03,0.6534090909090909,0.0068905036331746
2,0,40,COMPAS,0.06,0.6581439393939394,0.051955134346397
3,0,40,COMPAS,0.09,0.665719696969697,0.1024511032175335
4,0,40,COMPAS,0.12,0.665719696969697,0.1199168717850457
5,0,40,COMPAS,0.15,0.6685606060606061,0.1487832918183559
6,0,40,COMPAS,0.18,0.6714015151515151,0.1828968119445222
7,0,40,COMPAS,0.21,0.6704545454545454,0.2007236871195484
8,0,40,COMPAS,0.24,0.6704545454545454,0.2266938847701445
9,0,40,COMPAS,0.2699999999999999,0.6685606060606061,0.2578227482423689
0,0,41,COMPAS,0.0,0.6202651515151515,0.0529175050301811
1,0,41,COMPAS,0.03,0.6287878787878788,0.0081824279007377
2,0,41,COMPAS,0.06,0.6297348484848485,0.0239883746926
3,0,41,COMPAS,0.09,0.634469696969697,0.0609881511289961
4,0,41,COMPAS,0.12,0.6410984848484849,0.0861837692823608
5,0,41,COMPAS,0.15,0.6420454545454546,0.1097250167672702
6,0,41,COMPAS,0.18,0.6477272727272727,0.1450033534540576
7,0,41,COMPAS,0.21,0.6496212121212122,0.1717862731947239
8,0,41,COMPAS,0.24,0.6515151515151515,0.2152023250614799
9,0,41,COMPAS,0.2699999999999999,0.6496212121212122,0.2285267158506594
0,0,42,COMPAS,0.0,0.6543560606060606,0.0305958374598488
1,0,42,COMPAS,0.03,0.6609848484848485,0.0060476203028329
2,0,42,COMPAS,0.06,0.6600378787878788,0.0338945394432122
3,0,42,COMPAS,0.09,0.6609848484848485,0.060687078954206
4,0,42,COMPAS,0.12,0.6647727272727273,0.0950975112875104
5,0,42,COMPAS,0.15,0.6714015151515151,0.1333074759281364
6,0,42,COMPAS,0.18,0.6742424242424242,0.1621861808487003
7,0,42,COMPAS,0.21,0.6723484848484849,0.1838009632511043
8,0,42,COMPAS,0.24,0.6732954545454546,0.2233891526929985
9,0,42,COMPAS,0.2699999999999999,0.6704545454545454,0.2683320843955581
0,0,43,COMPAS,0.0,0.6553030303030303,0.0196737901065539
1,0,43,COMPAS,0.03,0.6581439393939394,0.0510000595273528
2,0,43,COMPAS,0.06,0.6638257575757576,0.072132269777963
3,0,43,COMPAS,0.09,0.6666666666666666,0.0972974581820346
4,0,43,COMPAS,0.12,0.6609848484848485,0.1287279004702661
5,0,43,COMPAS,0.15,0.6695075757575758,0.1757693910351807
6,0,43,COMPAS,0.18,0.6714015151515151,0.2002946603964521
7,0,43,COMPAS,0.21,0.6704545454545454,0.2198345139591642
8,0,43,COMPAS,0.24,0.6695075757575758,0.2552979344008572
9,0,43,COMPAS,0.2699999999999999,0.6704545454545454,0.2694207988570749
0,0,44,COMPAS,0.0,0.6486742424242424,0.0505956945405577
1,0,44,COMPAS,0.03,0.6543560606060606,0.075897282435895
2,0,44,COMPAS,0.06,0.6543560606060606,0.1082985766921652
3,0,44,COMPAS,0.09,0.6553030303030303,0.132825855200404
4,0,44,COMPAS,0.12,0.6647727272727273,0.1596760618699385
5,0,44,COMPAS,0.15,0.6609848484848485,0.1825761684777526
6,0,44,COMPAS,0.18,0.6590909090909091,0.209426375147287
7,0,44,COMPAS,0.21,0.6609848484848485,0.229925000467578
8,0,44,COMPAS,0.24,0.6609848484848485,0.229925000467578
9,0,44,COMPAS,0.2699999999999999,0.6609848484848485,0.229925000467578
0,0,45,COMPAS,0.0,0.6543560606060606,0.0070227343506695
1,0,45,COMPAS,0.03,0.6600378787878788,0.0381968234194954
2,0,45,COMPAS,0.06,0.6619318181818182,0.0580971659919028
3,0,45,COMPAS,0.09,0.6638257575757576,0.0903301152289006
4,0,45,COMPAS,0.12,0.6590909090909091,0.1253503581438804
5,0,45,COMPAS,0.15,0.6590909090909091,0.1534724384926814
6,0,45,COMPAS,0.18,0.6600378787878788,0.1907972594207412
7,0,45,COMPAS,0.21,0.6571969696969697,0.2116786047960137
8,0,45,COMPAS,0.24,0.6590909090909091,0.2258175023357209
9,0,45,COMPAS,0.2699999999999999,0.65625,0.2661009031454376
0,0,46,COMPAS,0.0,0.6505681818181818,0.0285431446955948
1,0,46,COMPAS,0.03,0.6571969696969697,0.013446625969312
2,0,46,COMPAS,0.06,0.6600378787878788,0.0189737667051642
3,0,46,COMPAS,0.09,0.6628787878787878,0.0395149315294506
4,0,46,COMPAS,0.12,0.6600378787878788,0.0688005279656822
5,0,46,COMPAS,0.15,0.6590909090909091,0.1069955452895561
6,0,46,COMPAS,0.18,0.6628787878787878,0.1513776604520706
7,0,46,COMPAS,0.21,0.6628787878787878,0.1931199472034317
8,0,46,COMPAS,0.24,0.6676136363636364,0.2286751361161524
9,0,46,COMPAS,0.2699999999999999,0.6723484848484849,0.2421217620854645
0,0,47,COMPAS,0.0,0.6619318181818182,0.0540318821664957
1,0,47,COMPAS,0.03,0.6685606060606061,0.0201771231471986
2,0,47,COMPAS,0.06,0.6704545454545454,0.0027929523631957
3,0,47,COMPAS,0.09,0.6789772727272727,0.0325981169012771
4,0,47,COMPAS,0.12,0.6808712121212122,0.0640999347441036
5,0,47,COMPAS,0.15,0.6856060606060606,0.0988198005034026
6,0,47,COMPAS,0.18,0.6770833333333334,0.1271035704297567
7,0,47,COMPAS,0.21,0.678030303030303,0.1650899599142351
8,0,47,COMPAS,0.24,0.6770833333333334,0.1933737298405891
9,0,47,COMPAS,0.2699999999999999,0.6761363636363636,0.216951617414002
0,0,48,COMPAS,0.0,0.6448863636363636,0.0225339445172944
1,0,48,COMPAS,0.03,0.6496212121212122,0.0011563620698125
2,0,48,COMPAS,0.06,0.6496212121212122,0.0375779883078946
3,0,48,COMPAS,0.09,0.6571969696969697,0.0783832093204294
4,0,48,COMPAS,0.12,0.6571969696969697,0.1231790131621212
5,0,48,COMPAS,0.15,0.6628787878787878,0.1551036757953768
6,0,48,COMPAS,0.18,0.665719696969697,0.2190928226193489
7,0,48,COMPAS,0.21,0.665719696969697,0.2332563684940462
8,0,48,COMPAS,0.24,0.6666666666666666,0.2357013562691073
9,0,48,COMPAS,0.2699999999999999,0.6666666666666666,0.2357013562691073
0,0,49,COMPAS,0.0,0.6647727272727273,0.0138698732067384
1,0,49,COMPAS,0.03,0.665719696969697,0.0176647419489255
2,0,49,COMPAS,0.06,0.6628787878787878,0.0465503899041609
3,0,49,COMPAS,0.09,0.6619318181818182,0.0749002916840288
4,0,49,COMPAS,0.12,0.6666666666666666,0.1039942853741294
5,0,49,COMPAS,0.15,0.6714015151515151,0.1416899815465206
6,0,49,COMPAS,0.18,0.6685606060606061,0.1631347103994285
7,0,49,COMPAS,0.21,0.6714015151515151,0.1952050717304601
8,0,49,COMPAS,0.24,0.6714015151515151,0.2241948925531282
9,0,49,COMPAS,0.2699999999999999,0.6676136363636364,0.2447913566283708
