,Unnamed: 0,seed,dataset,level,acc,disparity
0,0,0,Lawschool,0.05,0.794001932633904,0.0708388467562217
0,0,0,Lawschool,0.15,0.7943125345113197,0.0704186102980094
0,0,0,Lawschool,0.25,0.7941054665930425,0.0675856029520282
0,0,0,Lawschool,0.35,0.7944850911098841,0.0669998527572474
0,0,0,Lawschool,0.45,0.7948992269464384,0.0659294548977543
0,0,0,Lawschool,0.55,0.7949337382661513,0.0588132963805701
0,0,0,Lawschool,0.65,0.7953478741027057,0.0519217306338819
0,0,0,Lawschool,0.75,0.7952098288238543,0.05296807110235
0,0,0,Lawschool,0.8500000000000001,0.7951062948647156,0.047873074503646
0,0,0,Lawschool,0.95,0.7948302043070127,0.0451090965109656
0,0,1,Lawschool,0.05,0.7888942573163997,0.0724269658130425
0,0,1,Lawschool,0.15,0.7888942573163997,0.0661424414716393
0,0,1,Lawschool,0.25,0.7886871893981225,0.0688452851652374
0,0,1,Lawschool,0.35,0.7879279403644396,0.094699712154421
0,0,1,Lawschool,0.45,0.788583655438984,0.0734313596707532
0,0,1,Lawschool,0.55,0.7892393705135284,0.0790954108226309
0,0,1,Lawschool,0.65,0.7890668139149641,0.076021954160523
0,0,1,Lawschool,0.75,0.7872377139701823,0.1008966681841133
0,0,1,Lawschool,0.8500000000000001,0.7864094422970734,0.0853654530880737
0,0,1,Lawschool,0.95,0.787272225289895,0.0739747921694824
0,0,2,Lawschool,0.05,0.7886871893981225,0.0722009861480945
0,0,2,Lawschool,0.15,0.7886181667586969,0.0705921022463867
0,0,2,Lawschool,0.25,0.788342076200994,0.0671092425284023
0,0,2,Lawschool,0.35,0.7858227498619548,0.0920778542412699
0,0,2,Lawschool,0.45,0.7853395913859746,0.0922737969913076
0,0,2,Lawschool,0.55,0.7865819988956377,0.0941967063803498
0,0,2,Lawschool,0.65,0.7861678630590834,0.0740598111249313
0,0,2,Lawschool,0.75,0.7829928216454998,0.111930897638151
0,0,2,Lawschool,0.8500000000000001,0.7833034235229155,0.0988091902616742
0,0,2,Lawschool,0.95,0.7836140254003313,0.1073909644393908
0,0,3,Lawschool,0.05,0.7878244064053009,0.0786609687871482
0,0,3,Lawschool,0.15,0.7879624516841524,0.0783253876747621
0,0,3,Lawschool,0.25,0.7873412479293208,0.0773044065784869
0,0,3,Lawschool,0.35,0.7884456101601325,0.0708126710331265
0,0,3,Lawschool,0.45,0.7882040309221424,0.0742651907523045
0,0,3,Lawschool,0.55,0.7878244064053009,0.0609534161625421
0,0,3,Lawschool,0.65,0.7878244064053009,0.0530350670433563
0,0,3,Lawschool,0.75,0.7874102705687466,0.0520673110500154
0,0,3,Lawschool,0.8500000000000001,0.7879969630038652,0.0701746156567298
0,0,3,Lawschool,0.95,0.7878934290447267,0.0710905847742776
0,0,4,Lawschool,0.05,0.7895844837106571,0.0787711651298725
0,0,4,Lawschool,0.15,0.790378244064053,0.0766367833447867
0,0,4,Lawschool,0.25,0.78986057426836,0.0730459825082998
0,0,4,Lawschool,0.35,0.7886181667586969,0.0991917303671464
0,0,4,Lawschool,0.45,0.7890323025952513,0.0913727882302234
0,0,4,Lawschool,0.55,0.790895913859746,0.0649768356012236
0,0,4,Lawschool,0.65,0.7901366648260629,0.0643615679283968
0,0,4,Lawschool,0.75,0.7889977912755384,0.0824060872718947
0,0,4,Lawschool,0.8500000000000001,0.7891358365543898,0.0772753822362129
0,0,4,Lawschool,0.95,0.7902747101049145,0.0566533598082924
0,0,5,Lawschool,0.05,0.787030646051905,0.0815332681042812
0,0,5,Lawschool,0.15,0.7871686913307565,0.0774593188763258
0,0,5,Lawschool,0.25,0.7875138045278851,0.0766776522063018
0,0,5,Lawschool,0.35,0.7864094422970734,0.0947306796140584
0,0,5,Lawschool,0.45,0.7860988404196576,0.0896052855200543
0,0,5,Lawschool,0.55,0.7875138045278851,0.0651101571940936
0,0,5,Lawschool,0.65,0.7875138045278851,0.0706332396882478
0,0,5,Lawschool,0.75,0.7866855328547764,0.089434006774932
0,0,5,Lawschool,0.8500000000000001,0.7867890668139149,0.0936939482341466
0,0,5,Lawschool,0.95,0.7856501932633904,0.0631867598628692
0,0,6,Lawschool,0.05,0.7862368856985091,0.0725247882498195
0,0,6,Lawschool,0.15,0.786271397018222,0.0682394267984744
0,0,6,Lawschool,0.25,0.7867890668139149,0.0653773321392618
0,0,6,Lawschool,0.35,0.7845458310325787,0.0859759608570412
0,0,6,Lawschool,0.45,0.7851670347874102,0.0917034362308211
0,0,6,Lawschool,0.55,0.7853050800662618,0.0800862277188337
0,0,6,Lawschool,0.65,0.7848564329099945,0.0668062020802354
0,0,6,Lawschool,0.75,0.783441468801767,0.0904195895070842
0,0,6,Lawschool,0.8500000000000001,0.7835450027609056,0.0836744185831088
0,0,6,Lawschool,0.95,0.7843387631143015,0.0885965729823998
0,0,7,Lawschool,0.05,0.7916206515737162,0.0825911102064259
0,0,7,Lawschool,0.15,0.7917932081722805,0.0807891055825206
0,0,7,Lawschool,0.25,0.7922073440088349,0.0789858216207683
0,0,7,Lawschool,0.35,0.7914480949751519,0.0752132828198487
0,0,7,Lawschool,0.45,0.7920347874102706,0.0748822694234397
0,0,7,Lawschool,0.55,0.7917241855328547,0.0597457813911262
0,0,7,Lawschool,0.65,0.7917241855328547,0.0606139673214464
0,0,7,Lawschool,0.75,0.7925179458862507,0.0623475091199469
0,0,7,Lawschool,0.8500000000000001,0.7920347874102706,0.0602401546436251
0,0,7,Lawschool,0.95,0.7919657647708448,0.0279657749687343
0,0,8,Lawschool,0.05,0.7907923799006074,0.080673563231601
0,0,8,Lawschool,0.15,0.7907233572611817,0.0794970429779096
0,0,8,Lawschool,0.25,0.7915516289342904,0.0704746259839633
0,0,8,Lawschool,0.35,0.7873757592490337,0.0988943357042171
0,0,8,Lawschool,0.45,0.7874792932081722,0.096749263499219
0,0,8,Lawschool,0.55,0.7878589177250138,0.089090466735505
0,0,8,Lawschool,0.65,0.7879624516841524,0.0794637130028406
0,0,8,Lawschool,0.75,0.7851325234676974,0.0972425716945513
0,0,8,Lawschool,0.8500000000000001,0.7853050800662618,0.0824096580550123
0,0,8,Lawschool,0.95,0.7857192159028161,0.0732087656489608
0,0,9,Lawschool,0.05,0.791413583655439,0.0817131305020559
0,0,9,Lawschool,0.15,0.7911029817780232,0.0852185157843439
0,0,9,Lawschool,0.25,0.791689674213142,0.0791635139611135
0,0,9,Lawschool,0.35,0.7911374930977361,0.0798790076648101
0,0,9,Lawschool,0.45,0.7913100496963004,0.0773608149327651
0,0,9,Lawschool,0.55,0.790895913859746,0.0753917379114049
0,0,9,Lawschool,0.65,0.7908268912203202,0.0703072605248284
0,0,9,Lawschool,0.75,0.7911374930977361,0.0674061067455919
0,0,9,Lawschool,0.8500000000000001,0.7912410270568746,0.0700876233514808
0,0,9,Lawschool,0.95,0.7907923799006074,0.0428121343213824
0,0,10,Lawschool,0.05,0.7908268912203202,0.0810956550026873
0,0,10,Lawschool,0.15,0.7904127553837659,0.0745945056849974
0,0,10,Lawschool,0.25,0.7909304251794589,0.0724631231041514
0,0,10,Lawschool,0.35,0.7881350082827168,0.0950889252090665
0,0,10,Lawschool,0.45,0.7889632799558255,0.0932617115778004
0,0,10,Lawschool,0.55,0.7888252346769741,0.0831146024962232
0,0,10,Lawschool,0.65,0.7890323025952513,0.071466926677629
0,0,10,Lawschool,0.75,0.7867545554942021,0.0923316189457147
0,0,10,Lawschool,0.8500000000000001,0.7866855328547764,0.0818056701407733
0,0,10,Lawschool,0.95,0.7876863611264495,0.0473893857284149
0,0,11,Lawschool,0.05,0.7896880176697957,0.0792197021536474
0,0,11,Lawschool,0.15,0.7897570403092214,0.0725756681539279
0,0,11,Lawschool,0.25,0.7899641082274986,0.0696701323623498
0,0,11,Lawschool,0.35,0.7898260629486472,0.0691105593757299
0,0,11,Lawschool,0.45,0.7898950855880729,0.0624894723103258
0,0,11,Lawschool,0.55,0.7903437327443401,0.0450023552425069
0,0,11,Lawschool,0.65,0.7893429044726671,0.0462385714432634
0,0,11,Lawschool,0.75,0.7882040309221424,0.0259852846421979
0,0,11,Lawschool,0.8500000000000001,0.7878589177250138,0.0412589653770134
0,0,11,Lawschool,0.95,0.7881004969630039,0.0176963083681711
0,0,12,Lawschool,0.05,0.7861333517393705,0.087070889008385
0,0,12,Lawschool,0.15,0.7865129762562121,0.0823516738083306
0,0,12,Lawschool,0.25,0.7863059083379348,0.0786946453688545
0,0,12,Lawschool,0.35,0.7862023743787963,0.0734802796704718
0,0,12,Lawschool,0.45,0.7851670347874102,0.072724816499302
0,0,12,Lawschool,0.55,0.7868235781336278,0.0679413422658941
0,0,12,Lawschool,0.65,0.7868580894533407,0.06043511216744
0,0,12,Lawschool,0.75,0.7853741027056874,0.0626923598315015
0,0,12,Lawschool,0.8500000000000001,0.7856847045831032,0.0507678281769852
0,0,12,Lawschool,0.95,0.7852705687465489,0.0581834936343772
0,0,13,Lawschool,0.05,0.7896189950303699,0.0846813931830881
0,0,13,Lawschool,0.15,0.7895499723909443,0.078191795453804
0,0,13,Lawschool,0.25,0.7896535063500828,0.071286637589328
0,0,13,Lawschool,0.35,0.7889977912755384,0.0739839713530357
0,0,13,Lawschool,0.45,0.7893083931529542,0.0657220030931784
0,0,13,Lawschool,0.55,0.7897915516289343,0.0623086523683187
0,0,13,Lawschool,0.65,0.7900331308669244,0.045762213136912
0,0,13,Lawschool,0.75,0.7903092214246272,0.054719174519011
0,0,13,Lawschool,0.8500000000000001,0.7905162893429045,0.0455493720214696
0,0,13,Lawschool,0.95,0.7905853119823302,0.0306695373919536
0,0,14,Lawschool,0.05,0.7904472667034788,0.0733012343253623
0,0,14,Lawschool,0.15,0.78986057426836,0.0705589503370213
0,0,14,Lawschool,0.25,0.7909304251794589,0.0624406033938157
0,0,14,Lawschool,0.35,0.79010215350635,0.0465505642175878
0,0,14,Lawschool,0.45,0.7899295969077857,0.0379449422835088
0,0,14,Lawschool,0.55,0.7902401987852016,0.056715963624767
0,0,14,Lawschool,0.65,0.7899295969077857,0.0567811321281424
0,0,14,Lawschool,0.75,0.7904127553837659,0.0457403866739432
0,0,14,Lawschool,0.8500000000000001,0.7900331308669244,0.0378120153515593
0,0,14,Lawschool,0.95,0.7896535063500828,0.0586476449688406
0,0,15,Lawschool,0.05,0.790378244064053,0.0832494251052317
0,0,15,Lawschool,0.15,0.7903437327443401,0.0806476120716699
0,0,15,Lawschool,0.25,0.7907578685808946,0.0763033104270845
0,0,15,Lawschool,0.35,0.7907233572611817,0.0527031116239279
0,0,15,Lawschool,0.45,0.7906888459414688,0.0524674474453874
0,0,15,Lawschool,0.55,0.790378244064053,0.0365167779060728
0,0,15,Lawschool,0.65,0.7902056874654887,0.0327001384751286
0,0,15,Lawschool,0.75,0.7892393705135284,0.0179981236793615
0,0,15,Lawschool,0.8500000000000001,0.7884801214798454,0.0010397601995926
0,0,15,Lawschool,0.95,0.788065985643291,0.025887966224375
0,0,16,Lawschool,0.05,0.7894809497515185,0.0754860345099275
0,0,16,Lawschool,0.15,0.7892738818332413,0.0751449604903881
0,0,16,Lawschool,0.25,0.7892738818332413,0.0679465234134417
0,0,16,Lawschool,0.35,0.7891703478741027,0.0399544102510816
0,0,16,Lawschool,0.45,0.7888252346769741,0.0380852473763742
0,0,16,Lawschool,0.55,0.7895499723909443,0.0571904855944095
0,0,16,Lawschool,0.65,0.7889632799558255,0.0474274754060649
0,0,16,Lawschool,0.75,0.7881004969630039,0.0320476239112874
0,0,16,Lawschool,0.8500000000000001,0.7886871893981225,0.0205198628130501
0,0,16,Lawschool,0.95,0.7880314743235781,0.0002201625815987
0,0,17,Lawschool,0.05,0.7917586968525676,0.0725237403248253
0,0,17,Lawschool,0.15,0.7914826062948647,0.0701861176526086
0,0,17,Lawschool,0.25,0.7917932081722805,0.0643236648326935
0,0,17,Lawschool,0.35,0.7913790723357261,0.064364823024661
0,0,17,Lawschool,0.45,0.7911374930977361,0.0571892202726015
0,0,17,Lawschool,0.55,0.7911029817780232,0.058128988931866
0,0,17,Lawschool,0.65,0.7906543346217559,0.0417558418053937
0,0,17,Lawschool,0.75,0.7905853119823302,0.0580678931672539
0,0,17,Lawschool,0.8500000000000001,0.7904817780231916,0.0435359663165009
0,0,17,Lawschool,0.95,0.7906543346217559,0.0172435207541493
0,0,18,Lawschool,0.05,0.7878589177250138,0.0886177002526367
0,0,18,Lawschool,0.15,0.7874792932081722,0.0813661682131775
0,0,18,Lawschool,0.25,0.7872032026504694,0.084486576371657
0,0,18,Lawschool,0.35,0.7876173384870238,0.0834157584454984
0,0,18,Lawschool,0.45,0.7874792932081722,0.0848272633548871
0,0,18,Lawschool,0.55,0.787789895085588,0.0766404841710513
0,0,18,Lawschool,0.65,0.7883075648812811,0.0768648476602545
0,0,18,Lawschool,0.75,0.787548315847598,0.0796921002662905
0,0,18,Lawschool,0.8500000000000001,0.7875828271673109,0.073341753923795
0,0,18,Lawschool,0.95,0.7879969630038652,0.0115852889533214
0,0,19,Lawschool,0.05,0.7907923799006074,0.0750306402234208
0,0,19,Lawschool,0.15,0.7908268912203202,0.0695155140881378
0,0,19,Lawschool,0.25,0.7906198233020431,0.0714564340831798
0,0,19,Lawschool,0.35,0.7906543346217559,0.0507339505822079
0,0,19,Lawschool,0.45,0.7900676421866372,0.0520990789857846
0,0,19,Lawschool,0.55,0.7905853119823302,0.0698662873755364
0,0,19,Lawschool,0.65,0.7902747101049145,0.0558604491951982
0,0,19,Lawschool,0.75,0.7909994478188846,0.0599836175645381
0,0,19,Lawschool,0.8500000000000001,0.7912410270568746,0.0418468245431504
0,0,19,Lawschool,0.95,0.7914826062948647,0.0427025511504596
0,0,20,Lawschool,0.05,0.7892393705135284,0.0773229020680439
0,0,20,Lawschool,0.15,0.7887907233572612,0.0733120017751688
0,0,20,Lawschool,0.25,0.7890323025952513,0.0711452529294825
0,0,20,Lawschool,0.35,0.7891358365543898,0.0478130747969464
0,0,20,Lawschool,0.45,0.788859745996687,0.0453077218361951
0,0,20,Lawschool,0.55,0.7888252346769741,0.0644577422155991
0,0,20,Lawschool,0.65,0.7889632799558255,0.0593873003943717
0,0,20,Lawschool,0.75,0.7886181667586969,0.0293170691127594
0,0,20,Lawschool,0.8500000000000001,0.7886871893981225,0.0261676907015979
0,0,20,Lawschool,0.95,0.7889977912755384,0.0122906612740456
0,0,21,Lawschool,0.05,0.7899641082274986,0.0793675254056942
0,0,21,Lawschool,0.15,0.7890323025952513,0.0750759474343879
0,0,21,Lawschool,0.25,0.7898260629486472,0.0790908107115937
0,0,21,Lawschool,0.35,0.7905162893429045,0.0548167238907031
0,0,21,Lawschool,0.45,0.7918622308117063,0.0553094925558341
0,0,21,Lawschool,0.55,0.7920002760905577,0.0542665644719353
0,0,21,Lawschool,0.65,0.7919657647708448,0.0466259300213863
0,0,21,Lawschool,0.75,0.7908614025400331,0.0246184215981656
0,0,21,Lawschool,0.8500000000000001,0.7917932081722805,0.0354133025131062
0,0,21,Lawschool,0.95,0.7915516289342904,0.0466616762617279
0,0,22,Lawschool,0.05,0.7904127553837659,0.0695657711378479
0,0,22,Lawschool,0.15,0.7906543346217559,0.0681122309084521
0,0,22,Lawschool,0.25,0.7907923799006074,0.0668172508785936
0,0,22,Lawschool,0.35,0.7905508006626173,0.0617843850514348
0,0,22,Lawschool,0.45,0.7903092214246272,0.0580616251803498
0,0,22,Lawschool,0.55,0.788583655438984,0.0759068991213845
0,0,22,Lawschool,0.65,0.7889287686361126,0.0839548691382282
0,0,22,Lawschool,0.75,0.7881004969630039,0.0720699327085595
0,0,22,Lawschool,0.8500000000000001,0.788859745996687,0.0723104961446807
0,0,22,Lawschool,0.95,0.7892048591938156,0.0687409805991452
0,0,23,Lawschool,0.05,0.7901711761457758,0.0699826953157929
0,0,23,Lawschool,0.15,0.7904472667034788,0.0749906992766974
0,0,23,Lawschool,0.25,0.7906198233020431,0.0700654316684513
0,0,23,Lawschool,0.35,0.7905508006626173,0.0617958239413797
0,0,23,Lawschool,0.45,0.7905508006626173,0.0546904880380907
0,0,23,Lawschool,0.55,0.78986057426836,0.0417356742267389
0,0,23,Lawschool,0.65,0.7894464384318056,0.0341726423566518
0,0,23,Lawschool,0.75,0.7886526780784097,0.0279056370768674
0,0,23,Lawschool,0.8500000000000001,0.7879279403644396,0.0296605983358799
0,0,23,Lawschool,0.95,0.7880314743235781,0.0270895951702709
0,0,24,Lawschool,0.05,0.7881695196024296,0.0742362452371932
0,0,24,Lawschool,0.15,0.7882730535615682,0.0713479208411857
0,0,24,Lawschool,0.25,0.7882040309221424,0.0714290018624875
0,0,24,Lawschool,0.35,0.7868235781336278,0.0895387043404165
0,0,24,Lawschool,0.45,0.7868235781336278,0.0846409240795514
0,0,24,Lawschool,0.55,0.7873067366096079,0.0853861181920157
0,0,24,Lawschool,0.65,0.7865819988956377,0.0798725033766035
0,0,24,Lawschool,0.75,0.7845113197128658,0.1032767435621529
0,0,24,Lawschool,0.8500000000000001,0.7846838763114301,0.0950249634967735
0,0,24,Lawschool,0.95,0.7843387631143015,0.0877463699917879
0,0,25,Lawschool,0.05,0.7871341800110436,0.08110957956588
0,0,25,Lawschool,0.15,0.7872032026504694,0.0782443193831605
0,0,25,Lawschool,0.25,0.7865129762562121,0.0734444585765434
0,0,25,Lawschool,0.35,0.7853395913859746,0.0958108467618186
0,0,25,Lawschool,0.45,0.7850635008282717,0.0984912744351512
0,0,25,Lawschool,0.55,0.7867890668139149,0.0785151159057443
0,0,25,Lawschool,0.65,0.7867200441744893,0.0729303151535801
0,0,25,Lawschool,0.75,0.7846838763114301,0.087250031591584
0,0,25,Lawschool,0.8500000000000001,0.7846838763114301,0.0912485668330282
0,0,25,Lawschool,0.95,0.784718387631143,0.0728263055420982
0,0,26,Lawschool,0.05,0.7866510215350635,0.0895670723593317
0,0,26,Lawschool,0.15,0.7862368856985091,0.0817845252996104
0,0,26,Lawschool,0.25,0.7861678630590834,0.0818212838801742
0,0,26,Lawschool,0.35,0.7859953064605191,0.0797068395625277
0,0,26,Lawschool,0.45,0.786271397018222,0.0803721733009703
0,0,26,Lawschool,0.55,0.7854776366648261,0.0531063244735929
0,0,26,Lawschool,0.65,0.7853395913859746,0.0519503536487349
0,0,26,Lawschool,0.75,0.7856501932633904,0.0326710054295132
0,0,26,Lawschool,0.8500000000000001,0.7854776366648261,0.0414069683080444
0,0,26,Lawschool,0.95,0.784959966869133,0.0211267493078324
0,0,27,Lawschool,0.05,0.7887217007178354,0.0770791311371979
0,0,27,Lawschool,0.15,0.7886526780784097,0.0766616786567211
0,0,27,Lawschool,0.25,0.7884801214798454,0.0761712504344803
0,0,27,Lawschool,0.35,0.7880314743235781,0.077565015602331
0,0,27,Lawschool,0.45,0.7873412479293208,0.0665456746353693
0,0,27,Lawschool,0.55,0.7877208724461623,0.0660033685138652
0,0,27,Lawschool,0.65,0.7875828271673109,0.0660455686520143
0,0,27,Lawschool,0.75,0.7874447818884595,0.0579582902980526
0,0,27,Lawschool,0.8500000000000001,0.7878589177250138,0.0628450304389088
0,0,27,Lawschool,0.95,0.7871686913307565,0.0661116859769773
0,0,28,Lawschool,0.05,0.7898260629486472,0.0779214496195628
0,0,28,Lawschool,0.15,0.7897225289895086,0.0742018947920522
0,0,28,Lawschool,0.25,0.7896880176697957,0.0723329068206383
0,0,28,Lawschool,0.35,0.7896189950303699,0.0658352625379841
0,0,28,Lawschool,0.45,0.7892048591938156,0.0567663554204822
0,0,28,Lawschool,0.55,0.7897225289895086,0.0606524473020129
0,0,28,Lawschool,0.65,0.7899641082274986,0.062752939866382
0,0,28,Lawschool,0.75,0.7895499723909443,0.0660813904712349
0,0,28,Lawschool,0.8500000000000001,0.790378244064053,0.0531955294358143
0,0,28,Lawschool,0.95,0.7900331308669244,0.0261457073106602
0,0,29,Lawschool,0.05,0.7903092214246272,0.0778223767037342
0,0,29,Lawschool,0.15,0.7904472667034788,0.0740016177653897
0,0,29,Lawschool,0.25,0.791172004417449,0.0815611976236614
0,0,29,Lawschool,0.35,0.7902747101049145,0.0803551621757964
0,0,29,Lawschool,0.45,0.7906543346217559,0.0633121799730039
0,0,29,Lawschool,0.55,0.7907578685808946,0.0630509644252516
0,0,29,Lawschool,0.65,0.7902056874654887,0.0576262567689329
0,0,29,Lawschool,0.75,0.7900676421866372,0.0547061072009627
0,0,29,Lawschool,0.8500000000000001,0.7893429044726671,0.0494593020610517
0,0,29,Lawschool,0.95,0.7894809497515185,0.0453684507515126
0,0,30,Lawschool,0.05,0.7887217007178354,0.093123234903823
0,0,30,Lawschool,0.15,0.7886181667586969,0.0911692657572743
0,0,30,Lawschool,0.25,0.7892048591938156,0.086202943778255
0,0,30,Lawschool,0.35,0.7884801214798454,0.0574973684631139
0,0,30,Lawschool,0.45,0.7886181667586969,0.0568871034434038
0,0,30,Lawschool,0.55,0.7881695196024296,0.0736308678958879
0,0,30,Lawschool,0.65,0.7879969630038652,0.0566043315025476
0,0,30,Lawschool,0.75,0.7882730535615682,0.0453584677627223
0,0,30,Lawschool,0.8500000000000001,0.788065985643291,0.0421845172925539
0,0,30,Lawschool,0.95,0.787789895085588,0.0199076886455252
0,0,31,Lawschool,0.05,0.7885146327995582,0.0707617650205205
0,0,31,Lawschool,0.15,0.7891358365543898,0.0715280767311046
0,0,31,Lawschool,0.25,0.7894809497515185,0.0671716432065744
0,0,31,Lawschool,0.35,0.7886526780784097,0.0730077579770831
0,0,31,Lawschool,0.45,0.788859745996687,0.0651066690392866
0,0,31,Lawschool,0.55,0.7873067366096079,0.0787013920131043
0,0,31,Lawschool,0.65,0.7872032026504694,0.0851912826252856
0,0,31,Lawschool,0.75,0.7876518498067366,0.0659790289957596
0,0,31,Lawschool,0.8500000000000001,0.7876173384870238,0.076297596509928
0,0,31,Lawschool,0.95,0.7879624516841524,0.0642539414166777
0,0,32,Lawschool,0.05,0.7878589177250138,0.0709447325042411
0,0,32,Lawschool,0.15,0.7884801214798454,0.0650338971797841
0,0,32,Lawschool,0.25,0.7884801214798454,0.0656833007918765
0,0,32,Lawschool,0.35,0.788342076200994,0.0686915621821957
0,0,32,Lawschool,0.45,0.788342076200994,0.05738927226118
0,0,32,Lawschool,0.55,0.788583655438984,0.0630117966615305
0,0,32,Lawschool,0.65,0.7882040309221424,0.049159752104016
0,0,32,Lawschool,0.75,0.7888942573163997,0.0511993886001617
0,0,32,Lawschool,0.8500000000000001,0.7890668139149641,0.0560328286624413
0,0,32,Lawschool,0.95,0.788342076200994,0.0372198532829456
0,0,33,Lawschool,0.05,0.7963141910546659,0.0744936596721427
0,0,33,Lawschool,0.15,0.7955549420209829,0.0701019921821826
0,0,33,Lawschool,0.25,0.7962451684152402,0.0728122095165833
0,0,33,Lawschool,0.35,0.7948647156267256,0.0507556088649295
0,0,33,Lawschool,0.45,0.7951062948647156,0.0428399147687689
0,0,33,Lawschool,0.55,0.7949682495858642,0.0376447966344163
0,0,33,Lawschool,0.65,0.7944160684704583,0.0260100623148431
0,0,33,Lawschool,0.75,0.7922763666482606,0.0148363390031045
0,0,33,Lawschool,0.8500000000000001,0.792690502484815,0.0154509166591151
0,0,33,Lawschool,0.95,0.7922418553285477,0.0126947592067988
0,0,34,Lawschool,0.05,0.7892738818332413,0.0784850546805338
0,0,34,Lawschool,0.15,0.7899986195472115,0.0769313118451734
0,0,34,Lawschool,0.25,0.7892048591938156,0.0708620915767558
0,0,34,Lawschool,0.35,0.788065985643291,0.0918328763349985
0,0,34,Lawschool,0.45,0.7885146327995582,0.0922116807293957
0,0,34,Lawschool,0.55,0.7882040309221424,0.084674217010308
0,0,34,Lawschool,0.65,0.7882385422418553,0.0818152707262708
0,0,34,Lawschool,0.75,0.7854086140254003,0.0928363451617386
0,0,34,Lawschool,0.8500000000000001,0.7856501932633904,0.0784660231810816
0,0,34,Lawschool,0.95,0.784959966869133,0.0663736108090061
0,0,35,Lawschool,0.05,0.7942090005521811,0.0713971550502553
0,0,35,Lawschool,0.15,0.7939674213141911,0.0690478428577193
0,0,35,Lawschool,0.25,0.7947611816675869,0.0673000268330594
0,0,35,Lawschool,0.35,0.7918277194919934,0.0835777393303892
0,0,35,Lawschool,0.45,0.792414411927112,0.0784132336814492
0,0,35,Lawschool,0.55,0.7930356156819437,0.060816637311023
0,0,35,Lawschool,0.65,0.7931391496410822,0.0636130646085548
0,0,35,Lawschool,0.75,0.7902056874654887,0.0868796014216806
0,0,35,Lawschool,0.8500000000000001,0.7903092214246272,0.0946415661699746
0,0,35,Lawschool,0.95,0.7908614025400331,0.1231144563095129
0,0,36,Lawschool,0.05,0.7894809497515185,0.0750683867531841
0,0,36,Lawschool,0.15,0.7890323025952513,0.0728217157060454
0,0,36,Lawschool,0.25,0.7886181667586969,0.0716448737048035
0,0,36,Lawschool,0.35,0.7879279403644396,0.0446588359650935
0,0,36,Lawschool,0.45,0.7875828271673109,0.0320646067949926
0,0,36,Lawschool,0.55,0.7879624516841524,0.0358932165246394
0,0,36,Lawschool,0.65,0.7868926007730536,0.0217598451281277
0,0,36,Lawschool,0.75,0.7840971838763114,0.0096994930222617
0,0,36,Lawschool,0.8500000000000001,0.7837865819988956,0.0089537679919854
0,0,36,Lawschool,0.95,0.7832689122032026,0.0054911138740583
0,0,37,Lawschool,0.05,0.7898260629486472,0.0846710918493142
0,0,37,Lawschool,0.15,0.7896189950303699,0.0805267089827298
0,0,37,Lawschool,0.25,0.790378244064053,0.078937105312868
0,0,37,Lawschool,0.35,0.7913445610160132,0.0566394962155761
0,0,37,Lawschool,0.45,0.7911374930977361,0.0471638713989702
0,0,37,Lawschool,0.55,0.7901711761457758,0.0691460074884707
0,0,37,Lawschool,0.65,0.7903092214246272,0.0619403748718361
0,0,37,Lawschool,0.75,0.7917586968525676,0.0407446186458928
0,0,37,Lawschool,0.8500000000000001,0.7912410270568746,0.035286097133301
0,0,37,Lawschool,0.95,0.791413583655439,0.0394133165532236
0,0,38,Lawschool,0.05,0.7879624516841524,0.0739222382558614
0,0,38,Lawschool,0.15,0.7877553837658752,0.0684713031071648
0,0,38,Lawschool,0.25,0.7879624516841524,0.0626404002195336
0,0,38,Lawschool,0.35,0.7881350082827168,0.0669254193043687
0,0,38,Lawschool,0.45,0.7891358365543898,0.0592668354014364
0,0,38,Lawschool,0.55,0.7874792932081722,0.0721273612346859
0,0,38,Lawschool,0.65,0.7877553837658752,0.0565171584701541
0,0,38,Lawschool,0.75,0.7876518498067366,0.0631205556586054
0,0,38,Lawschool,0.8500000000000001,0.7873757592490337,0.0432006365014009
0,0,38,Lawschool,0.95,0.7881004969630039,0.0328108898743503
0,0,39,Lawschool,0.05,0.7881350082827168,0.0763486923217152
0,0,39,Lawschool,0.15,0.7876173384870238,0.0769332689915942
0,0,39,Lawschool,0.25,0.787789895085588,0.0772490393795585
0,0,39,Lawschool,0.35,0.7876863611264495,0.0697128111502998
0,0,39,Lawschool,0.45,0.788342076200994,0.0675356723272604
0,0,39,Lawschool,0.55,0.788583655438984,0.0696406986820408
0,0,39,Lawschool,0.65,0.7878934290447267,0.0688891055823463
0,0,39,Lawschool,0.75,0.7881004969630039,0.0744240146937173
0,0,39,Lawschool,0.8500000000000001,0.7882385422418553,0.075630011385061
0,0,39,Lawschool,0.95,0.7890323025952513,0.0515862431128041
0,0,40,Lawschool,0.05,0.7907233572611817,0.0705669584652635
0,0,40,Lawschool,0.15,0.7907923799006074,0.0642463546409398
0,0,40,Lawschool,0.25,0.7906888459414688,0.0581954642989343
0,0,40,Lawschool,0.35,0.7913100496963004,0.0604081347886367
0,0,40,Lawschool,0.45,0.7909994478188846,0.0539543159847032
0,0,40,Lawschool,0.55,0.790378244064053,0.0541082950722367
0,0,40,Lawschool,0.65,0.7902056874654887,0.0525184694895267
0,0,40,Lawschool,0.75,0.79010215350635,0.0501844199450698
0,0,40,Lawschool,0.8500000000000001,0.7898950855880729,0.0391054298337578
0,0,40,Lawschool,0.95,0.7898950855880729,0.0586079823018518
0,0,41,Lawschool,0.05,0.7908268912203202,0.0790889306375083
0,0,41,Lawschool,0.15,0.790895913859746,0.0778298556681538
0,0,41,Lawschool,0.25,0.7906543346217559,0.0732186684669895
0,0,41,Lawschool,0.35,0.7915171176145775,0.0666622616453077
0,0,41,Lawschool,0.45,0.7914826062948647,0.0701645984433509
0,0,41,Lawschool,0.55,0.7910684704583103,0.0623198463189305
0,0,41,Lawschool,0.65,0.7911029817780232,0.0656485638684453
0,0,41,Lawschool,0.75,0.791689674213142,0.0590905845392231
0,0,41,Lawschool,0.8500000000000001,0.7910339591385974,0.0710395622425594
0,0,41,Lawschool,0.95,0.7911374930977361,0.0590693275708055
0,0,42,Lawschool,0.05,0.7894119271120927,0.0723119640708944
0,0,42,Lawschool,0.15,0.7895154610712314,0.071871775143711
0,0,42,Lawschool,0.25,0.7900331308669244,0.068039701317474
0,0,42,Lawschool,0.35,0.7891358365543898,0.0726660331997173
0,0,42,Lawschool,0.45,0.7891358365543898,0.0685346009025131
0,0,42,Lawschool,0.55,0.7893083931529542,0.0546634655213539
0,0,42,Lawschool,0.65,0.7896535063500828,0.0517805438806716
0,0,42,Lawschool,0.75,0.7891358365543898,0.0612846304177508
0,0,42,Lawschool,0.8500000000000001,0.7895844837106571,0.0355946620275811
0,0,42,Lawschool,0.95,0.7896535063500828,0.03587157743023
0,0,43,Lawschool,0.05,0.7923453892876864,0.0813547116501725
0,0,43,Lawschool,0.15,0.7923799006073993,0.0774829802194693
0,0,43,Lawschool,0.25,0.7921728326891221,0.0775033706583524
0,0,43,Lawschool,0.35,0.7907578685808946,0.0994751513327716
0,0,43,Lawschool,0.45,0.7905162893429045,0.0954819443533786
0,0,43,Lawschool,0.55,0.7927940364439536,0.0792039687202597
0,0,43,Lawschool,0.65,0.7922418553285477,0.0699342740502899
0,0,43,Lawschool,0.75,0.7909994478188846,0.0794602587116532
0,0,43,Lawschool,0.8500000000000001,0.7912755383765875,0.0613826814365823
0,0,43,Lawschool,0.95,0.7911374930977361,0.0586086404364636
0,0,44,Lawschool,0.05,0.7917241855328547,0.0806742290422428
0,0,44,Lawschool,0.15,0.7918967421314191,0.078661346471482
0,0,44,Lawschool,0.25,0.7914480949751519,0.0720278904105206
0,0,44,Lawschool,0.35,0.790378244064053,0.0451745870396682
0,0,44,Lawschool,0.45,0.7897570403092214,0.045826146523528
0,0,44,Lawschool,0.55,0.7902747101049145,0.0429591274539091
0,0,44,Lawschool,0.65,0.7903437327443401,0.0409412510354379
0,0,44,Lawschool,0.75,0.7883075648812811,0.0247719562105914
0,0,44,Lawschool,0.8500000000000001,0.788583655438984,0.0083329478899867
0,0,44,Lawschool,0.95,0.7881350082827168,0.0073022652063904
0,0,45,Lawschool,0.05,0.7888252346769741,0.078303237733808
0,0,45,Lawschool,0.15,0.7894464384318056,0.080187868768023
0,0,45,Lawschool,0.25,0.7895499723909443,0.0796479407602337
0,0,45,Lawschool,0.35,0.7894119271120927,0.074540919788878
0,0,45,Lawschool,0.45,0.7897225289895086,0.0731705843476888
0,0,45,Lawschool,0.55,0.7897570403092214,0.0734607149271111
0,0,45,Lawschool,0.65,0.7896535063500828,0.0678693734967697
0,0,45,Lawschool,0.75,0.7899295969077857,0.0785854693124437
0,0,45,Lawschool,0.8500000000000001,0.7892393705135284,0.0842991498199286
0,0,45,Lawschool,0.95,0.7897915516289343,0.046346736462217
0,0,46,Lawschool,0.05,0.788859745996687,0.0877889177295391
0,0,46,Lawschool,0.15,0.7882385422418553,0.0870522085650339
0,0,46,Lawschool,0.25,0.7886871893981225,0.0821409612567208
0,0,46,Lawschool,0.35,0.7883765875207068,0.0850713848996227
0,0,46,Lawschool,0.45,0.7879969630038652,0.0785619257582208
0,0,46,Lawschool,0.55,0.7888252346769741,0.0704707800150336
0,0,46,Lawschool,0.65,0.7881004969630039,0.0630991668818056
0,0,46,Lawschool,0.75,0.7883075648812811,0.0572054143473327
0,0,46,Lawschool,0.8500000000000001,0.7883075648812811,0.0539759252970315
0,0,46,Lawschool,0.95,0.7883075648812811,0.0402404142224879
0,0,47,Lawschool,0.05,0.7865819988956377,0.0843763860092602
0,0,47,Lawschool,0.15,0.7867890668139149,0.0810594902206487
0,0,47,Lawschool,0.25,0.7863749309773606,0.0796365157751878
0,0,47,Lawschool,0.35,0.7863059083379348,0.0718239971431289
0,0,47,Lawschool,0.45,0.7857882385422419,0.0756294445756624
0,0,47,Lawschool,0.55,0.7870996686913307,0.0678199565505512
0,0,47,Lawschool,0.65,0.7875828271673109,0.0785072352972989
0,0,47,Lawschool,0.75,0.7865819988956377,0.0706099417416312
0,0,47,Lawschool,0.8500000000000001,0.7868926007730536,0.0701856570411644
0,0,47,Lawschool,0.95,0.7874447818884595,0.0476505727306318
0,0,48,Lawschool,0.05,0.7892393705135284,0.0665051429808218
0,0,48,Lawschool,0.15,0.7891358365543898,0.0599897096182911
0,0,48,Lawschool,0.25,0.7887562120375483,0.052734758864539
0,0,48,Lawschool,0.35,0.788583655438984,0.0879578187620368
0,0,48,Lawschool,0.45,0.7888942573163997,0.0764821517124658
0,0,48,Lawschool,0.55,0.7888252346769741,0.0696532124556239
0,0,48,Lawschool,0.65,0.7891703478741027,0.0653484377459001
0,0,48,Lawschool,0.75,0.7864784649364992,0.0851158171487554
0,0,48,Lawschool,0.8500000000000001,0.787548315847598,0.0834448240051776
0,0,48,Lawschool,0.95,0.7876518498067366,0.0680098723886717
0,0,49,Lawschool,0.05,0.7878934290447267,0.0862447876884317
0,0,49,Lawschool,0.15,0.7878934290447267,0.0824282992347466
0,0,49,Lawschool,0.25,0.7875828271673109,0.0800034309209579
0,0,49,Lawschool,0.35,0.7886526780784097,0.0738105389074447
0,0,49,Lawschool,0.45,0.7887562120375483,0.0666621805931212
0,0,49,Lawschool,0.55,0.7883075648812811,0.0677902495383923
0,0,49,Lawschool,0.65,0.7882040309221424,0.070969777248525
0,0,49,Lawschool,0.75,0.7883075648812811,0.0594408080510916
0,0,49,Lawschool,0.8500000000000001,0.7878589177250138,0.0653510271405008
0,0,49,Lawschool,0.95,0.7884110988404197,0.0342333524967603
